0	500	0	0
1	274	0	0
2	249	0	0
3	248	0	0
4	240	0	0
5	253	0	0
6	247	0	0
7	251	0	0
8	250	0	0
9	264	0	0
10	256	0	0
11	232	0	0
12	251	0	0
13	249	0	0
14	247	0	0
15	237	0	0
16	243	0	0
17	263	0	0
18	246	0	0
19	274	0	0
20	263	0	0
21	247	0	0
22	238	0	0
23	259	0	0
24	242	0	0
25	248	0	0
26	258	0	0
27	267	0	0
28	251	0	0
29	264	0	0
30	265	0	0
31	232	0	0
32	246	0	0
33	256	0	0
34	244	0	0
35	248	0	0
36	265	0	0
37	254	0	0
38	245	0	0
39	243	0	0
40	249	0	0
41	252	0	0
42	258	0	0
43	249	0	0
44	254	0	0
45	236	0	0
46	256	0	0
47	219	0	0
48	260	0	0
49	257	0	0
50	245	0	0
51	268	0	0
52	244	0	0
53	266	0	0
54	242	0	0
55	263	0	0
56	238	0	0
57	237	0	0
58	243	0	0
59	276	0	0
60	250	0	0
61	262	0	0
62	264	0	0
63	236	0	0
64	238	0	0
65	262	0	0
66	254	0	0
67	246	0	0
68	255	0	0
69	247	0	0
70	250	0	0
71	253	0	0
72	247	0	0
73	249	0	0
74	242	0	0
75	246	0	0
76	246	0	0
77	251	0	0
78	250	0	0
79	251	0	0
80	241	0	0
81	262	0	0
82	248	0	0
83	245	0	0
84	239	0	0
85	256	0	0
86	247	0	0
87	259	0	0
88	251	0	0
89	254	0	0
90	250	0	0
91	259	0	0
92	261	0	0
93	252	0	0
94	255	0	0
95	247	0	0
96	259	0	0
97	250	0	0
98	262	0	0
99	264	0	0
100	246	0	0
101	248	0	0
102	245	0	0
103	266	0	0
104	258	0	0
105	251	0	0
106	248	0	0
107	258	0	0
108	249	0	0
109	243	0	0
110	283	0	0
111	256	0	0
112	267	0	0
113	237	0	0
114	269	0	0
115	270	0	0
116	258	0	0
117	239	0	0
118	251	0	0
119	251	0	0
120	244	0	0
121	242	0	0
122	239	0	0
123	236	0	0
124	251	0	0
125	248	0	0
126	246	0	0
127	259	0	0
128	245	0	0
129	254	0	0
130	248	0	0
131	249	0	0
132	239	0	0
133	244	0	0
134	256	0	0
135	229	0	0
136	259	0	0
137	258	0	0
138	246	0	0
139	261	0	0
140	238	0	0
141	235	0	0
142	238	0	0
143	236	0	0
144	247	0	0
145	264	0	0
146	237	0	0
147	238	0	0
148	241	0	0
149	260	0	0
150	260	0	0
151	248	0	0
152	251	0	0
153	268	0	0
154	268	0	0
155	255	0	0
156	251	0	0
157	264	0	0
158	260	0	0
159	245	0	0
160	224	0	0
161	256	0	0
162	246	0	0
163	238	0	0
164	278	0	0
165	250	0	0
166	241	0	0
167	258	0	0
168	224	0	0
169	254	0	0
170	237	0	0
171	257	0	0
172	267	0	0
173	253	0	0
174	259	0	0
175	249	0	0
176	265	0	0
177	250	0	0
178	258	0	0
179	247	0	0
180	257	0	0
181	253	0	0
182	251	0	0
183	253	0	0
184	247	0	0
185	275	0	0
186	237	0	0
187	260	0	0
188	246	0	0
189	249	0	0
190	255	0	0
191	264	0	0
192	276	0	0
193	260	0	0
194	232	0	0
195	254	0	0
196	268	0	0
197	260	0	0
198	251	0	0
199	253	0	0
200	241	5	0
201	263	68	0
202	253	4	0
203	264	0	0
204	237	0	0
205	249	0	0
206	242	0	0
207	256	0	0
208	231	0	0
209	256	0	0
210	227	0	0
211	259	0	0
212	255	0	0
213	254	0	0
214	255	0	0
215	240	0	0
216	257	0	0
217	245	0	0
218	261	0	0
219	265	0	0
220	236	0	0
221	259	0	0
222	253	0	0
223	229	0	0
224	262	0	0
225	250	0	0
226	233	0	0
227	248	0	0
228	255	0	0
229	255	0	0
230	231	0	0
231	250	0	0
232	227	0	0
233	258	0	0
234	271	0	0
235	246	0	0
236	248	0	0
237	246	0	0
238	257	0	0
239	245	0	0
240	246	0	0
241	236	0	0
242	256	0	0
243	243	0	0
244	229	0	0
245	240	0	0
246	256	0	0
247	236	0	0
248	248	0	0
249	248	0	0
250	246	0	0
251	264	0	0
252	257	0	0
253	257	0	0
254	262	0	0
255	244	0	0
256	257	0	0
257	241	0	0
258	258	0	0
259	262	0	0
260	258	0	0
261	259	0	0
262	243	0	0
263	252	0	0
264	247	0	0
265	262	0	0
266	282	0	0
267	249	0	0
268	255	0	0
269	241	0	0
270	255	0	0
271	223	0	0
272	257	0	0
273	251	0	0
274	237	0	0
275	264	0	0
276	255	0	0
277	245	0	0
278	240	0	0
279	237	0	0
280	259	0	0
281	251	0	0
282	263	0	0
283	261	0	0
284	279	0	0
285	239	0	0
286	254	0	0
287	256	0	0
288	251	0	0
289	239	0	0
290	252	0	0
291	218	0	0
292	254	0	0
293	238	0	0
294	247	0	0
295	262	0	0
296	248	0	0
297	255	0	0
298	252	0	0
299	257	0	0
300	267	0	0
301	254	0	0
302	260	0	0
303	240	0	0
304	245	0	0
305	268	0	0
306	244	0	0
307	242	0	0
308	251	0	0
309	241	0	0
310	267	0	0
311	259	0	0
312	242	0	0
313	245	0	0
314	244	0	0
315	258	0	0
316	262	0	0
317	246	0	0
318	239	0	0
319	236	0	0
320	256	0	0
321	260	0	0
322	254	0	0
323	240	0	0
324	247	0	0
325	243	0	0
326	242	0	0
327	222	0	0
328	246	0	0
329	250	0	0
330	266	0	0
331	250	0	0
332	269	0	0
333	267	0	0
334	253	0	0
335	248	0	0
336	246	0	0
337	238	0	0
338	244	0	0
339	253	0	0
340	246	0	0
341	263	0	0
342	249	0	0
343	232	0	0
344	238	0	0
345	273	0	0
346	279	0	0
347	274	0	0
348	256	0	0
349	245	0	0
350	238	0	0
351	244	0	0
352	226	0	0
353	245	0	0
354	255	0	0
355	259	0	0
356	251	0	0
357	248	0	0
358	264	0	0
359	240	0	0
360	253	0	0
361	268	0	0
362	248	0	0
363	265	0	0
364	258	0	0
365	251	0	0
366	257	0	0
367	269	0	0
368	245	0	0
369	247	0	0
370	264	0	0
371	249	0	0
372	251	0	0
373	249	0	0
374	260	0	0
375	248	0	0
376	277	0	0
377	236	0	0
378	267	0	0
379	248	0	0
380	229	0	0
381	253	0	0
382	255	0	0
383	237	0	0
384	242	0	0
385	247	0	0
386	239	0	0
387	257	0	0
388	240	0	0
389	251	0	0
390	257	0	0
391	246	0	0
392	236	0	0
393	220	0	0
394	252	0	0
395	248	0	0
396	257	0	0
397	224	0	0
398	258	0	0
399	235	0	0
400	252	1	0
401	273	48	0
402	246	2	0
403	233	0	0
404	249	0	0
405	262	0	0
406	255	0	0
407	257	0	0
408	247	0	0
409	245	0	0
410	255	0	0
411	234	0	0
412	259	0	0
413	243	0	0
414	252	0	0
415	253	0	0
416	258	0	0
417	231	0	0
418	231	0	0
419	247	0	0
420	241	0	0
421	231	0	0
422	242	0	0
423	240	0	0
424	252	0	0
425	248	0	0
426	240	0	0
427	253	0	0
428	231	0	0
429	246	0	0
430	239	0	0
431	250	0	0
432	264	0	0
433	250	0	0
434	241	0	0
435	221	0	0
436	256	0	0
437	258	0	0
438	253	0	0
439	250	0	0
440	264	0	0
441	266	0	0
442	240	0	0
443	252	0	0
444	236	0	0
445	244	0	0
446	250	0	0
447	264	0	0
448	240	0	0
449	243	0	0
450	247	0	0
451	264	0	0
452	243	0	0
453	255	0	0
454	256	0	0
455	249	0	0
456	264	0	0
457	273	0	0
458	256	0	0
459	266	0	0
460	236	0	0
461	243	0	0
462	255	0	0
463	269	0	0
464	247	0	0
465	258	0	0
466	263	0	0
467	239	0	0
468	269	0	0
469	261	0	0
470	261	0	0
471	255	0	0
472	240	0	0
473	237	0	0
474	240	0	0
475	237	0	0
476	247	0	0
477	244	0	0
478	251	0	0
479	231	0	0
480	242	0	0
481	258	0	0
482	249	0	0
483	263	0	0
484	248	0	0
485	247	0	0
486	265	0	0
487	244	0	0
488	241	0	0
489	253	0	0
490	255	0	0
491	229	0	0
492	263	0	0
493	240	0	0
494	257	0	0
495	237	0	0
496	234	0	0
497	248	0	0
498	263	0	0
499	226	0	0
500	236	0	0
501	251	0	0
502	247	0	0
503	251	0	0
504	246	0	0
505	235	0	0
506	267	0	0
507	237	0	0
508	245	0	0
509	259	0	0
510	242	0	0
511	263	0	0
512	255	0	0
513	243	0	0
514	242	0	0
515	224	0	0
516	232	0	0
517	252	0	0
518	236	0	0
519	247	0	0
520	252	0	0
521	264	0	0
522	243	0	0
523	245	0	0
524	252	0	0
525	267	0	0
526	264	0	0
527	258	0	0
528	243	0	0
529	253	0	0
530	246	0	0
531	260	0	0
532	240	0	0
533	249	0	0
534	255	0	0
535	245	0	0
536	230	0	0
537	241	0	0
538	254	0	0
539	247	0	0
540	244	0	0
541	248	0	0
542	236	0	0
543	253	0	0
544	235	0	0
545	247	0	0
546	239	0	0
547	258	0	0
548	270	0	0
549	244	0	0
550	256	0	0
551	246	0	0
552	252	0	0
553	266	0	0
554	235	0	0
555	252	0	0
556	254	0	0
557	247	0	0
558	226	0	0
559	267	0	0
560	271	0	0
561	249	0	0
562	240	0	0
563	256	0	0
564	235	0	0
565	247	0	0
566	255	0	0
567	255	0	0
568	246	0	0
569	264	0	0
570	251	0	0
571	251	0	0
572	263	0	0
573	247	0	0
574	264	0	0
575	247	0	0
576	236	0	0
577	252	0	0
578	263	0	0
579	236	0	0
580	259	0	0
581	257	0	0
582	226	0	0
583	243	0	0
584	252	0	0
585	253	0	0
586	253	0	0
587	233	0	0
588	263	0	0
589	257	0	0
590	255	0	0
591	243	0	0
592	255	0	0
593	242	0	0
594	251	0	0
595	241	0	0
596	241	0	0
597	253	0	0
598	250	0	0
599	264	0	0
600	268	0	0
601	261	84	0
602	228	0	0
603	252	0	0
604	264	0	0
605	266	0	0
606	254	0	0
607	254	0	0
608	254	0	0
609	250	0	0
610	255	0	0
611	246	0	0
612	263	0	0
613	244	0	0
614	259	0	0
615	251	0	0
616	259	0	0
617	269	0	0
618	243	0	0
619	254	0	0
620	252	0	0
621	231	0	0
622	233	0	0
623	235	0	0
624	254	0	0
625	247	0	0
626	246	0	0
627	253	0	0
628	246	0	0
629	240	0	0
630	259	0	0
631	242	0	0
632	251	0	0
633	261	0	0
634	239	0	0
635	258	0	0
636	253	0	0
637	247	0	0
638	265	0	0
639	273	0	0
640	282	0	0
641	238	0	0
642	242	0	0
643	247	0	0
644	243	0	0
645	245	0	0
646	249	0	0
647	246	0	0
648	241	0	0
649	264	0	0
650	237	0	0
651	262	0	0
652	262	0	0
653	258	0	0
654	254	0	0
655	260	0	0
656	218	0	0
657	251	0	0
658	249	0	0
659	267	0	0
660	244	0	0
661	249	0	0
662	263	0	0
663	257	0	0
664	241	0	0
665	270	0	0
666	268	0	0
667	256	0	0
668	240	0	0
669	237	0	0
670	241	0	0
671	246	0	0
672	253	0	0
673	261	0	0
674	219	0	0
675	276	0	0
676	234	0	0
677	250	0	0
678	244	0	0
679	255	0	0
680	255	0	0
681	267	0	0
682	243	0	0
683	246	0	0
684	250	0	0
685	244	0	0
686	252	0	0
687	246	0	0
688	275	0	0
689	272	0	0
690	234	0	0
691	255	0	0
692	246	0	0
693	245	0	0
694	255	0	0
695	253	0	0
696	251	0	0
697	237	0	0
698	240	0	0
699	246	0	0
700	247	0	0
701	243	0	0
702	236	0	0
703	240	0	0
704	256	0	0
705	239	0	0
706	230	0	0
707	253	0	0
708	267	0	0
709	260	0	0
710	257	0	0
711	253	0	0
712	255	0	0
713	236	0	0
714	249	0	0
715	230	0	0
716	240	0	0
717	267	0	0
718	256	0	0
719	258	0	0
720	244	0	0
721	260	0	0
722	253	0	0
723	258	0	0
724	239	0	0
725	238	0	0
726	228	0	0
727	255	0	0
728	244	0	0
729	261	0	0
730	236	0	0
731	242	0	0
732	252	0	0
733	270	0	0
734	251	0	0
735	242	0	0
736	269	0	0
737	243	0	0
738	242	0	0
739	232	0	0
740	267	0	0
741	249	0	0
742	242	0	0
743	250	0	0
744	252	0	0
745	249	0	0
746	250	0	0
747	246	0	0
748	243	0	0
749	243	0	0
750	267	0	0
751	245	0	0
752	241	0	0
753	240	0	0
754	237	0	0
755	242	0	0
756	250	0	0
757	269	0	0
758	243	0	0
759	224	0	0
760	249	0	0
761	246	0	0
762	252	0	0
763	246	0	0
764	250	0	0
765	232	0	0
766	252	0	0
767	261	0	0
768	244	0	0
769	238	0	0
770	256	0	0
771	242	0	0
772	251	0	0
773	238	0	0
774	249	0	0
775	258	0	0
776	241	0	0
777	248	0	0
778	273	0	0
779	239	0	0
780	250	0	0
781	246	0	0
782	263	0	0
783	253	0	0
784	235	0	0
785	256	0	0
786	254	0	0
787	246	0	0
788	246	0	0
789	251	0	0
790	220	0	0
791	233	0	0
792	257	0	0
793	249	0	0
794	229	0	0
795	254	0	0
796	249	0	0
797	260	0	0
798	256	0	0
799	238	0	0
800	242	4	0
801	261	68	0
802	254	0	0
803	258	0	0
804	251	0	0
805	233	0	0
806	237	0	0
807	273	0	0
808	253	0	0
809	250	0	0
810	262	0	0
811	244	0	0
812	261	0	0
813	244	0	0
814	233	0	0
815	258	0	0
816	260	0	0
817	265	0	0
818	245	0	0
819	248	0	0
820	259	0	0
821	262	0	0
822	262	0	0
823	244	0	0
824	231	0	0
825	242	0	0
826	260	0	0
827	237	0	0
828	245	0	0
829	253	0	0
830	258	0	0
831	250	0	0
832	246	0	0
833	241	0	0
834	241	0	0
835	267	0	0
836	254	0	0
837	261	0	0
838	262	0	0
839	261	0	0
840	246	0	0
841	274	0	0
842	238	0	0
843	246	0	0
844	249	0	0
845	258	0	0
846	253	0	0
847	252	0	0
848	236	0	0
849	248	0	0
850	244	0	0
851	248	0	0
852	256	0	0
853	275	0	0
854	256	0	0
855	265	0	0
856	253	0	0
857	273	0	0
858	252	0	0
859	263	0	0
860	254	0	0
861	227	0	0
862	257	0	0
863	242	0	0
864	250	0	0
865	264	0	0
866	245	0	0
867	252	0	0
868	265	0	0
869	258	0	0
870	265	0	0
871	245	0	0
872	253	0	0
873	244	0	0
874	254	0	0
875	268	0	0
876	253	0	0
877	242	0	0
878	255	0	0
879	250	0	0
880	240	0	0
881	232	0	0
882	250	0	0
883	245	0	0
884	268	0	0
885	253	0	0
886	247	0	0
887	256	0	0
888	240	0	0
889	245	0	0
890	251	0	0
891	235	0	0
892	262	0	0
893	254	0	0
894	251	0	0
895	253	0	0
896	271	0	0
897	243	0	0
898	250	0	0
899	244	0	0
900	250	0	0
901	247	0	0
902	237	0	0
903	238	0	0
904	263	0	0
905	243	0	0
906	235	0	0
907	233	0	0
908	259	0	0
909	259	0	0
910	258	0	0
911	240	0	0
912	258	0	0
913	255	0	0
914	254	0	0
915	255	0	0
916	257	0	0
917	275	0	0
918	258	0	0
919	230	0	0
920	266	0	0
921	260	0	0
922	233	0	0
923	250	0	0
924	279	0	0
925	246	0	0
926	247	0	0
927	252	0	0
928	254	0	0
929	242	0	0
930	246	0	0
931	239	0	0
932	249	0	0
933	251	0	0
934	250	0	0
935	238	0	0
936	243	0	0
937	252	0	0
938	250	0	0
939	253	0	0
940	256	0	0
941	263	0	0
942	260	0	0
943	250	0	0
944	258	0	0
945	250	0	0
946	251	0	0
947	232	0	0
948	240	0	0
949	262	0	0
950	241	0	0
951	268	0	0
952	266	0	0
953	271	0	0
954	248	0	0
955	240	0	0
956	266	0	0
957	226	0	0
958	250	0	0
959	242	0	0
960	244	0	0
961	264	0	0
962	247	0	0
963	239	0	0
964	235	0	0
965	253	0	0
966	258	0	0
967	250	0	0
968	262	0	0
969	259	0	0
970	228	0	0
971	254	0	0
972	266	0	0
973	246	0	0
974	244	0	0
975	274	0	0
976	256	0	0
977	234	0	0
978	266	0	0
979	237	0	0
980	243	0	0
981	249	0	0
982	262	0	0
983	258	0	0
984	248	0	0
985	242	0	0
986	241	0	0
987	262	0	0
988	257	0	0
989	265	0	0
990	254	0	0
991	238	0	0
992	239	0	0
993	243	0	0
994	260	0	0
995	248	0	0
996	249	0	0
997	251	0	0
998	263	0	0
999	263	0	0
