0	500	0	0
1	250	0	0
2	250	0	0
3	251	0	0
4	251	0	0
5	234	0	0
6	243	0	0
7	238	0	0
8	248	0	0
9	244	0	0
10	241	0	0
11	260	0	0
12	208	0	0
13	263	0	0
14	259	0	0
15	243	0	0
16	257	0	0
17	253	0	0
18	240	0	0
19	252	0	0
20	227	0	0
21	246	0	0
22	245	0	0
23	237	0	0
24	264	0	0
25	227	0	0
26	215	0	0
27	237	0	0
28	259	0	0
29	250	0	0
30	259	0	0
31	244	0	0
32	242	0	0
33	252	0	0
34	244	0	0
35	246	0	0
36	246	0	0
37	226	0	0
38	236	0	0
39	243	0	0
40	260	0	0
41	260	0	0
42	249	0	0
43	230	0	0
44	258	0	0
45	236	0	0
46	227	0	0
47	262	0	0
48	245	0	0
49	280	0	0
50	247	0	0
51	228	0	0
52	254	0	0
53	245	0	0
54	246	0	0
55	276	0	0
56	256	0	0
57	231	0	0
58	220	0	0
59	259	0	0
60	242	0	0
61	252	0	0
62	254	0	0
63	244	0	0
64	269	0	0
65	260	0	0
66	267	0	0
67	268	0	0
68	276	0	0
69	274	0	0
70	257	0	0
71	244	0	0
72	215	0	0
73	279	0	0
74	256	0	0
75	245	0	0
76	247	0	0
77	236	0	0
78	239	0	0
79	254	0	0
80	254	0	0
81	237	0	0
82	243	0	0
83	239	0	0
84	241	0	0
85	252	0	0
86	256	0	0
87	249	0	0
88	255	0	0
89	226	0	0
90	237	0	0
91	244	0	0
92	237	0	0
93	250	0	0
94	234	0	0
95	247	0	0
96	244	0	0
97	248	0	0
98	257	0	0
99	238	0	0
100	227	0	0
101	245	0	0
102	245	0	0
103	247	0	0
104	246	0	0
105	241	0	0
106	256	0	0
107	248	0	0
108	254	0	0
109	245	0	0
110	253	0	0
111	267	0	0
112	263	0	0
113	258	0	0
114	248	0	0
115	260	0	0
116	249	0	0
117	240	0	0
118	241	0	0
119	239	0	0
120	236	0	0
121	252	0	0
122	260	0	0
123	235	0	0
124	247	0	0
125	252	0	0
126	266	0	0
127	242	0	0
128	267	0	0
129	257	0	0
130	264	0	0
131	255	0	0
132	258	0	0
133	266	0	0
134	246	0	0
135	249	0	0
136	252	0	0
137	252	0	0
138	254	0	0
139	231	0	0
140	250	0	0
141	253	0	0
142	257	0	0
143	251	0	0
144	249	0	0
145	242	0	0
146	233	0	0
147	245	0	0
148	251	0	0
149	260	0	0
150	246	0	0
151	259	0	0
152	251	0	0
153	254	0	0
154	239	0	0
155	264	0	0
156	255	0	0
157	253	0	0
158	240	0	0
159	255	0	0
160	247	0	0
161	242	0	0
162	250	0	0
163	266	0	0
164	234	0	0
165	252	0	0
166	237	0	0
167	262	0	0
168	258	0	0
169	252	0	0
170	258	0	0
171	249	0	0
172	244	0	0
173	260	0	0
174	288	0	0
175	243	0	0
176	240	0	0
177	234	0	0
178	244	0	0
179	259	0	0
180	244	0	0
181	239	0	0
182	240	0	0
183	264	0	0
184	253	0	0
185	241	0	0
186	257	0	0
187	255	0	0
188	254	0	0
189	261	0	0
190	248	0	0
191	255	0	0
192	228	0	0
193	267	0	0
194	239	0	0
195	236	0	0
196	248	0	0
197	276	0	0
198	258	0	0
199	266	0	0
200	252	3	0
201	277	49	0
202	248	0	0
203	253	0	0
204	236	0	0
205	260	0	0
206	257	0	0
207	244	0	0
208	245	0	0
209	251	0	0
210	253	0	0
211	247	0	0
212	227	0	0
213	259	0	0
214	249	0	0
215	229	0	0
216	236	0	0
217	267	0	0
218	250	0	0
219	248	0	0
220	277	0	0
221	251	0	0
222	243	0	0
223	249	0	0
224	250	0	0
225	245	0	0
226	247	0	0
227	249	0	0
228	248	0	0
229	224	0	0
230	277	0	0
231	238	0	0
232	234	0	0
233	242	0	0
234	256	0	0
235	272	0	0
236	251	0	0
237	230	0	0
238	241	0	0
239	260	0	0
240	255	0	0
241	253	0	0
242	247	0	0
243	245	0	0
244	257	0	0
245	254	0	0
246	241	0	0
247	243	0	0
248	255	0	0
249	257	0	0
250	239	0	0
251	261	0	0
252	255	0	0
253	227	0	0
254	257	0	0
255	264	0	0
256	251	0	0
257	251	0	0
258	240	0	0
259	261	0	0
260	245	0	0
261	245	0	0
262	255	0	0
263	248	0	0
264	236	0	0
265	254	0	0
266	254	0	0
267	256	0	0
268	230	0	0
269	249	0	0
270	257	0	0
271	257	0	0
272	241	0	0
273	242	0	0
274	251	0	0
275	259	0	0
276	253	0	0
277	259	0	0
278	248	0	0
279	259	0	0
280	264	0	0
281	251	0	0
282	244	0	0
283	246	0	0
284	225	0	0
285	251	0	0
286	245	0	0
287	257	0	0
288	243	0	0
289	267	0	0
290	276	0	0
291	237	0	0
292	251	0	0
293	256	0	0
294	261	0	0
295	243	0	0
296	250	0	0
297	249	0	0
298	247	0	0
299	235	0	0
300	245	0	0
301	249	0	0
302	245	0	0
303	263	0	0
304	254	0	0
305	254	0	0
306	251	0	0
307	240	0	0
308	244	0	0
309	233	0	0
310	264	0	0
311	255	0	0
312	245	0	0
313	251	0	0
314	245	0	0
315	265	0	0
316	223	0	0
317	256	0	0
318	268	0	0
319	246	0	0
320	240	0	0
321	256	0	0
322	230	0	0
323	255	0	0
324	270	0	0
325	245	0	0
326	249	0	0
327	255	0	0
328	262	0	0
329	245	0	0
330	234	0	0
331	259	0	0
332	242	0	0
333	244	0	0
334	255	0	0
335	231	0	0
336	243	0	0
337	234	0	0
338	251	0	0
339	238	0	0
340	268	0	0
341	258	0	0
342	237	0	0
343	242	0	0
344	252	0	0
345	262	0	0
346	244	0	0
347	245	0	0
348	245	0	0
349	269	0	0
350	257	0	0
351	235	0	0
352	236	0	0
353	243	0	0
354	245	0	0
355	260	0	0
356	252	0	0
357	272	0	0
358	256	0	0
359	256	0	0
360	258	0	0
361	235	0	0
362	261	0	0
363	248	0	0
364	237	0	0
365	247	0	0
366	242	0	0
367	222	0	0
368	247	0	0
369	251	0	0
370	243	0	0
371	245	0	0
372	247	0	0
373	239	0	0
374	241	0	0
375	266	0	0
376	234	0	0
377	266	0	0
378	264	0	0
379	264	0	0
380	246	0	0
381	270	0	0
382	242	0	0
383	247	0	0
384	271	0	0
385	254	0	0
386	258	0	0
387	272	0	0
388	271	0	0
389	265	0	0
390	272	0	0
391	262	0	0
392	246	0	0
393	255	0	0
394	259	0	0
395	243	0	0
396	250	0	0
397	245	0	0
398	253	0	0
399	246	0	0
400	237	2	0
401	274	21	0
402	238	0	0
403	232	0	0
404	262	0	0
405	249	0	0
406	245	0	0
407	256	0	0
408	243	0	0
409	257	0	0
410	225	0	0
411	258	0	0
412	258	0	0
413	256	0	0
414	247	0	0
415	240	0	0
416	251	0	0
417	246	0	0
418	250	0	0
419	240	0	0
420	240	0	0
421	237	0	0
422	273	0	0
423	250	0	0
424	234	0	0
425	244	0	0
426	260	0	0
427	239	0	0
428	243	0	0
429	248	0	0
430	248	0	0
431	272	0	0
432	249	0	0
433	252	0	0
434	252	0	0
435	250	0	0
436	255	0	0
437	228	0	0
438	229	0	0
439	247	0	0
440	251	0	0
441	239	0	0
442	256	0	0
443	241	0	0
444	253	0	0
445	264	0	0
446	244	0	0
447	257	0	0
448	252	0	0
449	255	0	0
450	248	0	0
451	229	0	0
452	256	0	0
453	245	0	0
454	242	0	0
455	244	0	0
456	246	0	0
457	257	0	0
458	247	0	0
459	259	0	0
460	263	0	0
461	232	0	0
462	255	0	0
463	232	0	0
464	242	0	0
465	238	0	0
466	237	0	0
467	252	0	0
468	250	0	0
469	247	0	0
470	244	0	0
471	261	0	0
472	255	0	0
473	239	0	0
474	261	0	0
475	251	0	0
476	271	0	0
477	265	0	0
478	232	0	0
479	233	0	0
480	247	0	0
481	234	0	0
482	245	0	0
483	237	0	0
484	252	0	0
485	238	0	0
486	256	0	0
487	259	0	0
488	256	0	0
489	242	0	0
490	255	0	0
491	264	0	0
492	250	0	0
493	235	0	0
494	269	0	0
495	243	0	0
496	238	0	0
497	249	0	0
498	263	0	0
499	262	0	0
500	247	0	0
501	249	0	0
502	254	0	0
503	244	0	0
504	239	0	0
505	244	0	0
506	245	0	0
507	264	0	0
508	260	0	0
509	250	0	0
510	232	0	0
511	261	0	0
512	254	0	0
513	235	0	0
514	244	0	0
515	242	0	0
516	260	0	0
517	258	0	0
518	271	0	0
519	256	0	0
520	251	0	0
521	251	0	0
522	237	0	0
523	236	0	0
524	247	0	0
525	234	0	0
526	236	0	0
527	251	0	0
528	248	0	0
529	254	0	0
530	247	0	0
531	246	0	0
532	266	0	0
533	253	0	0
534	241	0	0
535	248	0	0
536	252	0	0
537	240	0	0
538	263	0	0
539	242	0	0
540	253	0	0
541	245	0	0
542	252	0	0
543	237	0	0
544	251	0	0
545	250	0	0
546	241	0	0
547	228	0	0
548	255	0	0
549	245	0	0
550	253	0	0
551	252	0	0
552	240	0	0
553	246	0	0
554	243	0	0
555	218	0	0
556	248	0	0
557	254	0	0
558	238	0	0
559	251	0	0
560	237	0	0
561	247	0	0
562	247	0	0
563	254	0	0
564	236	0	0
565	247	0	0
566	244	0	0
567	254	0	0
568	259	0	0
569	247	0	0
570	230	0	0
571	272	0	0
572	241	0	0
573	254	0	0
574	248	0	0
575	248	0	0
576	278	0	0
577	244	0	0
578	278	0	0
579	253	0	0
580	264	0	0
581	243	0	0
582	258	0	0
583	241	0	0
584	229	0	0
585	231	0	0
586	252	0	0
587	264	0	0
588	254	0	0
589	245	0	0
590	240	0	0
591	254	0	0
592	260	0	0
593	259	0	0
594	260	0	0
595	248	0	0
596	221	0	0
597	244	0	0
598	247	0	0
599	237	0	0
600	245	0	0
601	246	2	0
602	273	0	0
603	252	0	0
604	273	0	0
605	240	0	0
606	271	0	0
607	240	0	0
608	247	0	0
609	256	0	0
610	261	0	0
611	229	0	0
612	260	0	0
613	242	0	0
614	299	0	0
615	239	0	0
616	239	0	0
617	269	0	0
618	250	0	0
619	282	0	0
620	247	0	0
621	274	0	0
622	249	0	0
623	247	0	0
624	243	0	0
625	252	0	0
626	268	0	0
627	247	0	0
628	250	0	0
629	250	0	0
630	260	0	0
631	269	0	0
632	251	0	0
633	243	0	0
634	248	0	0
635	260	0	0
636	250	0	0
637	244	0	0
638	234	0	0
639	252	0	0
640	260	0	0
641	241	0	0
642	243	0	0
643	247	0	0
644	249	0	0
645	241	0	0
646	265	0	0
647	254	0	0
648	258	0	0
649	242	0	0
650	239	0	0
651	254	0	0
652	243	0	0
653	246	0	0
654	236	0	0
655	252	0	0
656	250	0	0
657	267	0	0
658	247	0	0
659	244	0	0
660	248	0	0
661	259	0	0
662	257	0	0
663	239	0	0
664	250	0	0
665	248	0	0
666	250	0	0
667	262	0	0
668	249	0	0
669	239	0	0
670	252	0	0
671	246	0	0
672	252	0	0
673	264	0	0
674	272	0	0
675	239	0	0
676	273	0	0
677	260	0	0
678	267	0	0
679	253	0	0
680	272	0	0
681	270	0	0
682	246	0	0
683	226	0	0
684	246	0	0
685	256	0	0
686	252	0	0
687	241	0	0
688	266	0	0
689	264	0	0
690	244	0	0
691	255	0	0
692	232	0	0
693	264	0	0
694	275	0	0
695	258	0	0
696	243	0	0
697	255	0	0
698	251	0	0
699	258	0	0
700	250	0	0
701	259	0	0
702	228	0	0
703	237	0	0
704	240	0	0
705	240	0	0
706	247	0	0
707	240	0	0
708	253	0	0
709	255	0	0
710	263	0	0
711	227	0	0
712	249	0	0
713	260	0	0
714	233	0	0
715	249	0	0
716	220	0	0
717	267	0	0
718	260	0	0
719	259	0	0
720	250	0	0
721	258	0	0
722	257	0	0
723	265	0	0
724	238	0	0
725	262	0	0
726	246	0	0
727	253	0	0
728	263	0	0
729	266	0	0
730	250	0	0
731	253	0	0
732	258	0	0
733	268	0	0
734	252	0	0
735	238	0	0
736	223	0	0
737	237	0	0
738	245	0	0
739	270	0	0
740	253	0	0
741	234	0	0
742	246	0	0
743	244	0	0
744	232	0	0
745	269	0	0
746	248	0	0
747	249	0	0
748	258	0	0
749	255	0	0
750	251	0	0
751	257	0	0
752	250	0	0
753	225	0	0
754	228	0	0
755	258	0	0
756	261	0	0
757	256	0	0
758	256	0	0
759	243	0	0
760	247	0	0
761	268	0	0
762	264	0	0
763	259	0	0
764	245	0	0
765	236	0	0
766	262	0	0
767	255	0	0
768	262	0	0
769	264	0	0
770	273	0	0
771	242	0	0
772	238	0	0
773	262	0	0
774	249	0	0
775	257	0	0
776	255	0	0
777	263	0	0
778	255	0	0
779	244	0	0
780	262	0	0
781	234	0	0
782	261	0	0
783	224	0	0
784	249	0	0
785	254	0	0
786	247	0	0
787	257	0	0
788	260	0	0
789	239	0	0
790	240	0	0
791	261	0	0
792	243	0	0
793	253	0	0
794	232	0	0
795	276	0	0
796	257	0	0
797	259	0	0
798	280	0	0
799	258	0	0
800	264	2	0
801	246	106	0
802	234	0	0
803	267	0	0
804	258	0	0
805	222	0	0
806	260	0	0
807	252	0	0
808	252	0	0
809	245	0	0
810	236	0	0
811	236	0	0
812	252	0	0
813	263	0	0
814	252	0	0
815	242	0	0
816	264	0	0
817	248	0	0
818	240	0	0
819	244	0	0
820	239	0	0
821	253	0	0
822	257	0	0
823	236	0	0
824	244	0	0
825	263	0	0
826	250	0	0
827	259	0	0
828	248	0	0
829	272	0	0
830	258	0	0
831	248	0	0
832	252	0	0
833	245	0	0
834	238	0	0
835	249	0	0
836	239	0	0
837	241	0	0
838	228	0	0
839	242	0	0
840	237	0	0
841	247	0	0
842	230	0	0
843	253	0	0
844	241	0	0
845	265	0	0
846	270	0	0
847	241	0	0
848	235	0	0
849	247	0	0
850	248	0	0
851	268	0	0
852	246	0	0
853	252	0	0
854	254	0	0
855	240	0	0
856	248	0	0
857	222	0	0
858	230	0	0
859	246	0	0
860	254	0	0
861	261	0	0
862	237	0	0
863	251	0	0
864	255	0	0
865	226	0	0
866	247	0	0
867	264	0	0
868	242	0	0
869	254	0	0
870	234	0	0
871	242	0	0
872	250	0	0
873	249	0	0
874	241	0	0
875	254	0	0
876	243	0	0
877	258	0	0
878	252	0	0
879	252	0	0
880	253	0	0
881	238	0	0
882	227	0	0
883	237	0	0
884	246	0	0
885	246	0	0
886	261	0	0
887	250	0	0
888	255	0	0
889	259	0	0
890	241	0	0
891	252	0	0
892	273	0	0
893	207	0	0
894	262	0	0
895	248	0	0
896	261	0	0
897	254	0	0
898	245	0	0
899	256	0	0
900	258	0	0
901	249	0	0
902	259	0	0
903	252	0	0
904	226	0	0
905	224	0	0
906	247	0	0
907	251	0	0
908	245	0	0
909	255	0	0
910	246	0	0
911	245	0	0
912	231	0	0
913	254	0	0
914	255	0	0
915	256	0	0
916	262	0	0
917	250	0	0
918	251	0	0
919	248	0	0
920	261	0	0
921	259	0	0
922	267	0	0
923	235	0	0
924	239	0	0
925	256	0	0
926	236	0	0
927	257	0	0
928	247	0	0
929	249	0	0
930	254	0	0
931	250	0	0
932	245	0	0
933	252	0	0
934	266	0	0
935	265	0	0
936	270	0	0
937	232	0	0
938	265	0	0
939	247	0	0
940	244	0	0
941	249	0	0
942	237	0	0
943	246	0	0
944	261	0	0
945	249	0	0
946	242	0	0
947	265	0	0
948	264	0	0
949	249	0	0
950	259	0	0
951	248	0	0
952	261	0	0
953	249	0	0
954	252	0	0
955	259	0	0
956	237	0	0
957	255	0	0
958	243	0	0
959	238	0	0
960	237	0	0
961	251	0	0
962	246	0	0
963	232	0	0
964	239	0	0
965	245	0	0
966	250	0	0
967	228	0	0
968	250	0	0
969	257	0	0
970	244	0	0
971	255	0	0
972	253	0	0
973	257	0	0
974	244	0	0
975	243	0	0
976	272	0	0
977	251	0	0
978	247	0	0
979	233	0	0
980	275	0	0
981	265	0	0
982	251	0	0
983	260	0	0
984	260	0	0
985	234	0	0
986	252	0	0
987	277	0	0
988	244	0	0
989	249	0	0
990	245	0	0
991	257	0	0
992	248	0	0
993	267	0	0
994	246	0	0
995	244	0	0
996	250	0	0
997	232	0	0
998	240	0	0
999	261	0	0
