0	2000	0	0
1	1366	972	972
2	1200	872	757
3	1167	875	777
4	1194	898	805
5	1130	971	908
6	1115	973	918
7	1080	981	947
8	1093	953	929
9	1086	1003	983
10	1054	993	978
11	972	988	982
12	1025	931	920
13	1036	986	984
14	1046	1006	1002
15	1009	1031	1028
16	1015	992	991
17	1003	1004	1004
18	1034	999	999
19	1009	1027	1026
20	989	1008	1008
21	1000	987	987
22	962	998	998
23	982	962	962
24	1004	981	981
25	979	1004	1004
26	975	979	979
27	979	975	975
28	988	979	979
29	960	988	988
30	997	960	960
31	1008	997	997
32	1007	1008	1008
33	957	1007	1007
34	994	957	957
35	990	994	994
36	1037	990	990
37	943	1037	1037
38	1024	943	943
39	1006	1024	1024
40	987	1006	1006
41	975	987	987
42	994	975	975
43	997	994	994
44	1032	997	997
45	1002	1032	1032
46	985	1002	1002
47	1019	985	985
48	984	1019	1019
49	978	984	984
50	1007	978	978
51	1012	1007	1007
52	998	1012	1012
53	1037	998	998
54	1020	1037	1037
55	950	1020	1020
56	1006	950	950
57	992	1006	1006
58	1003	992	992
59	985	1003	1003
60	997	985	985
61	1011	997	997
62	1031	1011	1011
63	978	1031	1031
64	1020	978	978
65	996	1020	1020
66	998	996	996
67	960	998	998
68	997	960	960
69	1040	997	997
70	994	1040	1040
71	1029	994	994
72	996	1029	1029
73	973	996	996
74	993	973	973
75	992	993	993
76	1011	992	992
77	975	1011	1011
78	1013	975	975
79	985	1013	1013
80	995	985	985
81	986	995	995
82	960	986	986
83	1036	960	960
84	991	1036	1036
85	997	991	991
86	1016	997	997
87	998	1016	1016
88	1018	998	998
89	1008	1018	1018
90	989	1008	1008
91	1002	989	989
92	1029	1002	1002
93	1044	1029	1029
94	1042	1044	1044
95	984	1042	1042
96	990	984	984
97	1002	990	990
98	1041	1002	1002
99	999	1041	1041
100	1000	999	999
101	965	1000	1000
102	1013	965	965
103	985	1013	1013
104	1006	985	985
105	1002	1006	1006
106	986	1002	1002
107	1021	986	986
108	1002	1021	1021
109	987	1002	1002
110	996	987	987
111	1034	996	996
112	969	1034	1034
113	1005	969	969
114	994	1005	1005
115	964	994	994
116	939	964	964
117	979	939	939
118	1009	979	979
119	1026	1009	1009
120	935	1026	1026
121	947	935	935
122	966	947	947
123	986	966	966
124	962	986	986
125	1001	962	962
126	1002	1001	1001
127	995	1002	1002
128	1011	995	995
129	1017	1011	1011
130	985	1017	1017
131	948	985	985
132	995	948	948
133	973	995	995
134	979	973	973
135	1004	979	979
136	1037	1004	1004
137	979	1037	1037
138	953	979	979
139	1004	953	953
140	987	1004	1004
141	957	987	987
142	1031	957	957
143	1026	1031	1031
144	1022	1026	1026
145	989	1022	1022
146	990	989	989
147	1027	990	990
148	1031	1027	1027
149	1036	1031	1031
150	1014	1036	1036
151	1007	1014	1014
152	987	1007	1007
153	1025	987	987
154	1004	1025	1025
155	968	1004	1004
156	998	968	968
157	967	998	998
158	983	967	967
159	1020	983	983
160	995	1020	1020
161	987	995	995
162	1011	987	987
163	1006	1011	1011
164	1003	1006	1006
165	1034	1003	1003
166	1009	1034	1034
167	967	1009	1009
168	1004	967	967
169	1012	1004	1004
170	1024	1012	1012
171	984	1024	1024
172	943	984	984
173	977	943	943
174	991	977	977
175	986	991	991
176	1002	986	986
177	987	1002	1002
178	998	987	987
179	1025	998	998
180	961	1025	1025
181	972	961	961
182	988	972	972
183	1055	988	988
184	971	1055	1055
185	1019	971	971
186	969	1019	1019
187	1035	969	969
188	993	1035	1035
189	996	993	993
190	989	996	996
191	986	989	989
192	1006	986	986
193	994	1006	1006
194	1020	994	994
195	976	1020	1020
196	1011	976	976
197	985	1011	1011
198	1015	985	985
199	1026	1015	1015
200	2000	1026	1026
201	986	2000	2000
202	1029	986	986
203	1008	1029	1029
204	974	1008	1008
205	1017	974	974
206	991	1017	1017
207	999	991	991
208	993	999	999
209	1009	993	993
210	997	1009	1009
211	960	997	997
212	999	960	960
213	1041	999	999
214	1001	1041	1041
215	1009	1001	1001
216	984	1009	1009
217	963	984	984
218	985	963	963
219	1015	985	985
220	996	1015	1015
221	1041	996	996
222	1014	1041	1041
223	1000	1014	1014
224	969	1000	1000
225	1022	969	969
226	983	1022	1022
227	984	983	983
228	1004	984	984
229	1004	1004	1004
230	974	1004	1004
231	982	974	974
232	1035	982	982
233	1027	1035	1035
234	1007	1027	1027
235	957	1007	1007
236	1001	957	957
237	1005	1001	1001
238	1002	1005	1005
239	978	1002	1002
240	1005	978	978
241	1019	1005	1005
242	995	1019	1019
243	1050	995	995
244	1023	1050	1050
245	1030	1023	1023
246	1036	1030	1030
247	996	1036	1036
248	1015	996	996
249	979	1015	1015
250	1012	979	979
251	1003	1012	1012
252	1024	1003	1003
253	1007	1024	1024
254	1026	1007	1007
255	1004	1026	1026
256	990	1004	1004
257	1016	990	990
258	986	1016	1016
259	985	986	986
260	1017	985	985
261	988	1017	1017
262	1000	988	988
263	1028	1000	1000
264	1023	1028	1028
265	1043	1023	1023
266	997	1043	1043
267	992	997	997
268	1023	992	992
269	992	1023	1023
270	1005	992	992
271	1017	1005	1005
272	992	1017	1017
273	1000	992	992
274	964	1000	1000
275	1009	964	964
276	978	1009	1009
277	1001	978	978
278	1006	1001	1001
279	1016	1006	1006
280	1021	1016	1016
281	997	1021	1021
282	999	997	997
283	995	999	999
284	946	995	995
285	1022	946	946
286	1059	1022	1022
287	1014	1059	1059
288	1001	1014	1014
289	1047	1001	1001
290	1011	1047	1047
291	995	1011	1011
292	1004	995	995
293	989	1004	1004
294	1027	989	989
295	979	1027	1027
296	985	979	979
297	1031	985	985
298	998	1031	1031
299	1014	998	998
300	1015	1014	1014
301	1028	1015	1015
302	975	1028	1028
303	1000	975	975
304	1016	1000	1000
305	961	1016	1016
306	1001	961	961
307	1021	1001	1001
308	1015	1021	1021
309	998	1015	1015
310	977	998	998
311	970	977	977
312	1000	970	970
313	1034	1000	1000
314	1012	1034	1034
315	1020	1012	1012
316	1010	1020	1020
317	1000	1010	1010
318	962	1000	1000
319	1001	962	962
320	981	1001	1001
321	999	981	981
322	1011	999	999
323	1036	1011	1011
324	1007	1036	1036
325	1013	1007	1007
326	1010	1013	1013
327	1009	1010	1010
328	984	1009	1009
329	1021	984	984
330	1022	1021	1021
331	986	1022	1022
332	984	986	986
333	991	984	984
334	989	991	991
335	1005	989	989
336	1038	1005	1005
337	991	1038	1038
338	1035	991	991
339	976	1035	1035
340	981	976	976
341	1006	981	981
342	991	1006	1006
343	996	991	991
344	1022	996	996
345	978	1022	1022
346	1000	978	978
347	1007	1000	1000
348	995	1007	1007
349	1003	995	995
350	978	1003	1003
351	981	978	978
352	1006	981	981
353	991	1006	1006
354	1022	991	991
355	993	1022	1022
356	1004	993	993
357	929	1004	1004
358	981	929	929
359	1010	981	981
360	988	1010	1010
361	998	988	988
362	973	998	998
363	1006	973	973
364	1008	1006	1006
365	1023	1008	1008
366	1014	1023	1023
367	961	1014	1014
368	1022	961	961
369	1004	1022	1022
370	1025	1004	1004
371	975	1025	1025
372	994	975	975
373	975	994	994
374	1006	975	975
375	987	1006	1006
376	990	987	987
377	1001	990	990
378	995	1001	1001
379	1027	995	995
380	1015	1027	1027
381	998	1015	1015
382	1007	998	998
383	1006	1007	1007
384	977	1006	1006
385	1009	977	977
386	989	1009	1009
387	1012	989	989
388	1047	1012	1012
389	1013	1047	1047
390	1001	1013	1013
391	1048	1001	1001
392	1008	1048	1048
393	1006	1008	1008
394	937	1006	1006
395	1000	937	937
396	994	1000	1000
397	1022	994	994
398	1016	1022	1022
399	1006	1016	1016
400	2000	1006	1006
401	992	2000	2000
402	1004	992	992
403	983	1004	1004
404	1009	983	983
405	1033	1009	1009
406	1000	1033	1033
407	1036	1000	1000
408	989	1036	1036
409	1002	989	989
410	999	1002	1002
411	960	999	999
412	963	960	960
413	1018	963	963
414	997	1018	1018
415	1022	997	997
416	1016	1022	1022
417	1009	1016	1016
418	990	1009	1009
419	994	990	990
420	981	994	994
421	1022	981	981
422	1014	1022	1022
423	984	1014	1014
424	977	984	984
425	1016	977	977
426	993	1016	1016
427	987	993	993
428	975	987	987
429	1020	975	975
430	962	1020	1020
431	974	962	962
432	966	974	974
433	1020	966	966
434	957	1020	1020
435	1060	957	957
436	1009	1060	1060
437	1014	1009	1009
438	985	1014	1014
439	981	985	985
440	1015	981	981
441	991	1015	1015
442	1036	991	991
443	1047	1036	1036
444	1013	1047	1047
445	1060	1013	1013
446	988	1060	1060
447	987	988	988
448	1017	987	987
449	1034	1017	1017
450	997	1034	1034
451	1033	997	997
452	988	1033	1033
453	951	988	988
454	1005	951	951
455	1004	1005	1005
456	976	1004	1004
457	971	976	976
458	1040	971	971
459	991	1040	1040
460	1005	991	991
461	1006	1005	1005
462	972	1006	1006
463	1005	972	972
464	1031	1005	1005
465	1001	1031	1031
466	983	1001	1001
467	1033	983	983
468	984	1033	1033
469	994	984	984
470	1007	994	994
471	1000	1007	1007
472	982	1000	1000
473	979	982	982
474	1022	979	979
475	969	1022	1022
476	984	969	969
477	976	984	984
478	977	976	976
479	998	977	977
480	1008	998	998
481	1004	1008	1008
482	1000	1004	1004
483	975	1000	1000
484	1025	975	975
485	1027	1025	1025
486	981	1027	1027
487	972	981	981
488	1014	972	972
489	1019	1014	1014
490	1050	1019	1019
491	978	1050	1050
492	993	978	978
493	999	993	993
494	966	999	999
495	976	966	966
496	998	976	976
497	1006	998	998
498	990	1006	1006
499	992	990	990
500	1020	992	992
501	1023	1020	1020
502	1000	1023	1023
503	1037	1000	1000
504	972	1037	1037
505	1022	972	972
506	977	1022	1022
507	1013	977	977
508	1006	1013	1013
509	1033	1006	1006
510	1007	1033	1033
511	998	1007	1007
512	985	998	998
513	1021	985	985
514	974	1021	1021
515	1017	974	974
516	1000	1017	1017
517	1016	1000	1000
518	996	1016	1016
519	976	996	996
520	959	976	976
521	975	959	959
522	1029	975	975
523	1014	1029	1029
524	1029	1014	1014
525	993	1029	1029
526	1011	993	993
527	969	1011	1011
528	1014	969	969
529	1001	1014	1014
530	1004	1001	1001
531	1024	1004	1004
532	998	1024	1024
533	988	998	998
534	965	988	988
535	1010	965	965
536	968	1010	1010
537	1002	968	968
538	1013	1002	1002
539	1017	1013	1013
540	975	1017	1017
541	994	975	975
542	1007	994	994
543	980	1007	1007
544	998	980	980
545	1040	998	998
546	988	1040	1040
547	987	988	988
548	1028	987	987
549	990	1028	1028
550	1011	990	990
551	1021	1011	1011
552	975	1021	1021
553	970	975	975
554	1018	970	970
555	1003	1018	1018
556	962	1003	1003
557	1011	962	962
558	982	1011	1011
559	1019	982	982
560	998	1019	1019
561	986	998	998
562	1007	986	986
563	974	1007	1007
564	1011	974	974
565	980	1011	1011
566	1007	980	980
567	1030	1007	1007
568	1035	1030	1030
569	964	1035	1035
570	965	964	964
571	1019	965	965
572	999	1019	1019
573	977	999	999
574	968	977	977
575	1014	968	968
576	996	1014	1014
577	979	996	996
578	999	979	979
579	1025	999	999
580	1024	1025	1025
581	1034	1024	1024
582	989	1034	1034
583	940	989	989
584	995	940	940
585	993	995	995
586	989	993	993
587	989	989	989
588	988	989	989
589	1019	988	988
590	1021	1019	1019
591	995	1021	1021
592	989	995	995
593	1000	989	989
594	1009	1000	1000
595	1013	1009	1009
596	988	1013	1013
597	1001	988	988
598	984	1001	1001
599	1002	984	984
600	1488	1002	1002
601	1023	1488	1488
602	1035	1023	1023
603	991	1035	1035
604	1003	991	991
605	1007	1003	1003
606	968	1007	1007
607	961	968	968
608	995	961	961
609	997	995	995
610	957	997	997
611	981	957	957
612	1002	981	981
613	996	1002	1002
614	1001	996	996
615	1005	1001	1001
616	1002	1005	1005
617	982	1002	1002
618	1045	982	982
619	988	1045	1045
620	998	988	988
621	995	998	998
622	1010	995	995
623	1009	1010	1010
624	1014	1009	1009
625	976	1014	1014
626	1022	976	976
627	999	1022	1022
628	1026	999	999
629	1000	1026	1026
630	975	1000	1000
631	1065	975	975
632	1004	1065	1065
633	989	1004	1004
634	1033	989	989
635	1033	1033	1033
636	1012	1033	1033
637	1037	1012	1012
638	983	1037	1037
639	998	983	983
640	1015	998	998
641	993	1015	1015
642	1004	993	993
643	997	1004	1004
644	1028	997	997
645	978	1028	1028
646	1051	978	978
647	983	1051	1051
648	1017	983	983
649	995	1017	1017
650	1001	995	995
651	1031	1001	1001
652	1006	1031	1031
653	999	1006	1006
654	1009	999	999
655	1012	1009	1009
656	1036	1012	1012
657	1031	1036	1036
658	1009	1031	1031
659	1026	1009	1009
660	1003	1026	1026
661	1036	1003	1003
662	1007	1036	1036
663	1003	1007	1007
664	997	1003	1003
665	1008	997	997
666	979	1008	1008
667	1010	979	979
668	991	1010	1010
669	1001	991	991
670	1022	1001	1001
671	1013	1022	1022
672	995	1013	1013
673	1011	995	995
674	1027	1011	1011
675	1033	1027	1027
676	1003	1033	1033
677	997	1003	1003
678	989	997	997
679	999	989	989
680	1008	999	999
681	1010	1008	1008
682	1023	1010	1010
683	998	1023	1023
684	991	998	998
685	996	991	991
686	981	996	996
687	1004	981	981
688	1007	1004	1004
689	961	1007	1007
690	991	961	961
691	1026	991	991
692	1025	1026	1026
693	998	1025	1025
694	1007	998	998
695	1006	1007	1007
696	1008	1006	1006
697	993	1008	1008
698	1005	993	993
699	954	1005	1005
700	975	954	954
701	976	975	975
702	1026	976	976
703	971	1026	1026
704	1004	971	971
705	996	1004	1004
706	1038	996	996
707	982	1038	1038
708	1006	982	982
709	998	1006	1006
710	977	998	998
711	992	977	977
712	1011	992	992
713	1003	1011	1011
714	1022	1003	1003
715	1016	1022	1022
716	1022	1016	1016
717	1010	1022	1022
718	1015	1010	1010
719	960	1015	1015
720	1011	960	960
721	1052	1011	1011
722	985	1052	1052
723	1039	985	985
724	987	1039	1039
725	974	987	987
726	1032	974	974
727	994	1032	1032
728	1024	994	994
729	1033	1024	1024
730	1022	1033	1033
731	1003	1022	1022
732	1002	1003	1003
733	982	1002	1002
734	1011	982	982
735	1026	1011	1011
736	1030	1026	1026
737	1017	1030	1030
738	1017	1017	1017
739	994	1017	1017
740	1000	994	994
741	990	1000	1000
742	1006	990	990
743	997	1006	1006
744	1034	997	997
745	1030	1034	1034
746	1003	1030	1030
747	985	1003	1003
748	987	985	985
749	1002	987	987
750	991	1002	1002
751	1024	991	991
752	996	1024	1024
753	974	996	996
754	1022	974	974
755	1000	1022	1022
756	1023	1000	1000
757	1007	1023	1023
758	992	1007	1007
759	953	992	992
760	999	953	953
761	1010	999	999
762	1003	1010	1010
763	1019	1003	1003
764	996	1019	1019
765	1015	996	996
766	998	1015	1015
767	1026	998	998
768	986	1026	1026
769	967	986	986
770	1018	967	967
771	992	1018	1018
772	980	992	992
773	986	980	980
774	1013	986	986
775	959	1013	1013
776	1040	959	959
777	997	1040	1040
778	1020	997	997
779	1032	1020	1020
780	1011	1032	1032
781	985	1011	1011
782	998	985	985
783	1014	998	998
784	1004	1014	1014
785	1004	1004	1004
786	988	1004	1004
787	975	988	988
788	1063	975	975
789	1001	1063	1063
790	969	1001	1001
791	995	969	969
792	996	995	995
793	1020	996	996
794	995	1020	1020
795	1011	995	995
796	1000	1011	1011
797	964	1000	1000
798	966	964	964
799	1005	966	966
800	1774	1005	1005
801	1016	1774	1774
802	1019	1016	1016
803	993	1019	1019
804	984	993	993
805	992	984	984
806	1038	992	992
807	945	1038	1038
808	992	945	945
809	1019	992	992
810	996	1019	1019
811	1010	996	996
812	981	1010	1010
813	989	981	981
814	980	989	989
815	1002	980	980
816	964	1002	1002
817	1000	964	964
818	969	1000	1000
819	996	969	969
820	1025	996	996
821	1010	1025	1025
822	1021	1010	1010
823	994	1021	1021
824	966	994	994
825	1014	966	966
826	949	1014	1014
827	1011	949	949
828	1020	1011	1011
829	1024	1020	1020
830	974	1024	1024
831	974	974	974
832	1013	974	974
833	1008	1013	1013
834	994	1008	1008
835	1020	994	994
836	993	1020	1020
837	990	993	993
838	1003	990	990
839	1033	1003	1003
840	1001	1033	1033
841	977	1001	1001
842	983	977	977
843	1010	983	983
844	976	1010	1010
845	988	976	976
846	1007	988	988
847	972	1007	1007
848	990	972	972
849	1006	990	990
850	965	1006	1006
851	945	965	965
852	979	945	945
853	1002	979	979
854	990	1002	1002
855	1029	990	990
856	992	1029	1029
857	973	992	992
858	967	973	973
859	985	967	967
860	1019	985	985
861	1001	1019	1019
862	1010	1001	1001
863	1006	1010	1010
864	1023	1006	1006
865	1034	1023	1023
866	1018	1034	1034
867	985	1018	1018
868	972	985	985
869	973	972	972
870	999	973	973
871	973	999	999
872	990	973	973
873	1040	990	990
874	1007	1040	1040
875	1008	1007	1007
876	981	1008	1008
877	960	981	981
878	1011	960	960
879	1031	1011	1011
880	999	1031	1031
881	1031	999	999
882	940	1031	1031
883	992	940	940
884	1017	992	992
885	962	1017	1017
886	988	962	962
887	999	988	988
888	966	999	999
889	1026	966	966
890	962	1026	1026
891	979	962	962
892	995	979	979
893	1039	995	995
894	1007	1039	1039
895	995	1007	1007
896	1018	995	995
897	954	1018	1018
898	1027	954	954
899	1018	1027	1027
900	1035	1018	1018
901	1018	1035	1035
902	979	1018	1018
903	1029	979	979
904	979	1029	1029
905	1001	979	979
906	1038	1001	1001
907	1013	1038	1038
908	1018	1013	1013
909	1013	1018	1018
910	1005	1013	1013
911	975	1005	1005
912	1001	975	975
913	1015	1001	1001
914	988	1015	1015
915	994	988	988
916	962	994	994
917	1014	962	962
918	982	1014	1014
919	1034	982	982
920	957	1034	1034
921	1026	957	957
922	1001	1026	1026
923	977	1001	1001
924	977	977	977
925	1001	977	977
926	1014	1001	1001
927	1001	1014	1014
928	1033	1001	1001
929	962	1033	1033
930	1001	962	962
931	1015	1001	1001
932	995	1015	1015
933	1033	995	995
934	949	1033	1033
935	1016	949	949
936	1014	1016	1016
937	997	1014	1014
938	1015	997	997
939	1022	1015	1015
940	979	1022	1022
941	960	979	979
942	984	960	960
943	995	984	984
944	996	995	995
945	1006	996	996
946	1042	1006	1006
947	987	1042	1042
948	999	987	987
949	949	999	999
950	983	949	949
951	994	983	983
952	1013	994	994
953	1002	1013	1013
954	1015	1002	1002
955	1006	1015	1015
956	1019	1006	1006
957	1032	1019	1019
958	996	1032	1032
959	984	996	996
960	1015	984	984
961	994	1015	1015
962	1000	994	994
963	1039	1000	1000
964	997	1039	1039
965	996	997	997
966	974	996	996
967	983	974	974
968	991	983	983
969	953	991	991
970	991	953	953
971	994	991	991
972	995	994	994
973	1033	995	995
974	1030	1033	1033
975	1030	1030	1030
976	992	1030	1030
977	996	992	992
978	1022	996	996
979	1015	1022	1022
980	983	1015	1015
981	1022	983	983
982	998	1022	1022
983	998	998	998
984	990	998	998
985	985	990	990
986	1028	985	985
987	992	1028	1028
988	1042	992	992
989	1016	1042	1042
990	1005	1016	1016
991	1040	1005	1005
992	984	1040	1040
993	966	984	984
994	1046	966	966
995	1014	1046	1046
996	1008	1014	1014
997	1029	1008	1008
998	979	1029	1029
999	967	979	979
