0	500	0	0
1	300	263	263
2	275	172	83
3	267	173	111
4	275	192	122
5	277	176	132
6	281	188	137
7	292	197	150
8	273	211	149
9	270	199	140
10	278	175	127
11	282	170	119
12	264	168	103
13	274	160	103
14	281	168	117
15	272	168	114
16	272	159	105
17	268	199	130
18	252	173	124
19	270	138	91
20	271	157	97
21	276	145	79
22	273	152	94
23	277	169	105
24	255	152	104
25	247	125	73
26	259	128	78
27	251	156	93
28	288	150	89
29	280	187	120
30	265	171	107
31	269	173	115
32	288	161	96
33	266	173	106
34	272	167	94
35	254	160	113
36	261	163	112
37	281	169	108
38	291	171	100
39	269	186	122
40	273	163	115
41	279	163	107
42	269	184	123
43	281	161	120
44	269	167	103
45	272	147	98
46	270	167	120
47	253	151	101
48	281	142	96
49	286	186	121
50	233	44	27
51	248	0	0
52	250	199	102
53	238	153	104
54	231	127	114
55	257	115	104
56	248	115	110
57	245	112	106
58	235	127	94
59	272	129	93
60	255	122	102
61	265	103	84
62	279	118	103
63	263	162	121
64	254	132	96
65	262	125	88
66	251	125	93
67	236	122	99
68	233	110	81
69	242	129	95
70	259	125	93
71	253	131	100
72	221	132	107
73	258	101	77
74	247	158	106
75	262	121	93
76	246	144	109
77	243	132	103
78	272	150	108
79	262	177	127
80	234	148	115
81	247	130	82
82	257	142	100
83	240	159	110
84	239	162	126
85	258	171	130
86	251	190	143
87	265	177	143
88	253	198	154
89	252	168	135
90	264	159	123
91	259	160	122
92	258	183	139
93	236	157	118
94	257	132	106
95	242	184	144
96	259	148	111
97	237	171	139
98	237	164	135
99	235	171	140
100	137	116	89
101	233	1	1
102	243	233	182
103	241	243	220
104	244	241	233
105	260	163	154
106	228	160	152
107	232	151	137
108	229	139	130
109	236	161	142
110	236	162	147
111	250	149	139
112	248	175	139
113	228	158	131
114	219	123	115
115	214	133	107
116	231	131	96
117	256	136	99
118	236	158	131
119	237	128	100
120	221	145	107
121	227	138	108
122	233	139	101
123	233	158	118
124	232	154	114
125	247	160	126
126	218	156	123
127	226	116	80
128	227	134	89
129	244	141	100
130	246	163	115
131	252	168	131
132	240	177	143
133	220	199	158
134	243	173	140
135	244	181	149
136	247	168	138
137	241	171	139
138	213	154	128
139	245	144	112
140	245	172	132
141	223	169	141
142	215	163	138
143	227	161	134
144	224	177	147
145	232	178	155
146	220	174	140
147	231	164	138
148	241	187	153
149	234	185	162
150	112	120	93
151	223	0	0
152	223	198	162
153	213	205	183
154	224	166	158
155	223	162	157
156	198	169	148
157	229	132	123
158	227	152	133
159	212	149	127
160	225	154	130
161	211	150	133
162	199	141	113
163	215	160	129
164	225	151	116
165	220	157	122
166	241	151	124
167	221	172	143
168	207	161	136
169	216	144	117
170	205	153	129
171	227	126	105
172	209	146	112
173	214	153	125
174	212	159	125
175	229	169	132
176	223	165	132
177	212	140	117
178	212	141	111
179	198	158	130
180	208	135	111
181	223	157	123
182	209	150	124
183	209	156	130
184	207	156	137
185	205	151	128
186	207	159	137
187	218	156	132
188	201	168	143
189	214	145	129
190	207	173	148
191	205	151	133
192	201	150	129
193	199	152	131
194	203	155	136
195	218	161	135
196	208	169	147
197	190	156	131
198	209	125	108
199	195	161	140
200	91	120	94
201	186	0	0
202	189	186	157
203	180	187	168
204	196	145	138
205	210	166	154
206	183	167	161
207	187	139	136
208	199	144	139
209	215	166	163
210	193	182	174
211	204	142	128
212	195	114	112
213	195	109	96
214	206	132	112
215	190	146	117
216	193	115	91
217	204	125	101
218	202	132	115
219	198	116	103
220	198	93	84
221	184	97	81
222	190	110	81
223	204	102	75
224	172	116	80
225	192	59	51
226	186	68	51
227	188	83	60
228	198	64	44
229	176	104	70
230	172	99	61
231	176	97	57
232	182	64	42
233	177	89	59
234	163	90	69
235	177	95	67
236	178	98	73
237	175	118	77
238	194	105	76
239	178	111	91
240	186	110	82
241	187	124	89
242	178	123	98
243	173	121	93
244	193	131	111
245	177	158	130
246	179	120	106
247	167	125	112
248	183	117	90
249	166	131	109
250	83	109	68
251	170	0	0
252	170	170	147
253	156	170	164
254	177	143	136
255	167	161	152
256	162	157	154
257	163	149	141
258	174	141	137
259	175	110	109
260	163	103	99
261	163	100	85
262	177	109	90
263	171	113	97
264	161	98	82
265	168	115	88
266	174	101	88
267	174	74	66
268	177	94	69
269	177	99	78
270	176	112	87
271	168	106	77
272	161	94	68
273	179	87	57
274	155	125	96
275	177	98	75
276	172	126	99
277	176	115	85
278	172	101	79
279	179	107	82
280	161	103	84
281	159	102	82
282	164	110	81
283	142	119	99
284	141	109	89
285	171	111	88
286	161	124	108
287	167	120	101
288	161	127	111
289	157	120	105
290	152	109	95
291	157	111	95
292	150	123	98
293	166	113	89
294	154	113	97
295	171	118	99
296	152	129	114
297	162	121	111
298	160	132	112
299	139	125	110
300	58	97	76
301	149	0	0
302	131	149	139
303	126	131	120
304	142	125	122
305	151	139	134
306	156	148	145
307	149	153	151
308	144	148	147
309	152	144	142
310	150	151	150
311	146	148	147
312	138	99	95
313	151	82	80
314	149	113	100
315	171	104	91
316	146	104	92
317	142	95	84
318	161	101	82
319	153	114	94
320	154	95	81
321	154	82	67
322	148	117	91
323	143	110	90
324	152	99	79
325	161	112	90
326	145	111	94
327	158	106	85
328	149	117	102
329	139	108	92
330	137	98	74
331	148	90	70
332	152	97	73
333	136	101	76
334	155	91	68
335	148	121	96
336	130	114	95
337	159	97	76
338	135	123	106
339	158	98	84
340	145	108	89
341	147	99	79
342	133	89	74
343	131	90	67
344	147	97	76
345	138	113	94
346	136	102	82
347	140	92	82
348	147	102	83
349	125	113	97
350	64	69	56
351	143	0	0
352	125	143	117
353	149	125	117
354	138	147	143
355	127	133	130
356	132	121	117
357	139	114	106
358	134	116	113
359	140	105	98
360	123	96	94
361	152	85	81
362	126	115	103
363	133	84	77
364	141	94	81
365	121	111	91
366	131	95	81
367	139	91	78
368	134	87	79
369	134	95	72
370	142	95	76
371	132	115	98
372	132	94	78
373	147	93	73
374	137	115	92
375	137	101	84
376	142	110	92
377	147	116	101
378	138	114	96
379	137	109	94
380	136	94	76
381	131	90	80
382	119	89	74
383	144	75	63
384	135	111	92
385	138	109	93
386	145	114	90
387	139	115	100
388	130	95	81
389	138	102	87
390	142	100	76
391	122	102	88
392	139	106	87
393	109	111	99
394	123	93	84
395	131	110	95
396	126	113	107
397	126	116	109
398	131	121	111
399	130	125	112
400	18	112	103
401	116	0	0
402	123	116	114
403	125	123	121
404	131	124	122
405	135	131	131
406	131	135	135
407	115	131	130
408	125	115	115
409	124	125	125
410	132	124	124
411	132	132	132
412	117	132	132
413	117	117	117
414	128	117	117
415	117	128	128
416	129	117	117
417	124	129	129
418	124	124	124
419	119	124	124
420	110	119	119
421	117	110	110
422	131	117	117
423	116	131	131
424	114	116	116
425	132	114	114
426	128	132	132
427	131	128	128
428	130	131	131
429	131	130	130
430	126	131	131
431	137	126	126
432	129	137	137
433	122	129	129
434	120	122	122
435	132	120	120
436	121	132	132
437	132	121	121
438	130	132	132
439	132	130	130
440	116	132	132
441	127	116	116
442	111	127	127
443	121	111	111
444	118	121	121
445	127	118	118
446	125	127	127
447	107	125	125
448	128	107	107
449	127	128	128
450	0	127	127
451	131	0	0
452	141	131	131
453	122	141	141
454	131	122	122
455	131	131	131
456	129	131	131
457	141	129	129
458	132	141	141
459	127	132	132
460	125	127	127
461	130	125	125
462	138	130	130
463	135	138	138
464	115	135	135
465	120	115	115
466	118	120	120
467	133	118	118
468	127	133	133
469	116	127	127
470	123	116	116
471	133	123	123
472	124	133	133
473	119	124	124
474	147	119	119
475	122	147	147
476	122	122	122
477	120	122	122
478	131	120	120
479	128	131	131
480	144	128	128
481	129	144	144
482	138	129	129
483	139	138	138
484	124	139	139
485	124	124	124
486	130	124	124
487	120	130	130
488	127	120	120
489	114	127	127
490	113	114	114
491	129	113	113
492	128	129	129
493	117	128	128
494	109	117	117
495	121	109	109
496	134	121	121
497	107	134	134
498	140	107	107
499	123	140	140
500	0	123	123
501	118	0	0
502	119	118	118
503	116	119	119
504	123	116	116
505	128	123	123
506	126	128	128
507	135	126	126
508	99	135	135
509	128	99	99
510	120	128	128
511	128	120	120
512	119	128	128
513	131	119	119
514	123	131	131
515	122	123	123
516	112	122	122
517	129	112	112
518	133	129	129
519	125	133	133
520	124	125	125
521	125	124	124
522	137	125	125
523	134	137	137
524	115	134	134
525	130	115	115
526	121	130	130
527	108	121	121
528	130	108	108
529	109	130	130
530	124	109	109
531	124	124	124
532	130	124	124
533	124	130	130
534	128	124	124
535	122	128	128
536	129	122	122
537	135	129	129
538	141	135	135
539	125	141	141
540	135	125	125
541	115	135	135
542	136	115	115
543	111	136	136
544	122	111	111
545	122	122	122
546	125	122	122
547	134	125	125
548	131	134	134
549	127	131	131
550	0	127	127
551	121	0	0
552	121	121	121
553	126	121	121
554	115	126	126
555	124	115	115
556	125	124	124
557	117	125	125
558	115	117	117
559	128	115	115
560	128	128	128
561	130	128	128
562	129	130	130
563	123	129	129
564	111	123	123
565	128	111	111
566	128	128	128
567	124	128	128
568	123	124	124
569	119	123	123
570	116	119	119
571	132	116	116
572	120	132	132
573	120	120	120
574	120	120	120
575	122	120	120
576	118	122	122
577	114	118	118
578	113	114	114
579	107	113	113
580	120	107	107
581	120	120	120
582	133	120	120
583	135	133	133
584	124	135	135
585	127	124	124
586	117	127	127
587	138	117	117
588	120	138	138
589	130	120	120
590	126	130	130
591	114	126	126
592	122	114	114
593	119	122	122
594	130	119	119
595	112	130	130
596	130	112	112
597	117	130	130
598	120	117	117
599	116	120	120
600	0	116	116
601	113	0	0
602	124	113	113
603	130	124	124
604	123	130	130
605	114	123	123
606	137	114	114
607	129	137	137
608	109	129	129
609	129	109	109
610	127	129	129
611	116	127	127
612	125	116	116
613	124	125	125
614	107	124	124
615	133	107	107
616	127	133	133
617	130	127	127
618	131	130	130
619	121	131	131
620	132	121	121
621	129	132	132
622	121	129	129
623	124	121	121
624	125	124	124
625	135	125	125
626	113	135	135
627	127	113	113
628	131	127	127
629	128	131	131
630	128	128	128
631	127	128	128
632	122	127	127
633	120	122	122
634	124	120	120
635	114	124	124
636	129	114	114
637	117	129	129
638	120	117	117
639	119	120	120
640	114	119	119
641	128	114	114
642	127	128	128
643	131	127	127
644	114	131	131
645	122	114	114
646	119	122	122
647	131	119	119
648	121	131	131
649	119	121	121
650	0	119	119
651	132	0	0
652	118	132	132
653	125	118	118
654	121	125	125
655	120	121	121
656	124	120	120
657	135	124	124
658	127	135	135
659	138	127	127
660	114	138	138
661	135	114	114
662	124	135	135
663	116	124	124
664	119	116	116
665	120	119	119
666	122	120	120
667	129	122	122
668	115	129	129
669	124	115	115
670	121	124	124
671	123	121	121
672	114	123	123
673	136	114	114
674	124	136	136
675	129	124	124
676	124	129	129
677	134	124	124
678	117	134	134
679	115	117	117
680	108	115	115
681	109	108	108
682	124	109	109
683	109	124	124
684	117	109	109
685	119	117	117
686	125	119	119
687	109	125	125
688	123	109	109
689	136	123	123
690	120	136	136
691	113	120	120
692	116	113	113
693	116	116	116
694	121	116	116
695	119	121	121
696	123	119	119
697	135	123	123
698	130	135	135
699	127	130	130
700	0	127	127
701	125	0	0
702	121	125	125
703	125	121	121
704	125	125	125
705	113	125	125
706	128	113	113
707	120	128	128
708	131	120	120
709	128	131	131
710	131	128	128
711	112	131	131
712	126	112	112
713	133	126	126
714	124	133	133
715	109	124	124
716	126	109	109
717	135	126	126
718	127	135	135
719	128	127	127
720	137	128	128
721	112	137	137
722	124	112	112
723	124	124	124
724	120	124	124
725	128	120	120
726	131	128	128
727	128	131	131
728	120	128	128
729	136	120	120
730	126	136	136
731	124	126	126
732	126	124	124
733	125	126	126
734	134	125	125
735	124	134	134
736	128	124	124
737	120	128	128
738	119	120	120
739	127	119	119
740	127	127	127
741	117	127	127
742	132	117	117
743	120	132	132
744	115	120	120
745	120	115	115
746	117	120	120
747	130	117	117
748	121	130	130
749	105	121	121
750	0	105	105
751	121	0	0
752	127	121	121
753	110	127	127
754	136	110	110
755	120	136	136
756	123	120	120
757	134	123	123
758	115	134	134
759	121	115	115
760	140	121	121
761	111	140	140
762	124	111	111
763	119	124	124
764	109	119	119
765	124	109	109
766	137	124	124
767	124	137	137
768	120	124	124
769	114	120	120
770	108	114	114
771	120	108	108
772	118	120	120
773	124	118	118
774	130	124	124
775	124	130	130
776	134	124	124
777	123	134	134
778	126	123	123
779	119	126	126
780	126	119	119
781	122	126	126
782	125	122	122
783	121	125	125
784	134	121	121
785	117	134	134
786	121	117	117
787	121	121	121
788	116	121	121
789	126	116	116
790	111	126	126
791	120	111	111
792	109	120	120
793	118	109	109
794	128	118	118
795	117	128	128
796	119	117	117
797	123	119	119
798	130	123	123
799	122	130	130
800	0	122	122
801	135	0	0
802	115	135	135
803	136	115	115
804	131	136	136
805	142	131	131
806	109	142	142
807	114	109	109
808	105	114	114
809	130	105	105
810	129	130	130
811	114	129	129
812	125	114	114
813	125	125	125
814	120	125	125
815	106	120	120
816	133	106	106
817	133	133	133
818	130	133	133
819	128	130	130
820	120	128	128
821	119	120	120
822	135	119	119
823	118	135	135
824	117	118	118
825	122	117	117
826	128	122	122
827	129	128	128
828	130	129	129
829	120	130	130
830	143	120	120
831	122	143	143
832	114	122	122
833	111	114	114
834	125	111	111
835	119	125	125
836	118	119	119
837	129	118	118
838	136	129	129
839	133	136	136
840	111	133	133
841	129	111	111
842	121	129	129
843	127	121	121
844	121	127	127
845	126	121	121
846	114	126	126
847	116	114	114
848	126	116	116
849	129	126	126
850	0	129	129
851	126	0	0
852	133	126	126
853	119	133	133
854	137	119	119
855	128	137	137
856	117	128	128
857	122	117	117
858	123	122	122
859	119	123	123
860	134	119	119
861	132	134	134
862	134	132	132
863	123	134	134
864	121	123	123
865	138	121	121
866	127	138	138
867	123	127	127
868	129	123	123
869	126	129	129
870	128	126	126
871	136	128	128
872	133	136	136
873	130	133	133
874	124	130	130
875	121	124	124
876	149	121	121
877	129	149	149
878	128	129	129
879	121	128	128
880	135	121	121
881	115	135	135
882	121	115	115
883	122	121	121
884	126	122	122
885	128	126	126
886	107	128	128
887	113	107	107
888	115	113	113
889	124	115	115
890	116	124	124
891	121	116	116
892	116	121	121
893	123	116	116
894	112	123	123
895	124	112	112
896	148	124	124
897	117	148	148
898	126	117	117
899	112	126	126
900	248	112	112
901	113	248	248
902	119	113	113
903	128	119	119
904	128	128	128
905	131	128	128
906	113	131	131
907	115	113	113
908	118	115	115
909	133	118	118
910	127	133	133
911	130	127	127
912	118	130	130
913	116	118	118
914	122	116	116
915	120	122	122
916	126	120	120
917	126	126	126
918	128	126	126
919	123	128	128
920	111	123	123
921	121	111	111
922	133	121	121
923	125	133	133
924	116	125	125
925	123	116	116
926	119	123	123
927	124	119	119
928	130	124	124
929	118	130	130
930	113	118	118
931	120	113	113
932	115	120	120
933	111	115	115
934	111	111	111
935	120	111	111
936	134	120	120
937	136	134	134
938	130	136	136
939	117	130	130
940	140	117	117
941	106	140	140
942	122	106	106
943	132	122	122
944	123	132	132
945	115	123	123
946	136	115	115
947	121	136	136
948	128	121	121
949	128	128	128
950	0	128	128
951	115	0	0
952	129	115	115
953	119	129	129
954	123	119	119
955	113	123	123
956	125	113	113
957	118	125	125
958	132	118	118
959	137	132	132
960	134	137	137
961	128	134	134
962	120	128	128
963	129	120	120
964	121	129	129
965	135	121	121
966	120	135	135
967	124	120	120
968	130	124	124
969	117	130	130
970	121	117	117
971	132	121	121
972	135	132	132
973	127	135	135
974	131	127	127
975	129	131	131
976	123	129	129
977	129	123	123
978	118	129	129
979	122	118	118
980	126	122	122
981	128	126	126
982	125	128	128
983	132	125	125
984	122	132	132
985	138	122	122
986	125	138	138
987	143	125	125
988	120	143	143
989	134	120	120
990	129	134	134
991	129	129	129
992	122	129	129
993	122	122	122
994	116	122	122
995	111	116	116
996	124	111	111
997	126	124	124
998	110	126	126
999	132	110	110
