0	2000	0	0
1	997	0	0
2	997	0	0
3	1011	0	0
4	983	0	0
5	958	0	0
6	967	0	0
7	1033	0	0
8	1003	0	0
9	1023	0	0
10	987	0	0
11	1010	0	0
12	1028	0	0
13	1002	0	0
14	981	0	0
15	1006	0	0
16	1047	0	0
17	1031	0	0
18	1001	0	0
19	1023	0	0
20	993	0	0
21	1001	0	0
22	1008	0	0
23	991	0	0
24	1041	0	0
25	991	0	0
26	988	0	0
27	1014	0	0
28	971	0	0
29	1022	0	0
30	1017	0	0
31	1009	0	0
32	1019	0	0
33	988	0	0
34	1003	0	0
35	1022	0	0
36	1003	0	0
37	942	0	0
38	967	0	0
39	1006	0	0
40	1031	0	0
41	1014	0	0
42	985	0	0
43	987	0	0
44	1008	0	0
45	1013	0	0
46	1034	0	0
47	1000	0	0
48	958	0	0
49	997	0	0
50	1018	0	0
51	1005	0	0
52	999	0	0
53	997	0	0
54	995	0	0
55	946	0	0
56	1031	0	0
57	1023	0	0
58	970	0	0
59	980	0	0
60	974	0	0
61	995	0	0
62	972	0	0
63	989	0	0
64	1002	0	0
65	971	0	0
66	1027	0	0
67	1001	0	0
68	1008	0	0
69	989	0	0
70	994	0	0
71	1002	0	0
72	952	0	0
73	983	0	0
74	984	0	0
75	993	0	0
76	994	0	0
77	979	0	0
78	1017	0	0
79	1020	0	0
80	1005	0	0
81	1011	0	0
82	1004	0	0
83	1002	0	0
84	995	0	0
85	957	0	0
86	966	0	0
87	1000	0	0
88	1020	0	0
89	1000	0	0
90	1008	0	0
91	986	0	0
92	975	0	0
93	1000	0	0
94	1018	0	0
95	969	0	0
96	983	0	0
97	972	0	0
98	986	0	0
99	963	0	0
100	984	0	0
101	965	0	0
102	971	0	0
103	939	0	0
104	995	0	0
105	953	0	0
106	970	0	0
107	974	0	0
108	949	0	0
109	967	0	0
110	987	0	0
111	960	0	0
112	965	0	0
113	945	0	0
114	987	0	0
115	940	0	0
116	969	0	0
117	980	0	0
118	951	0	0
119	957	0	0
120	1002	0	0
121	947	0	0
122	962	0	0
123	958	0	0
124	975	0	0
125	942	0	0
126	932	0	0
127	947	0	0
128	911	0	0
129	943	0	0
130	916	0	0
131	952	0	0
132	907	0	0
133	917	0	0
134	959	0	0
135	947	0	0
136	927	0	0
137	968	0	0
138	924	0	0
139	921	0	0
140	929	0	0
141	978	0	0
142	932	0	0
143	939	0	0
144	897	0	0
145	933	0	0
146	919	0	0
147	960	0	0
148	942	0	0
149	921	0	0
150	885	0	0
151	895	0	0
152	894	0	0
153	904	0	0
154	955	0	0
155	892	0	0
156	940	0	0
157	861	0	0
158	925	0	0
159	911	0	0
160	919	0	0
161	900	0	0
162	881	0	0
163	929	0	0
164	902	0	0
165	867	0	0
166	860	0	0
167	899	0	0
168	878	0	0
169	887	0	0
170	864	0	0
171	848	0	0
172	865	0	0
173	863	0	0
174	908	0	0
175	905	0	0
176	869	0	0
177	877	0	0
178	855	0	0
179	896	0	0
180	845	0	0
181	847	0	0
182	854	0	0
183	851	0	0
184	869	0	0
185	889	0	0
186	824	0	0
187	825	0	0
188	826	0	0
189	849	0	0
190	860	0	0
191	804	0	0
192	842	0	0
193	859	0	0
194	877	0	0
195	818	0	0
196	849	0	0
197	830	0	0
198	791	0	0
199	837	0	0
200	792	2	0
201	764	24	0
202	735	0	0
203	730	0	0
204	739	0	0
205	741	0	0
206	715	0	0
207	756	0	0
208	742	0	0
209	742	0	0
210	728	0	0
211	727	0	0
212	766	0	0
213	736	0	0
214	701	0	0
215	740	0	0
216	721	0	0
217	732	0	0
218	707	0	0
219	748	0	0
220	697	0	0
221	720	0	0
222	728	0	0
223	711	0	0
224	698	0	0
225	705	0	0
226	692	0	0
227	708	0	0
228	699	0	0
229	688	0	0
230	697	0	0
231	694	0	0
232	724	0	0
233	681	0	0
234	670	0	0
235	667	0	0
236	669	0	0
237	654	0	0
238	681	0	0
239	650	0	0
240	706	0	0
241	676	0	0
242	706	0	0
243	664	0	0
244	660	0	0
245	638	0	0
246	658	0	0
247	638	0	0
248	652	0	0
249	659	0	0
250	669	0	0
251	654	0	0
252	641	0	0
253	685	0	0
254	640	0	0
255	628	0	0
256	633	0	0
257	647	0	0
258	632	0	0
259	603	0	0
260	633	0	0
261	614	0	0
262	630	0	0
263	638	0	0
264	632	0	0
265	615	0	0
266	597	0	0
267	586	0	0
268	637	0	0
269	633	0	0
270	615	0	0
271	581	0	0
272	617	0	0
273	622	0	0
274	576	0	0
275	614	0	0
276	591	0	0
277	585	0	0
278	578	0	0
279	628	0	0
280	600	0	0
281	575	0	0
282	566	0	0
283	608	0	0
284	603	0	0
285	569	0	0
286	586	0	0
287	569	0	0
288	583	0	0
289	578	0	0
290	600	0	0
291	577	0	0
292	564	0	0
293	568	0	0
294	584	0	0
295	586	0	0
296	577	0	0
297	545	0	0
298	587	0	0
299	577	0	0
300	562	0	0
301	574	0	0
302	564	0	0
303	535	0	0
304	569	0	0
305	587	0	0
306	570	0	0
307	571	0	0
308	541	0	0
309	553	0	0
310	545	0	0
311	548	0	0
312	570	0	0
313	546	0	0
314	548	0	0
315	515	0	0
316	546	0	0
317	581	0	0
318	560	0	0
319	570	0	0
320	537	0	0
321	514	0	0
322	540	0	0
323	538	0	0
324	506	0	0
325	551	0	0
326	555	0	0
327	555	0	0
328	546	0	0
329	552	0	0
330	550	0	0
331	562	0	0
332	547	0	0
333	530	0	0
334	552	0	0
335	528	0	0
336	526	0	0
337	494	0	0
338	559	0	0
339	497	0	0
340	514	0	0
341	533	0	0
342	515	0	0
343	514	0	0
344	512	0	0
345	515	0	0
346	525	0	0
347	516	0	0
348	532	0	0
349	537	0	0
350	481	0	0
351	513	0	0
352	517	0	0
353	502	0	0
354	507	0	0
355	522	0	0
356	496	0	0
357	489	0	0
358	508	0	0
359	490	0	0
360	464	0	0
361	472	0	0
362	506	0	0
363	495	0	0
364	524	0	0
365	501	0	0
366	502	0	0
367	476	0	0
368	475	0	0
369	452	0	0
370	512	0	0
371	493	0	0
372	499	0	0
373	496	0	0
374	471	0	0
375	475	0	0
376	488	0	0
377	481	0	0
378	482	0	0
379	488	0	0
380	464	0	0
381	470	0	0
382	474	0	0
383	467	0	0
384	486	0	0
385	469	0	0
386	498	0	0
387	435	0	0
388	461	0	0
389	444	0	0
390	447	0	0
391	459	0	0
392	482	0	0
393	436	0	0
394	453	0	0
395	474	0	0
396	457	0	0
397	452	0	0
398	434	0	0
399	449	0	0
400	447	1	0
401	351	1	0
402	352	1	0
403	355	0	0
404	361	0	0
405	361	0	0
406	367	0	0
407	370	0	0
408	365	0	0
409	352	0	0
410	340	0	0
411	369	0	0
412	360	0	0
413	324	0	0
414	341	0	0
415	357	0	0
416	366	0	0
417	363	0	0
418	351	0	0
419	357	0	0
420	315	0	0
421	358	0	0
422	335	0	0
423	338	0	0
424	327	0	0
425	329	0	0
426	339	0	0
427	337	0	0
428	338	0	0
429	326	0	0
430	353	0	0
431	313	0	0
432	341	0	0
433	323	0	0
434	330	0	0
435	291	0	0
436	324	0	0
437	327	0	0
438	323	0	0
439	332	0	0
440	329	0	0
441	339	0	0
442	303	0	0
443	298	0	0
444	351	0	0
445	306	0	0
446	316	0	0
447	313	0	0
448	314	0	0
449	324	0	0
450	304	0	0
451	332	0	0
452	323	0	0
453	333	0	0
454	293	0	0
455	300	0	0
456	313	0	0
457	297	0	0
458	301	0	0
459	315	0	0
460	300	0	0
461	315	0	0
462	308	0	0
463	316	0	0
464	282	0	0
465	305	0	0
466	298	0	0
467	298	0	0
468	281	0	0
469	299	0	0
470	278	0	0
471	291	0	0
472	307	0	0
473	289	0	0
474	295	0	0
475	291	0	0
476	298	0	0
477	297	0	0
478	285	0	0
479	288	0	0
480	278	0	0
481	279	0	0
482	291	0	0
483	295	0	0
484	269	0	0
485	282	0	0
486	298	0	0
487	302	0	0
488	261	0	0
489	275	0	0
490	258	0	0
491	284	0	0
492	268	0	0
493	266	0	0
494	279	0	0
495	267	0	0
496	272	0	0
497	270	0	0
498	298	0	0
499	290	0	0
500	263	0	0
501	276	0	0
502	269	0	0
503	250	0	0
504	250	0	0
505	276	0	0
506	267	0	0
507	268	0	0
508	269	0	0
509	284	0	0
510	278	0	0
511	244	0	0
512	247	0	0
513	245	0	0
514	252	0	0
515	249	0	0
516	240	0	0
517	242	0	0
518	262	0	0
519	269	0	0
520	258	0	0
521	252	0	0
522	243	0	0
523	233	0	0
524	266	0	0
525	243	0	0
526	263	0	0
527	241	0	0
528	246	0	0
529	239	0	0
530	244	0	0
531	249	0	0
532	250	0	0
533	229	0	0
534	252	0	0
535	233	0	0
536	256	0	0
537	239	0	0
538	245	0	0
539	252	0	0
540	240	0	0
541	245	0	0
542	244	0	0
543	245	0	0
544	236	0	0
545	249	0	0
546	251	0	0
547	218	0	0
548	236	0	0
549	220	0	0
550	232	0	0
551	227	0	0
552	226	0	0
553	227	0	0
554	226	0	0
555	232	0	0
556	258	0	0
557	212	0	0
558	229	0	0
559	228	0	0
560	231	0	0
561	237	0	0
562	216	0	0
563	224	0	0
564	218	0	0
565	222	0	0
566	222	0	0
567	219	0	0
568	227	0	0
569	220	0	0
570	203	0	0
571	212	0	0
572	225	0	0
573	227	0	0
574	237	0	0
575	224	0	0
576	205	0	0
577	210	0	0
578	197	0	0
579	199	0	0
580	238	0	0
581	198	0	0
582	222	0	0
583	223	0	0
584	215	0	0
585	198	0	0
586	215	0	0
587	209	0	0
588	188	0	0
589	190	0	0
590	205	0	0
591	192	0	0
592	206	0	0
593	218	0	0
594	209	0	0
595	211	0	0
596	200	0	0
597	206	0	0
598	207	0	0
599	176	0	0
600	206	2	0
601	156	1	0
602	155	1	1
603	157	0	0
604	154	0	0
605	162	0	0
606	156	0	0
607	152	0	0
608	140	0	0
609	141	0	0
610	165	0	0
611	146	0	0
612	165	0	0
613	164	0	0
614	137	0	0
615	157	0	0
616	155	0	0
617	169	0	0
618	148	0	0
619	148	0	0
620	135	0	0
621	143	0	0
622	157	0	0
623	172	0	0
624	132	0	0
625	158	0	0
626	151	0	0
627	148	0	0
628	135	0	0
629	146	0	0
630	139	0	0
631	141	0	0
632	137	0	0
633	137	0	0
634	151	0	0
635	144	0	0
636	147	0	0
637	139	0	0
638	154	0	0
639	137	0	0
640	117	0	0
641	143	0	0
642	131	0	0
643	145	0	0
644	120	0	0
645	134	0	0
646	147	0	0
647	139	0	0
648	130	0	0
649	137	0	0
650	141	0	0
651	127	0	0
652	135	0	0
653	125	0	0
654	139	0	0
655	135	0	0
656	117	0	0
657	126	0	0
658	124	0	0
659	132	0	0
660	143	0	0
661	132	0	0
662	127	0	0
663	127	0	0
664	119	0	0
665	140	0	0
666	135	0	0
667	112	0	0
668	118	0	0
669	127	0	0
670	119	0	0
671	110	0	0
672	123	0	0
673	130	0	0
674	116	0	0
675	121	0	0
676	117	0	0
677	107	0	0
678	111	0	0
679	113	0	0
680	134	0	0
681	113	0	0
682	116	0	0
683	110	0	0
684	112	0	0
685	126	0	0
686	113	0	0
687	114	0	0
688	99	0	0
689	125	0	0
690	106	0	0
691	111	0	0
692	110	0	0
693	113	0	0
694	99	0	0
695	118	0	0
696	109	0	0
697	114	0	0
698	100	0	0
699	115	0	0
700	108	0	0
701	97	0	0
702	115	0	0
703	105	0	0
704	108	0	0
705	112	0	0
706	106	0	0
707	119	0	0
708	94	0	0
709	99	0	0
710	104	0	0
711	93	0	0
712	97	0	0
713	97	0	0
714	113	0	0
715	85	0	0
716	98	0	0
717	108	0	0
718	90	0	0
719	99	0	0
720	104	0	0
721	104	0	0
722	101	0	0
723	97	0	0
724	92	0	0
725	90	0	0
726	108	0	0
727	95	0	0
728	95	0	0
729	102	0	0
730	101	0	0
731	88	0	0
732	93	0	0
733	97	0	0
734	106	0	0
735	87	0	0
736	98	0	0
737	88	0	0
738	99	0	0
739	89	0	0
740	98	0	0
741	94	0	0
742	104	0	0
743	102	0	0
744	101	0	0
745	102	0	0
746	99	0	0
747	102	0	0
748	98	0	0
749	86	0	0
750	99	0	0
751	91	0	0
752	87	0	0
753	92	0	0
754	87	0	0
755	89	0	0
756	89	0	0
757	92	0	0
758	92	0	0
759	97	0	0
760	88	0	0
761	91	0	0
762	78	0	0
763	88	0	0
764	91	0	0
765	84	0	0
766	91	0	0
767	89	0	0
768	87	0	0
769	83	0	0
770	91	0	0
771	87	0	0
772	82	0	0
773	83	0	0
774	86	0	0
775	68	0	0
776	90	0	0
777	74	0	0
778	88	0	0
779	83	0	0
780	81	0	0
781	87	0	0
782	75	0	0
783	83	0	0
784	82	0	0
785	79	0	0
786	80	0	0
787	81	0	0
788	91	0	0
789	73	0	0
790	79	0	0
791	76	0	0
792	83	0	0
793	73	0	0
794	79	0	0
795	83	0	0
796	72	0	0
797	81	0	0
798	92	0	0
799	76	0	0
800	83	2	0
801	64	1	0
802	57	1	1
803	63	0	0
804	64	2	0
805	65	0	0
806	58	0	0
807	56	0	0
808	60	0	0
809	68	0	0
810	57	0	0
811	62	0	0
812	53	0	0
813	61	0	0
814	69	0	0
815	61	0	0
816	53	0	0
817	62	0	0
818	65	0	0
819	48	0	0
820	61	0	0
821	67	0	0
822	44	0	0
823	61	1	0
824	67	0	0
825	58	0	0
826	56	0	0
827	55	0	0
828	53	0	0
829	58	12	0
830	57	0	0
831	45	0	0
832	58	0	0
833	59	0	0
834	54	0	0
835	58	0	0
836	65	0	0
837	51	0	0
838	58	0	0
839	52	0	0
840	53	0	0
841	48	0	0
842	53	0	0
843	61	0	0
844	50	0	0
845	55	0	0
846	47	0	0
847	55	1	0
848	53	0	0
849	58	0	0
850	54	0	0
851	51	0	0
852	55	0	0
853	51	0	0
854	44	0	0
855	51	0	0
856	51	0	0
857	56	0	0
858	51	0	0
859	48	0	0
860	45	0	0
861	42	5	0
862	59	0	0
863	51	0	0
864	48	0	0
865	53	0	0
866	51	0	0
867	43	0	0
868	49	0	0
869	44	0	0
870	47	0	0
871	40	0	0
872	46	0	0
873	37	0	0
874	44	0	0
875	49	0	0
876	45	0	0
877	41	0	0
878	48	0	0
879	45	0	0
880	48	0	0
881	44	0	0
882	32	0	0
883	45	0	0
884	48	0	0
885	45	0	0
886	44	0	0
887	48	0	0
888	52	0	0
889	42	0	0
890	41	0	0
891	40	0	0
892	46	0	0
893	34	0	0
894	36	0	0
895	36	0	0
896	37	0	0
897	46	0	0
898	34	0	0
899	42	0	0
900	37	0	0
901	40	0	0
902	40	0	0
903	46	0	0
904	34	0	0
905	37	0	0
906	40	0	0
907	39	0	0
908	39	0	0
909	28	0	0
910	36	0	0
911	32	0	0
912	38	0	0
913	34	0	0
914	39	0	0
915	37	0	0
916	37	0	0
917	35	0	0
918	39	0	0
919	37	0	0
920	38	0	0
921	36	0	0
922	36	0	0
923	27	0	0
924	43	0	0
925	38	0	0
926	42	0	0
927	31	0	0
928	32	0	0
929	43	0	0
930	35	0	0
931	32	0	0
932	41	0	0
933	43	0	0
934	40	0	0
935	36	2	0
936	36	0	0
937	38	0	0
938	39	0	0
939	27	0	0
940	35	0	0
941	31	0	0
942	29	0	0
943	35	0	0
944	36	0	0
945	41	0	0
946	32	0	0
947	28	0	0
948	41	0	0
949	36	0	0
950	32	0	0
951	34	0	0
952	36	0	0
953	31	0	0
954	32	0	0
955	37	0	0
956	35	0	0
957	36	0	0
958	35	0	0
959	29	0	0
960	37	0	0
961	31	0	0
962	29	0	0
963	26	0	0
964	39	0	0
965	33	0	0
966	25	0	0
967	37	0	0
968	27	0	0
969	34	0	0
970	34	0	0
971	34	3	0
972	35	0	0
973	32	0	0
974	29	0	0
975	32	3	0
976	30	8	0
977	28	0	0
978	34	0	0
979	29	0	0
980	31	0	0
981	27	0	0
982	32	0	0
983	30	0	0
984	24	0	0
985	30	0	0
986	26	0	0
987	32	0	0
988	34	0	0
989	29	0	0
990	35	0	0
991	23	0	0
992	42	0	0
993	24	0	0
994	31	0	0
995	37	0	0
996	30	0	0
997	26	0	0
998	28	0	0
999	28	0	0
