0	2000	0	0
1	1154	973	973
2	1117	651	345
3	1098	741	499
4	1111	815	530
5	1128	812	607
6	1125	844	650
7	1110	804	588
8	1140	715	517
9	1106	713	468
10	1073	650	431
11	1111	549	343
12	1044	574	357
13	1080	540	335
14	1075	523	328
15	1055	531	300
16	1083	472	272
17	1030	495	274
18	1102	491	266
19	1054	534	298
20	1079	498	280
21	1079	457	256
22	1055	401	211
23	1077	412	210
24	1106	453	228
25	1079	490	221
26	1065	445	206
27	1037	469	213
28	1062	453	203
29	1089	390	191
30	1062	420	216
31	1058	463	232
32	1036	464	229
33	1089	431	201
34	1075	485	244
35	1089	474	226
36	1073	408	185
37	1107	428	198
38	1076	463	219
39	1043	469	227
40	1122	440	227
41	1138	477	234
42	1064	502	274
43	1089	514	256
44	1071	476	255
45	1063	463	254
46	1056	435	228
47	1068	440	219
48	1088	434	207
49	1075	456	254
50	1034	5	0
51	990	0	0
52	1000	472	188
53	964	405	263
54	998	426	335
55	1039	488	401
56	995	392	363
57	996	296	286
58	973	437	343
59	951	321	299
60	992	320	287
61	990	361	284
62	973	277	264
63	1005	193	185
64	1013	209	172
65	960	281	192
66	1005	257	173
67	1008	265	162
68	1025	245	166
69	1007	314	180
70	957	322	172
71	1033	243	139
72	994	349	157
73	1012	273	153
74	1033	305	156
75	1025	322	178
76	1034	325	153
77	958	322	147
78	970	267	133
79	981	311	148
80	1007	326	177
81	1027	331	169
82	1059	345	169
83	984	346	184
84	1017	294	154
85	1022	312	170
86	1016	379	190
87	1015	325	176
88	979	377	193
89	1026	350	195
90	1012	371	208
91	1049	373	217
92	1025	400	225
93	1011	373	216
94	993	369	194
95	1014	332	177
96	1012	330	186
97	1020	352	204
98	996	373	202
99	983	298	141
100	1473	615	386
101	477	294	184
102	496	32	30
103	516	160	57
104	520	197	91
105	514	73	37
106	503	83	37
107	498	69	22
108	518	19	11
109	529	22	7
110	496	42	8
111	456	34	13
112	478	29	5
113	512	12	4
114	475	0	0
115	511	0	0
116	509	7	1
117	494	0	0
118	475	0	0
119	499	0	0
120	517	6	0
121	493	0	0
122	483	23	3
123	482	0	0
124	508	0	0
125	463	21	2
126	492	13	1
127	498	49	2
128	487	91	7
129	465	49	8
130	478	39	5
131	486	67	11
132	476	12	6
133	482	34	9
134	476	22	3
135	439	49	14
136	460	55	3
137	496	40	5
138	501	7	1
139	475	15	2
140	483	26	5
141	442	35	3
142	450	23	2
143	449	9	2
144	477	1	0
145	452	1	0
146	446	0	0
147	447	7	2
148	468	3	0
149	466	50	1
150	608	240	45
151	312	229	51
152	302	3	0
153	312	28	8
154	303	1	0
155	302	13	4
156	313	7	2
157	277	7	1
158	279	0	0
159	311	15	2
160	280	3	0
161	288	8	3
162	287	15	1
163	284	0	0
164	296	0	0
165	298	0	0
166	284	0	0
167	310	6	0
168	307	0	0
169	312	0	0
170	285	4	0
171	292	4	0
172	289	45	3
173	279	0	0
174	308	0	0
175	273	33	2
176	300	10	0
177	292	0	0
178	285	0	0
179	278	4	1
180	291	0	0
181	295	0	0
182	280	0	0
183	289	0	0
184	294	45	2
185	283	0	0
186	282	0	0
187	289	0	0
188	274	0	0
189	270	0	0
190	290	0	0
191	272	0	0
192	296	19	1
193	257	16	1
194	281	1	0
195	273	0	0
196	270	0	0
197	286	0	0
198	294	0	0
199	294	8	0
200	348	124	8
201	179	59	11
202	164	0	0
203	167	0	0
204	166	3	0
205	178	0	0
206	166	0	0
207	177	0	0
208	181	0	0
209	168	3	0
210	163	0	0
211	172	0	0
212	173	0	0
213	148	0	0
214	170	0	0
215	147	0	0
216	167	0	0
217	174	0	0
218	169	0	0
219	164	1	0
220	176	0	0
221	156	0	0
222	167	0	0
223	166	0	0
224	168	0	0
225	155	0	0
226	167	0	0
227	156	0	0
228	175	12	0
229	166	0	0
230	157	0	0
231	149	0	0
232	156	0	0
233	162	0	0
234	169	0	0
235	161	0	0
236	161	0	0
237	165	0	0
238	171	0	0
239	157	20	1
240	165	3	0
241	164	0	0
242	159	0	0
243	167	0	0
244	156	0	0
245	142	24	3
246	170	1	0
247	163	0	0
248	170	0	0
249	163	20	0
250	197	73	11
251	85	4	0
252	90	3	1
253	83	0	0
254	69	0	0
255	76	1	0
256	80	0	0
257	87	0	0
258	86	0	0
259	75	1	0
260	84	1	0
261	78	0	0
262	69	0	0
263	85	0	0
264	71	0	0
265	79	0	0
266	70	0	0
267	72	0	0
268	77	0	0
269	81	0	0
270	74	0	0
271	86	0	0
272	76	0	0
273	80	0	0
274	78	0	0
275	79	0	0
276	85	1	0
277	71	0	0
278	77	0	0
279	77	0	0
280	74	0	0
281	88	0	0
282	85	0	0
283	72	0	0
284	75	0	0
285	84	0	0
286	76	0	0
287	80	0	0
288	78	0	0
289	83	0	0
290	73	0	0
291	75	0	0
292	87	0	0
293	73	0	0
294	88	0	0
295	78	0	0
296	82	0	0
297	83	0	0
298	85	0	0
299	84	0	0
300	93	20	3
301	63	22	2
302	61	0	0
303	63	0	0
304	53	0	0
305	58	0	0
306	44	0	0
307	57	0	0
308	53	0	0
309	56	0	0
310	49	0	0
311	56	0	0
312	56	0	0
313	61	0	0
314	62	0	0
315	60	0	0
316	67	0	0
317	57	0	0
318	55	6	1
319	51	2	0
320	61	0	0
321	62	0	0
322	59	0	0
323	54	0	0
324	53	0	0
325	62	0	0
326	55	0	0
327	61	0	0
328	53	0	0
329	51	0	0
330	60	0	0
331	51	0	0
332	57	0	0
333	58	0	0
334	57	0	0
335	54	0	0
336	50	0	0
337	53	4	0
338	56	0	0
339	52	0	0
340	55	0	0
341	58	0	0
342	58	0	0
343	57	0	0
344	60	4	0
345	59	0	0
346	44	0	0
347	42	0	0
348	58	0	0
349	59	0	0
350	67	19	2
351	32	2	0
352	30	3	0
353	35	0	0
354	28	0	0
355	28	0	0
356	29	0	0
357	38	1	0
358	35	0	0
359	23	0	0
360	27	0	0
361	29	1	0
362	26	1	0
363	30	1	0
364	29	0	0
365	27	3	0
366	26	0	0
367	31	0	0
368	37	0	0
369	30	0	0
370	23	0	0
371	30	0	0
372	26	0	0
373	29	1	0
374	34	0	0
375	29	0	0
376	26	2	0
377	29	0	0
378	33	8	0
379	23	15	4
380	33	1	0
381	23	0	0
382	29	0	0
383	39	0	0
384	36	0	0
385	36	0	0
386	29	0	0
387	29	0	0
388	29	0	0
389	32	0	0
390	29	0	0
391	41	0	0
392	29	0	0
393	34	0	0
394	30	0	0
395	32	0	0
396	33	1	0
397	29	1	0
398	38	1	0
399	32	3	1
400	42	20	1
401	12	6	3
402	19	3	1
403	21	1	0
404	12	1	0
405	20	0	0
406	19	0	0
407	19	1	0
408	17	6	1
409	18	3	0
410	19	0	0
411	16	0	0
412	18	0	0
413	16	2	0
414	17	1	0
415	17	0	0
416	19	3	1
417	15	0	0
418	19	0	0
419	15	1	0
420	17	0	0
421	17	0	0
422	13	3	1
423	17	3	0
424	16	0	0
425	23	2	0
426	22	4	0
427	16	0	0
428	21	0	0
429	18	1	0
430	15	3	0
431	13	1	0
432	21	4	1
433	16	6	3
434	17	0	0
435	14	0	0
436	18	2	1
437	15	1	0
438	12	5	2
439	15	2	0
440	21	0	0
441	15	0	0
442	16	0	0
443	21	3	0
444	16	0	0
445	13	0	0
446	16	0	0
447	22	3	1
448	17	2	0
449	13	4	1
450	18	1	0
451	13	6	0
452	14	0	0
453	15	0	0
454	11	0	0
455	15	1	0
456	13	0	0
457	18	0	0
458	8	0	0
459	16	1	0
460	20	0	0
461	15	0	0
462	16	0	0
463	14	0	0
464	13	0	0
465	14	4	0
466	13	0	0
467	19	0	0
468	14	0	0
469	15	10	2
470	14	12	6
471	17	7	2
472	14	5	2
473	13	0	0
474	16	0	0
475	21	0	0
476	11	0	0
477	13	0	0
478	13	2	0
479	13	0	0
480	13	0	0
481	16	0	0
482	13	0	0
483	17	0	0
484	10	5	1
485	13	0	0
486	15	1	0
487	15	0	0
488	13	6	2
489	12	0	0
490	13	1	0
491	13	0	0
492	15	0	0
493	16	0	0
494	18	0	0
495	13	0	0
496	9	0	0
497	18	0	0
498	11	0	0
499	18	3	0
500	17	7	0
501	13	11	5
502	9	0	0
503	22	0	0
504	18	0	0
505	13	0	0
506	18	0	0
507	18	0	0
508	13	2	0
509	17	0	0
510	9	0	0
511	14	2	0
512	13	1	0
513	14	0	0
514	11	8	2
515	14	3	1
516	15	0	0
517	13	0	0
518	12	4	1
519	16	0	0
520	11	5	0
521	16	2	1
522	13	4	1
523	13	0	0
524	16	2	0
525	19	0	0
526	15	0	0
527	16	3	0
528	15	0	0
529	15	1	0
530	14	0	0
531	8	0	0
532	14	0	0
533	16	0	0
534	17	0	0
535	13	4	0
536	16	0	0
537	14	2	0
538	11	0	0
539	16	1	0
540	11	0	0
541	16	0	0
542	16	0	0
543	18	0	0
544	15	0	0
545	13	2	0
546	15	3	1
547	14	0	0
548	10	1	0
549	18	2	1
550	19	7	0
551	11	1	0
552	10	1	1
553	9	4	0
554	11	3	1
555	6	3	1
556	8	0	0
557	8	0	0
558	7	2	0
559	6	0	0
560	8	1	0
561	10	4	0
562	6	0	0
563	11	2	0
564	10	3	1
565	11	0	0
566	10	0	0
567	7	1	0
568	8	2	0
569	7	0	0
570	11	1	0
571	7	1	0
572	9	2	0
573	8	2	0
574	8	0	0
575	11	1	0
576	6	2	0
577	10	1	0
578	11	0	0
579	5	2	0
580	8	0	0
581	9	1	0
582	8	3	1
583	14	2	0
584	8	3	2
585	10	1	0
586	11	0	0
587	10	0	0
588	8	0	0
589	12	1	0
590	9	0	0
591	11	0	0
592	9	2	0
593	8	0	0
594	11	0	0
595	10	0	0
596	10	2	0
597	7	1	0
598	9	3	0
599	11	0	0
600	9	5	2
601	7	1	1
602	6	7	7
603	6	1	1
604	6	3	1
605	8	1	0
606	6	1	0
607	5	3	0
608	7	1	0
609	5	5	2
610	5	3	2
611	5	2	0
612	6	1	0
613	6	4	2
614	7	1	1
615	7	5	1
616	8	3	3
617	5	1	0
618	6	3	2
619	6	1	0
620	7	1	0
621	8	0	0
622	5	2	0
623	8	2	1
624	5	1	0
625	9	3	1
626	5	2	1
627	4	5	4
628	5	2	0
629	6	1	1
630	7	1	0
631	6	2	0
632	5	1	0
633	6	1	1
634	5	3	2
635	7	1	1
636	7	2	0
637	5	2	0
638	8	3	0
639	5	3	1
640	4	0	0
641	6	3	1
642	3	4	1
643	4	2	1
644	3	2	0
645	3	2	1
646	5	1	1
647	6	2	0
648	4	1	0
649	7	3	1
650	8	2	1
651	4	1	1
652	6	1	1
653	5	1	0
654	6	3	0
655	4	4	1
656	4	3	2
657	5	2	1
658	7	1	1
659	4	5	3
660	3	4	3
661	5	3	3
662	5	4	3
663	4	5	5
664	6	4	3
665	3	1	1
666	4	2	0
667	5	4	3
668	6	2	0
669	5	2	1
670	3	5	5
671	5	1	1
672	3	2	0
673	3	2	0
674	2	1	0
675	5	1	1
676	4	4	2
677	5	2	2
678	7	3	2
679	6	6	4
680	6	1	1
681	8	2	1
682	3	4	3
683	7	1	1
684	7	4	0
685	5	1	0
686	8	3	1
687	6	1	0
688	5	1	0
689	8	2	0
690	6	2	0
691	3	2	0
692	4	2	1
693	6	4	4
694	5	5	3
695	5	1	1
696	5	2	1
697	5	2	0
698	4	3	1
699	5	1	1
700	3	4	2
701	4	1	1
702	1	4	4
703	5	1	1
704	2	1	1
705	5	1	1
706	4	1	0
707	7	3	1
708	5	5	4
709	4	1	1
710	3	1	0
711	5	1	0
712	4	3	2
713	4	4	3
714	4	2	1
715	4	2	0
716	2	2	1
717	6	1	1
718	3	4	0
719	3	3	2
720	4	2	1
721	5	1	0
722	4	3	2
723	4	2	0
724	5	3	3
725	3	2	1
726	5	3	2
727	6	4	3
728	6	6	6
729	3	2	0
730	5	1	0
731	4	2	0
732	5	2	1
733	4	3	2
734	5	3	2
735	6	1	1
736	5	1	0
737	2	2	1
738	3	1	0
739	6	1	1
740	4	2	0
741	4	2	0
742	3	1	0
743	5	1	1
744	5	3	0
745	5	4	3
746	6	1	1
747	4	1	0
748	4	1	1
749	6	1	0
750	4	3	2
751	3	4	4
752	6	1	0
753	4	2	1
754	5	3	1
755	3	1	0
756	5	2	0
757	2	3	2
758	5	1	1
759	6	1	0
760	2	3	2
761	4	2	1
762	3	2	1
763	4	1	0
764	5	1	1
765	3	1	1
766	5	2	2
767	3	3	2
768	6	1	1
769	3	3	1
770	4	3	3
771	3	3	2
772	6	1	0
773	4	5	3
774	5	1	0
775	5	1	0
776	4	3	0
777	6	2	0
778	3	2	1
779	6	2	1
780	4	5	3
781	3	4	4
782	2	3	3
783	5	1	1
784	4	3	2
785	4	4	3
786	5	3	1
787	2	3	2
788	4	1	0
789	2	1	0
790	2	1	1
791	5	1	1
792	3	3	1
793	2	3	3
794	1	1	1
795	6	1	1
796	3	3	1
797	3	3	2
798	4	1	1
799	5	1	1
800	6	1	1
801	5	1	1
802	3	5	5
803	4	1	1
804	4	2	1
805	3	3	2
806	4	3	3
807	2	3	1
808	4	1	1
809	4	1	0
810	4	2	0
811	5	3	0
812	5	1	1
813	5	3	0
814	4	3	1
815	4	3	2
816	2	4	4
817	3	2	2
818	6	2	1
819	3	1	1
820	5	3	3
821	1	1	1
822	4	1	1
823	3	3	1
824	2	2	1
825	4	1	0
826	5	1	1
827	4	1	0
828	7	2	1
829	3	2	1
830	5	3	2
831	3	1	0
832	5	2	0
833	4	3	0
834	4	4	2
835	3	1	0
836	6	2	1
837	6	2	1
838	6	5	4
839	2	6	6
840	6	2	2
841	4	6	6
842	4	4	4
843	3	4	4
844	5	3	3
845	4	5	5
846	4	4	4
847	3	4	4
848	5	3	3
849	2	1	1
850	5	2	2
851	5	1	1
852	4	1	1
853	4	2	0
854	4	2	2
855	5	2	0
856	4	2	0
857	4	3	1
858	6	2	0
859	3	3	1
860	5	1	0
861	5	3	1
862	5	4	2
863	3	1	1
864	4	2	1
865	3	2	1
866	4	2	2
867	3	3	1
868	6	1	0
869	5	4	1
870	3	2	2
871	2	3	1
872	4	2	2
873	2	3	2
874	4	1	1
875	1	2	1
876	4	1	1
877	5	1	0
878	4	1	0
879	2	1	0
880	4	2	1
881	2	3	2
882	5	1	0
883	3	3	1
884	4	2	1
885	1	3	1
886	3	1	1
887	3	1	1
888	2	3	2
889	3	1	0
890	4	3	2
891	3	2	1
892	4	1	1
893	2	4	4
894	4	1	0
895	4	1	0
896	4	2	0
897	5	2	2
898	4	3	2
899	3	4	3
900	4	1	1
901	3	1	1
902	2	3	3
903	2	1	1
904	2	1	0
905	3	2	1
906	2	1	0
907	3	1	0
908	5	3	3
909	3	5	5
910	4	3	3
911	5	4	4
912	3	1	1
913	5	3	3
914	4	1	1
915	3	4	4
916	2	1	1
917	4	1	1
918	3	3	2
919	3	1	0
920	3	3	1
921	2	1	0
922	3	1	0
923	2	3	2
924	3	2	2
925	4	2	1
926	2	2	1
927	2	2	2
928	4	2	2
929	5	3	2
930	3	5	5
931	4	1	1
932	2	3	1
933	2	1	0
934	1	1	0
935	4	1	1
936	3	2	0
937	2	3	2
938	3	1	0
939	4	3	1
940	4	2	1
941	4	1	0
942	2	4	3
943	5	2	1
944	3	4	3
945	4	2	0
946	4	1	0
947	3	1	1
948	3	2	1
949	2	3	2
950	5	2	2
951	4	1	1
952	3	4	4
953	1	1	1
954	4	1	1
955	3	1	0
956	3	1	0
957	2	1	0
958	2	2	0
959	3	2	1
960	1	1	1
961	3	1	1
962	2	2	1
963	4	1	0
964	4	3	2
965	3	1	1
966	1	3	3
967	2	1	1
968	3	2	1
969	3	3	3
970	3	1	1
971	1	1	1
972	2	1	1
973	2	1	0
974	1	2	2
975	3	1	1
976	4	1	0
977	2	4	4
978	2	2	2
979	4	1	1
980	3	2	1
981	4	1	1
982	3	1	1
983	3	3	2
984	3	3	3
985	2	3	3
986	2	1	1
987	1	1	1
988	2	1	1
989	2	2	2
990	1	2	2
991	4	1	1
992	2	4	4
993	3	1	1
994	1	3	2
995	4	1	1
996	1	1	1
997	3	1	1
998	4	1	1
999	4	3	1
