0	500	0	0
1	265	252	252
2	247	130	12
3	267	144	59
4	268	176	110
5	281	193	124
6	291	194	141
7	277	214	163
8	287	214	152
9	266	222	179
10	289	216	168
11	261	217	184
12	267	206	153
13	255	211	176
14	256	201	154
15	271	193	149
16	289	203	151
17	275	224	171
18	268	212	166
19	268	196	156
20	271	213	172
21	274	224	189
22	253	213	177
23	236	207	177
24	243	194	168
25	269	202	165
26	273	216	183
27	239	225	190
28	261	193	151
29	262	203	170
30	256	208	170
31	250	209	173
32	256	204	168
33	267	206	169
34	278	218	187
35	252	224	192
36	275	219	186
37	263	239	202
38	244	211	182
39	238	192	174
40	258	197	176
41	255	223	194
42	264	209	175
43	248	200	170
44	259	196	168
45	272	221	182
46	280	216	186
47	263	216	186
48	247	205	175
49	272	186	163
50	270	222	195
51	265	235	201
52	249	229	189
53	287	206	175
54	269	233	201
55	268	218	185
56	269	220	179
57	263	213	183
58	266	215	182
59	255	214	179
60	255	200	174
61	261	218	183
62	264	207	172
63	261	209	183
64	251	195	165
65	248	195	167
66	254	202	179
67	248	200	167
68	270	189	156
69	285	223	192
70	270	250	217
71	256	231	193
72	258	212	179
73	278	214	181
74	268	222	185
75	266	220	182
76	273	215	181
77	272	222	188
78	254	221	198
79	268	214	180
80	259	210	180
81	264	188	163
82	270	218	179
83	241	211	186
84	273	195	164
85	274	216	185
86	270	229	196
87	274	235	200
88	254	230	196
89	263	217	186
90	280	218	188
91	266	223	197
92	266	221	185
93	255	219	188
94	265	210	178
95	264	215	187
96	272	229	194
97	268	230	205
98	274	223	191
99	260	215	190
100	265	214	190
101	268	226	200
102	258	219	201
103	254	216	191
104	272	197	163
105	257	217	181
106	263	208	178
107	262	212	175
108	267	201	167
109	286	212	170
110	278	236	198
111	238	242	215
112	269	197	173
113	267	227	200
114	286	231	195
115	251	229	200
116	262	221	197
117	266	231	196
118	271	210	178
119	265	218	180
120	285	214	183
121	247	229	204
122	275	208	180
123	262	237	210
124	257	230	198
125	277	220	194
126	260	237	204
127	262	217	179
128	287	207	174
129	276	234	191
130	254	218	189
131	261	211	168
132	261	213	186
133	272	220	181
134	251	224	191
135	265	214	182
136	266	226	199
137	258	221	187
138	279	216	182
139	273	246	221
140	258	246	218
141	265	233	201
142	257	224	195
143	260	215	190
144	270	224	199
145	258	237	208
146	277	225	201
147	258	253	219
148	282	210	182
149	243	237	210
150	268	210	171
151	258	222	196
152	256	203	173
153	251	209	176
154	266	205	178
155	265	227	192
156	257	226	201
157	279	226	211
158	274	262	227
159	252	240	211
160	272	212	179
161	249	225	197
162	268	193	166
163	246	226	188
164	272	202	171
165	262	238	210
166	260	209	185
167	272	212	188
168	268	216	199
169	265	224	194
170	270	230	206
171	260	252	210
172	276	213	188
173	259	241	208
174	272	217	194
175	259	238	201
176	272	215	185
177	265	216	194
178	258	217	192
179	270	219	195
180	275	229	200
181	251	226	197
182	254	203	177
183	256	212	190
184	258	226	194
185	250	221	191
186	254	209	177
187	236	215	186
188	272	195	171
189	291	225	191
190	286	241	210
191	256	245	217
192	266	204	178
193	251	217	183
194	250	210	176
195	261	205	180
196	263	205	169
197	277	206	169
198	265	213	186
199	263	221	194
200	108	159	128
201	261	1	1
202	250	216	184
203	252	188	172
204	268	180	172
205	273	195	183
206	252	211	194
207	245	198	183
208	244	174	163
209	253	190	164
210	247	201	177
211	252	195	176
212	259	207	189
213	235	210	189
214	259	183	159
215	267	207	183
216	259	227	205
217	251	215	193
218	249	208	178
219	248	197	171
220	256	199	180
221	244	195	178
222	257	194	180
223	244	219	186
224	240	213	182
225	258	217	192
226	261	228	208
227	276	233	217
228	263	247	226
229	248	227	215
230	270	205	198
231	240	219	206
232	250	194	182
233	258	201	181
234	257	219	199
235	248	225	201
236	258	209	183
237	263	231	210
238	260	232	208
239	267	225	195
240	248	231	207
241	269	203	182
242	277	239	219
243	257	255	226
244	247	221	198
245	265	208	181
246	276	215	195
247	253	236	217
248	262	222	193
249	237	214	200
250	253	189	172
251	239	196	182
252	262	198	175
253	263	230	210
254	266	243	212
255	243	231	217
256	264	203	184
257	261	209	188
258	258	214	193
259	275	238	213
260	254	257	235
261	248	231	208
262	275	220	205
263	246	246	228
264	243	214	188
265	245	205	186
266	262	208	183
267	248	227	204
268	261	214	185
269	250	222	207
270	271	216	196
271	257	235	217
272	248	219	199
273	254	220	198
274	277	229	205
275	247	247	222
276	264	223	200
277	279	245	225
278	260	252	234
279	248	238	224
280	271	220	201
281	258	241	218
282	254	227	212
283	241	229	213
284	246	215	193
285	252	217	204
286	242	237	216
287	260	221	204
288	252	238	223
289	275	239	225
290	246	259	246
291	255	228	219
292	259	237	225
293	229	240	230
294	277	215	200
295	256	261	239
296	236	229	219
297	271	218	201
298	259	250	230
299	266	242	224
300	274	243	230
301	254	259	243
302	263	227	211
303	257	231	217
304	254	235	218
305	262	228	204
306	261	237	221
307	249	238	218
308	243	225	215
309	258	232	213
310	260	238	227
311	231	247	230
312	251	215	202
313	261	228	212
314	261	237	223
315	255	238	223
316	272	231	210
317	256	245	227
318	260	230	210
319	256	223	207
320	254	228	200
321	266	219	197
322	262	230	212
323	252	243	227
324	259	237	217
325	242	235	224
326	246	228	216
327	251	229	216
328	245	232	219
329	266	221	212
330	273	241	224
331	270	237	225
332	257	249	237
333	243	243	230
334	250	226	218
335	259	240	223
336	274	236	224
337	261	252	245
338	262	241	226
339	247	239	229
340	242	232	217
341	239	204	193
342	257	207	196
343	256	231	207
344	246	221	205
345	260	211	192
346	247	229	217
347	247	216	201
348	264	204	191
349	271	213	203
350	249	224	203
351	243	206	193
352	242	199	175
353	257	209	189
354	260	210	192
355	255	218	194
356	262	227	202
357	248	232	200
358	246	216	193
359	249	209	194
360	260	220	196
361	253	218	200
362	270	213	186
363	236	235	214
364	280	207	185
365	248	232	217
366	270	206	187
367	240	240	216
368	255	215	196
369	257	230	206
370	260	228	213
371	266	233	216
372	248	238	220
373	250	217	201
374	257	225	207
375	240	218	211
376	242	217	205
377	257	223	204
378	246	225	212
379	259	215	199
380	233	238	220
381	236	212	197
382	250	213	194
383	256	224	209
384	235	223	212
385	238	221	205
386	253	220	205
387	249	231	217
388	255	228	212
389	280	220	208
390	248	261	242
391	244	227	211
392	265	225	212
393	266	247	236
394	253	254	247
395	248	246	230
396	245	232	220
397	258	232	223
398	251	247	237
399	237	236	225
400	45	199	181
401	249	0	0
402	254	249	235
403	243	241	234
404	251	227	224
405	250	226	218
406	253	229	224
407	241	231	227
408	250	214	208
409	247	233	218
410	255	226	211
411	260	231	223
412	240	214	207
413	273	200	185
414	246	249	224
415	261	185	177
416	270	208	190
417	254	220	207
418	259	203	189
419	265	219	201
420	241	226	207
421	263	192	185
422	268	209	195
423	249	232	201
424	252	219	188
425	242	212	186
426	246	207	189
427	252	213	192
428	267	207	187
429	260	225	206
430	269	220	195
431	246	231	205
432	257	204	187
433	267	214	195
434	251	230	203
435	244	209	182
436	270	201	180
437	249	233	213
438	255	203	190
439	260	227	210
440	244	219	197
441	251	214	193
442	248	224	209
443	259	227	210
444	253	233	216
445	245	220	200
446	261	212	195
447	246	228	211
448	256	214	202
449	264	221	203
450	236	233	209
451	247	203	183
452	240	223	206
453	266	214	194
454	262	231	213
455	259	233	218
456	249	242	218
457	268	226	214
458	244	246	231
459	255	210	204
460	247	234	217
461	242	225	216
462	253	230	213
463	256	240	228
464	240	234	226
465	250	209	204
466	275	229	218
467	270	255	240
468	255	242	233
469	238	233	218
470	258	212	203
471	269	227	219
472	278	250	232
473	252	254	244
474	264	237	225
475	262	241	229
476	257	228	223
477	256	223	216
478	259	229	221
479	249	245	229
480	243	237	224
481	225	235	225
482	253	217	208
483	242	232	222
484	257	217	211
485	239	237	226
486	264	222	208
487	283	253	243
488	260	269	255
489	266	240	231
490	278	251	235
491	259	259	253
492	257	246	242
493	251	239	229
494	262	240	225
495	257	245	237
496	258	248	233
497	260	243	237
498	257	247	240
499	241	238	225
500	250	217	207
501	268	239	228
502	278	253	240
503	279	253	241
504	258	245	231
505	251	230	211
506	263	223	209
507	244	240	219
508	256	217	203
509	256	236	219
510	251	233	222
511	256	229	218
512	246	240	225
513	268	228	210
514	262	237	226
515	250	241	227
516	263	237	222
517	238	246	233
518	232	221	211
519	247	221	205
520	264	227	217
521	253	246	232
522	270	233	216
523	237	251	242
524	240	224	207
525	248	221	212
526	248	234	221
527	266	231	224
528	257	256	243
529	264	236	227
530	246	246	238
531	266	227	216
532	261	249	238
533	291	246	232
534	261	275	258
535	237	244	234
536	252	231	221
537	269	240	227
538	260	251	234
539	256	241	230
540	259	233	222
541	278	241	227
542	259	260	239
543	272	238	220
544	252	246	234
545	258	244	230
546	264	246	236
547	261	240	229
548	236	235	222
549	240	206	200
550	233	197	187
551	245	171	161
552	267	198	178
553	250	229	203
554	277	220	200
555	257	246	218
556	241	221	198
557	267	205	184
558	293	221	201
559	231	262	242
560	251	197	176
561	274	212	196
562	262	235	218
563	238	226	203
564	249	186	166
565	252	199	184
566	260	216	189
567	263	216	198
568	252	232	206
569	248	215	193
570	264	220	201
571	260	237	218
572	268	230	213
573	260	236	211
574	252	218	194
575	238	200	181
576	249	202	177
577	259	214	198
578	259	220	195
579	247	208	187
580	261	183	171
581	242	200	187
582	242	196	173
583	240	196	175
584	256	204	179
585	259	221	186
586	245	217	186
587	248	208	188
588	276	215	190
589	259	241	222
590	260	227	201
591	254	228	205
592	243	225	209
593	259	225	202
594	240	229	219
595	233	225	213
596	244	215	204
597	237	228	218
598	257	226	209
599	232	231	214
600	61	169	158
601	229	0	0
602	234	229	209
603	230	234	225
604	243	228	222
605	250	221	216
606	235	226	218
607	232	215	211
608	238	213	212
609	250	216	213
610	244	226	219
611	241	219	215
612	258	217	204
613	244	222	218
614	254	214	198
615	274	219	207
616	261	233	219
617	247	201	194
618	258	205	194
619	238	230	207
620	260	192	178
621	229	215	199
622	239	182	172
623	248	199	180
624	242	217	195
625	264	219	200
626	255	220	200
627	283	215	198
628	256	248	224
629	268	203	193
630	243	218	201
631	262	208	185
632	262	214	194
633	253	211	201
634	266	216	194
635	252	231	208
636	261	207	190
637	262	227	205
638	264	218	204
639	264	221	197
640	260	207	185
641	259	223	200
642	262	215	196
643	250	211	191
644	257	199	172
645	242	217	189
646	242	200	178
647	264	201	179
648	271	231	212
649	247	240	211
650	251	216	192
651	255	227	215
652	261	234	212
653	251	234	213
654	264	223	206
655	253	234	220
656	245	222	202
657	240	206	188
658	256	203	183
659	252	206	187
660	246	208	189
661	257	224	196
662	257	227	208
663	241	237	219
664	272	202	188
665	246	222	203
666	225	199	185
667	258	194	169
668	255	219	200
669	243	208	194
670	239	204	182
671	254	205	176
672	259	221	196
673	259	233	209
674	271	227	207
675	278	238	222
676	265	244	215
677	255	226	215
678	237	225	203
679	256	203	187
680	263	225	200
681	271	238	212
682	250	239	227
683	273	230	211
684	243	241	227
685	248	213	198
686	241	219	201
687	250	218	198
688	244	220	210
689	243	227	208
690	264	220	200
691	253	239	227
692	250	237	212
693	248	223	208
694	266	228	218
695	266	242	223
696	257	238	219
697	276	226	206
698	256	243	225
699	260	227	211
700	256	230	210
701	272	222	206
702	277	245	223
703	249	251	233
704	251	225	214
705	241	220	205
706	249	212	196
707	259	219	202
708	257	222	203
709	268	222	205
710	276	241	214
711	255	239	223
712	247	224	200
713	255	214	202
714	279	227	209
715	258	254	226
716	263	231	213
717	233	232	224
718	250	211	198
719	266	226	209
720	251	244	234
721	237	237	221
722	243	224	207
723	252	225	215
724	238	240	227
725	252	222	208
726	277	230	218
727	269	255	243
728	256	256	248
729	264	249	241
730	250	256	246
731	249	241	233
732	279	240	230
733	257	269	265
734	257	251	246
735	243	251	241
736	248	236	233
737	257	244	238
738	225	250	243
739	242	219	215
740	241	237	232
741	242	233	222
742	260	225	217
743	257	242	234
744	248	244	238
745	261	241	234
746	244	255	246
747	238	236	229
748	263	229	224
749	229	257	250
750	259	224	212
751	248	243	236
752	276	240	232
753	256	267	258
754	237	244	236
755	253	224	217
756	232	239	230
757	240	211	207
758	250	225	214
759	256	235	227
760	268	248	238
761	230	257	251
762	253	221	213
763	273	237	224
764	259	255	246
765	242	238	230
766	253	234	227
767	256	247	241
768	242	246	236
769	260	230	219
770	257	248	241
771	245	250	240
772	260	236	233
773	247	256	253
774	252	245	241
775	241	247	243
776	253	236	234
777	245	251	250
778	261	241	237
779	241	254	250
780	269	236	231
781	241	260	255
782	273	226	225
783	221	264	258
784	247	211	205
785	241	237	233
786	262	235	228
787	240	257	253
788	248	231	229
789	268	243	239
790	256	262	258
791	238	249	246
792	250	232	229
793	237	244	241
794	255	233	230
795	253	254	248
796	255	245	243
797	248	250	248
798	230	240	237
799	253	223	220
800	19	237	232
801	238	0	0
802	237	238	230
803	240	236	233
804	244	239	236
805	244	243	241
806	245	242	241
807	234	243	241
808	250	232	230
809	231	244	242
810	253	218	217
811	254	238	235
812	250	244	239
813	245	241	235
814	255	233	229
815	223	235	233
816	261	198	189
817	255	232	221
818	258	235	220
819	232	235	226
820	240	204	192
821	258	214	205
822	259	240	225
823	267	241	226
824	254	246	235
825	253	233	219
826	243	232	218
827	256	228	216
828	262	239	225
829	228	233	224
830	249	206	196
831	258	225	213
832	260	230	216
833	261	240	221
834	251	240	225
835	247	217	201
836	256	213	202
837	267	235	218
838	252	245	233
839	258	232	220
840	256	233	220
841	247	239	223
842	250	231	220
843	261	222	215
844	244	230	221
845	246	217	207
846	255	210	202
847	247	230	220
848	255	234	214
849	247	234	220
850	257	210	207
851	254	231	220
852	241	228	210
853	274	219	205
854	242	251	233
855	257	219	201
856	268	236	222
857	244	249	238
858	236	226	210
859	244	203	191
860	256	207	192
861	248	224	209
862	255	228	206
863	251	231	216
864	260	230	215
865	230	238	224
866	254	208	195
867	245	218	207
868	246	216	201
869	254	219	201
870	244	236	216
871	266	209	197
872	254	240	220
873	264	228	213
874	258	243	225
875	258	235	216
876	248	236	220
877	258	227	217
878	255	246	230
879	259	232	223
880	249	245	233
881	240	228	219
882	263	218	199
883	226	226	216
884	250	199	186
885	249	230	211
886	252	230	208
887	248	232	224
888	255	237	224
889	240	238	225
890	230	218	204
891	240	208	189
892	249	204	184
893	263	210	188
894	254	228	207
895	265	230	204
896	232	234	210
897	238	205	194
898	251	223	206
899	259	227	214
900	255	240	226
901	241	243	227
902	257	227	213
903	262	242	228
904	255	245	237
905	263	243	231
906	233	244	230
907	246	216	204
908	252	230	215
909	255	233	218
910	243	242	229
911	246	236	227
912	245	239	228
913	260	229	222
914	240	250	242
915	257	229	220
916	247	239	227
917	275	224	209
918	248	251	241
919	234	238	229
920	256	222	212
921	237	240	232
922	264	216	202
923	253	240	231
924	245	225	212
925	238	219	203
926	252	215	211
927	243	239	223
928	248	221	210
929	273	226	213
930	257	252	243
931	246	244	235
932	248	233	220
933	254	234	221
934	262	246	234
935	233	242	227
936	238	215	203
937	234	222	213
938	234	221	215
939	245	228	213
940	239	228	221
941	237	229	220
942	244	227	221
943	232	241	233
944	243	226	217
945	254	232	221
946	269	240	229
947	251	260	251
948	253	237	230
949	254	237	232
950	239	239	232
951	249	225	212
952	258	238	230
953	224	244	235
954	250	207	198
955	262	232	223
956	242	246	232
957	238	211	206
958	245	219	205
959	250	230	215
960	251	240	227
961	244	228	221
962	258	227	222
963	234	249	235
964	254	228	217
965	252	244	237
966	249	241	231
967	238	234	228
968	242	227	221
969	258	229	219
970	236	248	240
971	250	219	211
972	238	225	213
973	249	207	200
974	240	216	207
975	274	203	188
976	237	235	223
977	249	209	200
978	239	221	200
979	248	208	193
980	233	202	186
981	240	201	183
982	235	215	194
983	256	204	182
984	235	218	198
985	246	190	180
986	252	219	197
987	236	221	207
988	245	206	183
989	236	217	201
990	244	211	199
991	235	212	191
992	241	199	180
993	234	205	187
994	250	210	188
995	251	209	188
996	254	214	193
997	237	230	215
998	231	205	189
999	253	193	174
