0	500	0	0
1	250	230	230
2	260	125	20
3	252	3	0
4	251	41	13
5	249	62	18
6	250	45	14
7	237	27	6
8	257	45	12
9	252	96	31
10	248	90	25
11	276	64	26
12	248	90	31
13	260	72	28
14	263	17	2
15	239	64	13
16	263	57	16
17	262	50	15
18	253	59	12
19	260	37	9
20	247	49	8
21	259	41	14
22	255	39	9
23	257	40	7
24	272	53	9
25	245	78	12
26	234	89	31
27	239	64	22
28	265	25	6
29	265	40	7
30	272	71	16
31	260	45	6
32	243	52	17
33	262	62	11
34	261	90	26
35	260	66	26
36	254	57	21
37	253	72	19
38	261	97	32
39	264	110	46
40	267	121	40
41	267	97	28
42	262	83	40
43	254	68	35
44	266	44	20
45	235	72	24
46	229	61	19
47	281	62	26
48	256	60	22
49	285	37	7
50	251	2	1
51	250	0	0
52	247	118	17
53	254	109	62
54	254	120	94
55	275	65	48
56	264	93	55
57	247	122	57
58	249	100	52
59	261	42	23
60	247	35	9
61	263	49	19
62	260	32	12
63	256	63	20
64	264	64	13
65	266	38	2
66	276	18	4
67	278	28	6
68	282	14	1
69	278	56	6
70	264	74	15
71	264	94	25
72	219	48	8
73	280	5	1
74	259	86	17
75	258	73	26
76	244	72	22
77	248	61	18
78	244	41	15
79	268	61	16
80	264	61	25
81	272	107	28
82	266	111	49
83	252	69	25
84	256	50	12
85	268	86	28
86	263	42	11
87	262	41	9
88	255	58	14
89	256	87	24
90	255	87	36
91	259	77	31
92	238	86	36
93	260	55	26
94	255	80	26
95	258	73	24
96	269	106	28
97	254	35	8
98	264	24	8
99	256	68	24
100	257	17	1
101	232	1	1
102	229	157	36
103	246	115	62
104	239	131	93
105	236	101	85
106	255	58	51
107	249	77	62
108	246	108	55
109	239	49	43
110	249	21	11
111	253	41	14
112	263	61	19
113	262	72	26
114	247	38	15
115	248	43	20
116	245	72	25
117	246	39	18
118	246	61	17
119	233	60	20
120	239	67	28
121	253	81	25
122	257	62	20
123	239	72	31
124	245	58	25
125	247	91	35
126	266	49	18
127	238	33	7
128	257	9	6
129	258	56	18
130	258	11	1
131	259	43	11
132	255	64	20
133	262	50	11
134	245	76	12
135	254	87	26
136	263	61	25
137	259	90	30
138	257	47	22
139	230	57	28
140	245	57	20
141	252	49	15
142	262	62	11
143	252	68	24
144	248	72	28
145	250	87	36
146	240	68	25
147	245	53	16
148	252	60	16
149	259	68	19
150	238	8	3
151	246	1	1
152	229	223	78
153	227	177	114
154	233	162	129
155	239	54	48
156	227	60	47
157	235	12	5
158	226	36	15
159	230	51	13
160	232	43	13
161	225	11	8
162	228	19	8
163	240	23	8
164	219	17	1
165	230	13	4
166	214	3	1
167	230	3	0
168	233	8	4
169	227	27	5
170	229	1	0
171	230	8	2
172	220	8	2
173	234	34	8
174	256	24	8
175	229	55	17
176	223	75	23
177	229	95	33
178	223	80	27
179	233	34	14
180	238	71	25
181	219	63	29
182	218	52	18
183	233	22	10
184	233	28	11
185	213	25	9
186	219	18	9
187	222	33	12
188	241	66	19
189	234	35	22
190	220	68	34
191	244	71	22
192	202	102	30
193	228	56	21
194	222	62	24
195	209	47	32
196	225	41	16
197	247	29	14
198	223	8	5
199	234	14	7
200	209	3	0
201	214	0	0
202	192	200	48
203	197	170	104
204	209	168	136
205	204	150	139
206	205	155	134
207	194	54	52
208	193	44	41
209	194	9	5
210	194	10	5
211	194	13	5
212	186	41	10
213	203	42	11
214	188	48	12
215	170	4	0
216	184	6	2
217	200	29	9
218	204	54	16
219	191	34	12
220	215	6	4
221	185	36	11
222	196	26	6
223	196	6	2
224	197	18	9
225	180	24	12
226	189	66	16
227	173	7	2
228	188	9	4
229	178	32	12
230	199	10	7
231	175	14	5
232	170	11	6
233	165	16	5
234	187	39	3
235	194	50	6
236	183	15	9
237	173	35	10
238	174	7	3
239	195	8	0
240	180	16	4
241	182	21	4
242	179	38	16
243	178	21	4
244	187	7	0
245	178	3	1
246	170	28	7
247	177	3	0
248	187	10	3
249	182	6	3
250	250	93	20
251	191	201	64
252	176	12	7
253	169	10	5
254	169	47	18
255	187	63	23
256	173	50	21
257	182	70	28
258	168	55	20
259	171	16	11
260	172	23	15
261	177	40	18
262	173	50	18
263	169	18	9
264	160	29	16
265	176	25	6
266	171	24	10
267	175	14	5
268	166	36	19
269	161	48	7
270	171	5	3
271	160	15	7
272	164	7	3
273	157	31	9
274	160	19	1
275	162	23	11
276	162	13	1
277	174	26	10
278	162	10	2
279	169	9	4
280	180	27	10
281	176	50	8
282	174	36	6
283	157	13	4
284	142	8	1
285	152	8	4
286	158	8	4
287	165	9	6
288	167	10	9
289	163	30	5
290	177	10	6
291	163	9	3
292	161	4	1
293	160	13	2
294	168	15	8
295	150	54	6
296	166	26	10
297	155	29	10
298	161	25	3
299	150	9	7
300	199	81	28
301	173	165	50
302	159	26	18
303	173	13	9
304	173	19	14
305	163	31	14
306	151	8	6
307	160	20	7
308	148	7	4
309	151	6	2
310	154	11	8
311	149	21	8
312	150	32	14
313	164	40	20
314	154	46	12
315	161	4	1
316	140	29	7
317	157	27	12
318	167	43	12
319	151	18	11
320	147	23	16
321	162	19	13
322	141	37	20
323	159	50	19
324	154	50	12
325	140	36	11
326	156	26	8
327	149	11	7
328	165	12	5
329	145	32	11
330	139	20	5
331	162	45	6
332	145	27	6
333	135	22	11
334	153	9	1
335	134	26	5
336	138	8	5
337	135	12	6
338	141	2	0
339	129	0	0
340	166	19	2
341	152	46	17
342	141	27	9
343	140	19	8
344	143	13	7
345	151	21	16
346	139	20	12
347	135	15	9
348	147	28	14
349	153	38	8
350	148	8	1
351	128	3	2
352	130	16	5
353	130	16	7
354	121	5	2
355	133	25	9
356	142	29	5
357	136	23	4
358	132	6	5
359	131	15	9
360	142	11	3
361	110	29	11
362	136	2	0
363	133	4	2
364	118	40	5
365	117	15	2
366	116	22	5
367	109	28	7
368	117	7	2
369	116	34	9
370	123	6	4
371	129	8	3
372	117	19	7
373	121	13	4
374	108	0	0
375	129	2	1
376	108	6	3
377	136	6	1
378	133	11	4
379	122	0	0
380	122	11	5
381	130	32	5
382	108	16	6
383	113	7	4
384	135	13	7
385	125	30	10
386	108	37	20
387	133	21	7
388	129	22	6
389	134	39	9
390	124	6	3
391	120	7	3
392	113	5	4
393	121	5	2
394	115	34	13
395	122	16	4
396	112	32	10
397	112	3	1
398	104	4	2
399	103	6	2
400	111	2	0
401	106	0	0
402	90	106	23
403	91	90	65
404	100	84	66
405	82	78	65
406	89	32	26
407	86	2	1
408	89	28	15
409	99	9	2
410	83	7	1
411	85	7	2
412	84	25	10
413	95	43	21
414	92	30	12
415	90	32	10
416	91	48	23
417	89	7	7
418	88	28	7
419	91	33	14
420	90	19	5
421	85	12	8
422	99	14	9
423	93	20	10
424	85	29	17
425	86	32	19
426	91	17	9
427	76	6	4
428	85	16	4
429	86	19	10
430	76	4	3
431	82	1	0
432	83	7	3
433	83	14	3
434	74	9	6
435	81	20	8
436	89	13	7
437	84	32	10
438	80	41	15
439	89	42	17
440	94	36	13
441	80	34	19
442	90	10	5
443	85	18	9
444	87	14	8
445	91	16	5
446	86	21	5
447	81	5	1
448	89	12	1
449	84	14	8
450	75	10	1
451	72	0	0
452	69	72	31
453	80	69	51
454	74	55	43
455	76	57	45
456	67	5	4
457	80	5	2
458	66	11	7
459	71	7	3
460	80	12	7
461	70	1	0
462	63	4	2
463	64	5	2
464	72	18	9
465	68	11	5
466	72	13	7
467	70	14	8
468	74	17	9
469	66	20	11
470	76	34	11
471	65	50	27
472	81	36	22
473	76	52	33
474	82	57	37
475	73	60	44
476	84	52	34
477	75	59	47
478	74	56	41
479	75	53	44
480	71	11	9
481	72	10	4
482	70	20	10
483	79	29	9
484	72	16	11
485	63	24	17
486	77	33	15
487	65	43	18
488	78	30	14
489	59	26	18
490	70	10	7
491	74	23	11
492	73	20	11
493	75	14	10
494	70	23	14
495	70	20	14
496	65	22	16
497	73	39	19
498	71	46	24
499	72	33	22
500	65	6	5
501	72	0	0
502	61	72	49
503	58	58	47
504	65	50	41
505	64	20	13
506	61	1	1
507	70	2	1
508	65	20	10
509	55	14	10
510	54	5	1
511	66	3	1
512	74	8	4
513	57	18	5
514	66	3	1
515	52	0	0
516	62	11	1
517	64	12	8
518	61	22	10
519	68	23	8
520	74	20	9
521	69	28	9
522	60	33	13
523	64	32	13
524	62	22	18
525	59	22	10
526	59	29	14
527	61	5	4
528	60	8	5
529	55	8	4
530	55	4	0
531	58	6	1
532	55	7	3
533	66	13	4
534	58	14	6
535	65	18	8
536	67	25	7
537	60	2	2
538	67	4	1
539	55	9	7
540	60	9	5
541	73	22	10
542	58	32	18
543	61	29	18
544	58	14	7
545	63	11	3
546	60	5	1
547	45	3	1
548	59	12	3
549	72	19	12
550	62	5	0
551	58	2	1
552	51	58	27
553	54	46	34
554	53	35	26
555	45	5	2
556	47	5	2
557	52	1	0
558	53	6	1
559	54	14	7
560	56	31	17
561	53	34	15
562	52	13	8
563	49	16	3
564	38	21	13
565	42	17	9
566	45	17	8
567	49	2	1
568	51	7	5
569	51	14	6
570	40	26	17
571	50	22	13
572	44	17	14
573	47	16	11
574	46	32	20
575	46	39	26
576	43	38	32
577	53	31	23
578	51	40	33
579	53	36	27
580	44	40	34
581	50	36	30
582	45	41	35
583	47	4	4
584	33	9	6
585	37	8	6
586	51	12	7
587	51	4	2
588	39	2	2
589	39	14	3
590	43	2	0
591	42	5	1
592	46	13	6
593	38	28	13
594	48	19	13
595	52	31	18
596	49	31	15
597	43	5	5
598	43	4	3
599	37	7	4
600	35	9	5
601	42	0	0
602	36	42	23
603	34	36	29
604	42	34	29
605	29	41	40
606	35	29	24
607	35	32	30
608	41	33	32
609	34	40	39
610	35	14	12
611	29	4	2
612	45	1	1
613	32	6	2
614	46	7	4
615	39	6	3
616	37	12	7
617	36	2	0
618	34	3	1
619	40	2	0
620	36	0	0
621	42	0	0
622	40	9	2
623	28	1	0
624	39	1	0
625	34	12	1
626	32	6	3
627	27	2	0
628	30	2	0
629	37	4	1
630	30	3	2
631	37	2	0
632	30	4	1
633	33	5	0
634	32	4	2
635	38	9	5
636	40	15	5
637	31	13	3
638	31	8	3
639	24	7	4
640	37	5	2
641	31	5	2
642	38	10	4
643	32	14	5
644	31	3	1
645	33	3	1
646	33	5	0
647	34	4	3
648	31	5	1
649	31	8	6
650	44	17	9
651	30	40	17
652	36	8	3
653	29	6	4
654	27	3	2
655	26	6	1
656	32	10	5
657	30	17	10
658	28	19	12
659	29	11	7
660	32	8	6
661	37	2	0
662	31	11	5
663	25	14	7
664	40	7	3
665	36	13	5
666	27	19	9
667	32	12	4
668	33	13	5
669	33	10	5
670	29	14	10
671	29	12	7
672	25	18	11
673	29	15	12
674	34	26	20
675	28	32	24
676	26	26	21
677	28	22	17
678	26	18	12
679	26	21	19
680	31	25	23
681	34	3	3
682	30	8	3
683	23	15	9
684	22	1	0
685	34	2	1
686	33	14	7
687	27	12	10
688	25	1	0
689	31	1	0
690	30	15	6
691	31	16	8
692	30	18	10
693	36	20	14
694	31	14	10
695	30	11	9
696	29	11	8
697	22	14	8
698	21	14	8
699	27	13	7
700	14	18	4
701	27	0	0
702	21	27	23
703	24	20	18
704	28	6	5
705	30	17	11
706	31	9	8
707	28	22	16
708	22	16	10
709	26	8	2
710	24	11	8
711	20	12	8
712	28	6	4
713	30	15	10
714	26	19	7
715	23	10	4
716	22	8	5
717	32	13	4
718	24	14	6
719	22	3	2
720	21	6	2
721	26	6	4
722	20	13	5
723	25	13	8
724	27	18	15
725	26	19	16
726	26	17	11
727	24	14	13
728	30	13	10
729	28	25	18
730	28	25	20
731	28	26	23
732	24	26	23
733	24	22	22
734	19	24	23
735	33	18	17
736	28	32	31
737	24	28	28
738	21	24	24
739	27	20	19
740	30	26	25
741	22	29	29
742	22	21	19
743	26	16	14
744	24	19	15
745	21	17	16
746	23	18	14
747	28	17	14
748	28	24	20
749	23	27	27
750	1	23	22
751	27	0	0
752	25	27	27
753	21	25	25
754	19	21	21
755	25	19	19
756	19	25	25
757	20	19	19
758	22	20	20
759	19	22	22
760	25	19	19
761	26	25	25
762	27	26	26
763	23	27	27
764	25	23	23
765	28	25	25
766	27	28	28
767	25	27	27
768	21	25	25
769	23	21	21
770	22	23	23
771	22	22	22
772	26	22	22
773	29	26	26
774	10	29	29
775	30	10	10
776	22	30	30
777	25	22	22
778	25	25	25
779	25	25	25
780	26	25	25
781	22	26	26
782	22	22	22
783	23	22	22
784	26	23	23
785	32	26	26
786	17	32	32
787	27	17	17
788	23	27	27
789	28	23	23
790	27	28	28
791	33	27	27
792	25	33	33
793	20	25	25
794	21	20	20
795	27	21	21
796	28	27	27
797	29	28	28
798	24	29	29
799	28	24	24
800	48	28	28
801	19	48	48
802	19	19	19
803	24	19	19
804	21	24	24
805	25	21	21
806	29	25	25
807	23	29	29
808	23	23	23
809	26	23	23
810	22	26	26
811	32	22	22
812	25	32	32
813	25	25	25
814	21	25	25
815	32	21	21
816	19	32	32
817	29	19	19
818	28	29	29
819	30	28	28
820	25	30	30
821	23	25	25
822	28	23	23
823	26	28	28
824	21	26	26
825	29	21	21
826	23	29	29
827	27	23	23
828	19	27	27
829	26	19	19
830	24	26	26
831	24	24	24
832	29	24	24
833	23	29	29
834	20	23	23
835	17	20	20
836	23	17	17
837	24	23	23
838	17	24	24
839	26	17	17
840	26	26	26
841	29	26	26
842	22	29	29
843	17	22	22
844	25	17	17
845	16	25	25
846	17	16	16
847	28	17	17
848	23	28	28
849	18	23	23
850	0	18	18
851	22	0	0
852	21	22	22
853	28	21	21
854	20	28	28
855	25	20	20
856	24	25	25
857	27	24	24
858	20	27	27
859	16	20	20
860	27	16	16
861	22	27	27
862	22	22	22
863	18	22	22
864	25	18	18
865	27	25	25
866	25	27	27
867	33	25	25
868	26	33	33
869	23	26	26
870	27	23	23
871	22	27	27
872	26	22	22
873	16	26	26
874	22	16	16
875	23	22	22
876	28	23	23
877	26	28	28
878	25	26	26
879	18	25	25
880	19	18	18
881	32	19	19
882	25	32	32
883	28	25	25
884	21	28	28
885	30	21	21
886	22	30	30
887	23	22	22
888	28	23	23
889	29	28	28
890	24	29	29
891	19	24	24
892	28	19	19
893	20	28	28
894	25	20	20
895	21	25	25
896	28	21	21
897	23	28	28
898	21	23	23
899	24	21	21
900	0	24	24
901	26	0	0
902	28	26	26
903	28	28	28
904	25	28	28
905	21	25	25
906	19	21	21
907	20	19	19
908	24	20	20
909	24	24	24
910	20	24	24
911	30	20	20
912	22	30	30
913	25	22	22
914	24	25	25
915	18	24	24
916	30	18	18
917	25	30	30
918	23	25	25
919	26	23	23
920	19	26	26
921	28	19	19
922	23	28	28
923	26	23	23
924	23	26	26
925	29	23	23
926	29	29	29
927	24	29	29
928	25	24	24
929	25	25	25
930	21	25	25
931	24	21	21
932	33	24	24
933	27	33	33
934	30	27	27
935	19	30	30
936	25	19	19
937	23	25	25
938	25	23	23
939	18	25	25
940	26	18	18
941	22	26	26
942	25	22	22
943	17	25	25
944	26	17	17
945	22	26	26
946	34	22	22
947	23	34	34
948	18	23	23
949	24	18	18
950	0	24	24
951	22	0	0
952	23	22	22
953	33	23	23
954	25	33	33
955	24	25	25
956	25	24	24
957	23	25	25
958	24	23	23
959	29	24	24
960	26	29	29
961	21	26	26
962	19	21	21
963	24	19	19
964	25	24	24
965	23	25	25
966	29	23	23
967	30	29	29
968	25	30	30
969	22	25	25
970	24	22	22
971	23	24	24
972	25	23	23
973	25	25	25
974	22	25	25
975	25	22	22
976	27	25	25
977	29	27	27
978	24	29	29
979	25	24	24
980	19	25	25
981	24	19	19
982	20	24	24
983	24	20	20
984	23	24	24
985	25	23	23
986	23	25	25
987	24	23	23
988	24	24	24
989	25	24	24
990	24	25	25
991	27	24	24
992	22	27	27
993	20	22	22
994	21	20	20
995	23	21	21
996	22	23	23
997	24	22	22
998	27	24	24
999	25	27	27
