0	2000	0	0
1	995	0	0
2	1013	0	0
3	954	0	0
4	970	0	0
5	1001	0	0
6	1035	0	0
7	978	0	0
8	991	0	0
9	1017	0	0
10	1008	0	0
11	1049	0	0
12	1040	0	0
13	994	0	0
14	1061	0	0
15	1050	0	0
16	983	0	0
17	964	0	0
18	1004	0	0
19	1008	0	0
20	956	0	0
21	959	0	0
22	993	0	0
23	974	0	0
24	987	0	0
25	993	0	0
26	962	0	0
27	1005	0	0
28	1013	0	0
29	1046	0	0
30	1026	0	0
31	984	0	0
32	1028	0	0
33	1017	0	0
34	1025	0	0
35	998	0	0
36	1008	0	0
37	966	0	0
38	1020	0	0
39	995	0	0
40	980	0	0
41	1015	0	0
42	1006	0	0
43	1019	0	0
44	973	0	0
45	988	0	0
46	971	0	0
47	1014	0	0
48	986	0	0
49	987	0	0
50	1023	0	0
51	1022	0	0
52	1012	0	0
53	997	0	0
54	992	0	0
55	970	0	0
56	977	0	0
57	985	0	0
58	965	0	0
59	1014	0	0
60	1004	0	0
61	1015	0	0
62	978	0	0
63	998	0	0
64	975	0	0
65	959	0	0
66	961	0	0
67	996	0	0
68	1036	0	0
69	963	0	0
70	1016	0	0
71	984	0	0
72	993	0	0
73	1026	0	0
74	967	0	0
75	1004	0	0
76	1013	0	0
77	994	0	0
78	1017	0	0
79	990	0	0
80	957	0	0
81	1009	0	0
82	982	0	0
83	965	0	0
84	983	0	0
85	993	0	0
86	945	0	0
87	967	0	0
88	982	0	0
89	974	0	0
90	953	0	0
91	987	0	0
92	1013	0	0
93	952	0	0
94	1007	0	0
95	995	0	0
96	999	0	0
97	975	0	0
98	935	0	0
99	1009	0	0
100	1021	0	0
101	994	0	0
102	1001	0	0
103	999	0	0
104	988	0	0
105	993	0	0
106	970	0	0
107	972	0	0
108	975	0	0
109	983	0	0
110	977	0	0
111	988	0	0
112	993	0	0
113	996	0	0
114	935	0	0
115	952	0	0
116	978	0	0
117	948	0	0
118	952	0	0
119	982	0	0
120	970	0	0
121	989	0	0
122	942	0	0
123	944	0	0
124	954	0	0
125	941	0	0
126	943	0	0
127	942	0	0
128	959	0	0
129	926	0	0
130	961	0	0
131	941	0	0
132	928	0	0
133	984	0	0
134	957	0	0
135	940	0	0
136	940	0	0
137	958	0	0
138	954	0	0
139	916	0	0
140	929	0	0
141	943	0	0
142	961	0	0
143	947	0	0
144	935	0	0
145	927	0	0
146	918	0	0
147	942	0	0
148	913	0	0
149	861	0	0
150	876	0	0
151	954	0	0
152	886	0	0
153	932	0	0
154	926	0	0
155	932	0	0
156	903	0	0
157	909	0	0
158	915	0	0
159	915	0	0
160	926	0	0
161	878	0	0
162	893	0	0
163	890	0	0
164	879	0	0
165	918	0	0
166	898	0	0
167	834	0	0
168	885	0	0
169	880	0	0
170	887	0	0
171	908	0	0
172	910	0	0
173	859	0	0
174	901	0	0
175	842	0	0
176	873	0	0
177	867	0	0
178	826	0	0
179	879	0	0
180	867	0	0
181	839	0	0
182	860	0	0
183	867	0	0
184	909	0	0
185	832	0	0
186	861	0	0
187	868	0	0
188	829	0	0
189	842	0	0
190	821	0	0
191	851	0	0
192	824	0	0
193	850	0	0
194	825	0	0
195	849	0	0
196	863	0	0
197	802	0	0
198	829	0	0
199	850	0	0
200	845	0	0
201	634	2	0
202	589	1	1
203	594	0	0
204	596	0	0
205	587	0	0
206	605	0	0
207	601	0	0
208	579	0	0
209	590	0	0
210	577	0	0
211	564	0	0
212	581	0	0
213	588	0	0
214	579	0	0
215	582	0	0
216	590	0	0
217	562	0	0
218	594	0	0
219	544	0	0
220	560	0	0
221	580	0	0
222	556	0	0
223	552	0	0
224	549	0	0
225	560	0	0
226	542	0	0
227	560	0	0
228	542	0	0
229	559	0	0
230	515	0	0
231	537	0	0
232	522	0	0
233	514	0	0
234	513	0	0
235	529	0	0
236	535	0	0
237	523	0	0
238	526	0	0
239	509	0	0
240	504	0	0
241	536	0	0
242	503	0	0
243	505	0	0
244	487	0	0
245	471	0	0
246	456	0	0
247	470	0	0
248	475	0	0
249	484	0	0
250	478	0	0
251	445	0	0
252	465	0	0
253	472	0	0
254	459	0	0
255	447	0	0
256	491	0	0
257	452	0	0
258	451	0	0
259	449	0	0
260	475	0	0
261	455	0	0
262	430	0	0
263	455	0	0
264	423	0	0
265	454	0	0
266	418	0	0
267	425	0	0
268	444	0	0
269	442	0	0
270	457	0	0
271	420	0	0
272	449	0	0
273	422	0	0
274	434	0	0
275	424	0	0
276	429	0	0
277	428	0	0
278	423	0	0
279	400	0	0
280	437	0	0
281	441	0	0
282	420	0	0
283	422	0	0
284	399	0	0
285	398	0	0
286	378	0	0
287	414	0	0
288	386	0	0
289	391	0	0
290	385	0	0
291	403	0	0
292	385	0	0
293	404	0	0
294	432	0	0
295	404	0	0
296	408	0	0
297	371	0	0
298	391	0	0
299	392	0	0
300	365	0	0
301	371	0	0
302	369	0	0
303	376	0	0
304	374	0	0
305	345	0	0
306	376	0	0
307	379	0	0
308	371	0	0
309	394	0	0
310	378	0	0
311	359	0	0
312	361	0	0
313	368	0	0
314	370	0	0
315	347	0	0
316	380	0	0
317	369	0	0
318	368	0	0
319	351	0	0
320	339	0	0
321	352	0	0
322	356	0	0
323	338	0	0
324	354	0	0
325	343	0	0
326	349	0	0
327	352	0	0
328	353	0	0
329	355	0	0
330	332	0	0
331	325	0	0
332	315	0	0
333	354	0	0
334	336	0	0
335	338	0	0
336	336	0	0
337	315	0	0
338	336	0	0
339	354	0	0
340	330	0	0
341	346	0	0
342	316	0	0
343	320	0	0
344	329	0	0
345	323	0	0
346	305	0	0
347	326	0	0
348	301	0	0
349	315	0	0
350	345	0	0
351	300	0	0
352	327	0	0
353	322	0	0
354	307	0	0
355	326	0	0
356	334	0	0
357	294	0	0
358	285	0	0
359	308	0	0
360	306	0	0
361	311	0	0
362	329	0	0
363	311	0	0
364	280	0	0
365	290	0	0
366	294	0	0
367	303	0	0
368	319	0	0
369	306	0	0
370	317	0	0
371	298	0	0
372	287	0	0
373	316	0	0
374	305	0	0
375	302	0	0
376	309	0	0
377	281	0	0
378	287	0	0
379	298	0	0
380	275	0	0
381	298	0	0
382	322	0	0
383	307	0	0
384	277	0	0
385	308	0	0
386	276	0	0
387	287	0	0
388	287	0	0
389	278	0	0
390	280	0	0
391	287	0	0
392	298	0	0
393	293	0	0
394	285	0	0
395	295	0	0
396	257	0	0
397	280	0	0
398	274	0	0
399	271	0	0
400	283	4	0
401	227	5	0
402	206	3	1
403	217	0	0
404	239	0	0
405	215	0	0
406	226	0	0
407	213	0	0
408	208	0	0
409	211	0	0
410	213	0	0
411	215	0	0
412	220	0	0
413	235	0	0
414	219	0	0
415	224	0	0
416	224	0	0
417	217	0	0
418	224	0	0
419	219	0	0
420	219	0	0
421	223	0	0
422	206	0	0
423	233	0	0
424	198	0	0
425	205	0	0
426	211	0	0
427	199	0	0
428	181	0	0
429	208	0	0
430	210	0	0
431	193	0	0
432	193	0	0
433	199	0	0
434	202	0	0
435	211	0	0
436	208	0	0
437	194	0	0
438	180	0	0
439	212	0	0
440	198	0	0
441	199	0	0
442	185	0	0
443	210	0	0
444	199	0	0
445	208	0	0
446	189	0	0
447	185	0	0
448	189	0	0
449	197	0	0
450	192	0	0
451	189	0	0
452	193	0	0
453	189	0	0
454	186	0	0
455	194	0	0
456	180	0	0
457	184	0	0
458	178	0	0
459	170	0	0
460	189	0	0
461	205	0	0
462	195	0	0
463	201	0	0
464	175	0	0
465	193	0	0
466	192	0	0
467	178	0	0
468	180	0	0
469	164	0	0
470	168	0	0
471	170	0	0
472	148	0	0
473	182	0	0
474	169	0	0
475	177	0	0
476	176	0	0
477	171	0	0
478	176	0	0
479	180	0	0
480	166	0	0
481	181	0	0
482	174	0	0
483	162	0	0
484	182	0	0
485	189	0	0
486	173	0	0
487	147	0	0
488	158	0	0
489	146	0	0
490	159	0	0
491	177	0	0
492	164	0	0
493	158	0	0
494	145	0	0
495	163	0	0
496	168	0	0
497	185	0	0
498	159	0	0
499	151	0	0
500	150	0	0
501	154	0	0
502	158	0	0
503	156	0	0
504	168	0	0
505	167	0	0
506	153	0	0
507	155	0	0
508	134	0	0
509	158	0	0
510	158	0	0
511	160	0	0
512	162	0	0
513	159	0	0
514	160	0	0
515	169	0	0
516	163	0	0
517	137	0	0
518	166	0	0
519	154	0	0
520	159	0	0
521	143	0	0
522	146	0	0
523	157	0	0
524	152	0	0
525	150	0	0
526	161	0	0
527	156	0	0
528	160	0	0
529	162	0	0
530	153	0	0
531	159	0	0
532	139	0	0
533	136	0	0
534	140	0	0
535	131	0	0
536	145	0	0
537	149	0	0
538	133	0	0
539	141	0	0
540	126	0	0
541	152	0	0
542	137	0	0
543	135	0	0
544	151	0	0
545	139	0	0
546	150	0	0
547	129	0	0
548	136	0	0
549	128	0	0
550	135	0	0
551	122	0	0
552	133	0	0
553	136	0	0
554	122	0	0
555	134	0	0
556	135	0	0
557	147	0	0
558	141	0	0
559	136	0	0
560	145	0	0
561	135	0	0
562	118	0	0
563	126	0	0
564	129	0	0
565	120	0	0
566	148	0	0
567	128	0	0
568	134	0	0
569	131	0	0
570	125	0	0
571	125	0	0
572	140	0	0
573	121	0	0
574	119	0	0
575	128	0	0
576	124	0	0
577	99	0	0
578	127	0	0
579	116	0	0
580	133	0	0
581	134	0	0
582	123	0	0
583	119	0	0
584	127	0	0
585	116	0	0
586	115	0	0
587	109	0	0
588	101	0	0
589	118	0	0
590	121	0	0
591	119	0	0
592	114	0	0
593	114	0	0
594	113	0	0
595	113	0	0
596	107	0	0
597	120	0	0
598	99	0	0
599	108	0	0
600	112	16	0
601	89	1	0
602	99	1	1
603	87	0	0
604	89	0	0
605	88	0	0
606	82	0	0
607	74	0	0
608	87	0	0
609	92	0	0
610	91	0	0
611	82	0	0
612	84	0	0
613	83	0	0
614	84	0	0
615	74	0	0
616	69	0	0
617	82	0	0
618	79	0	0
619	82	0	0
620	88	0	0
621	92	0	0
622	82	0	0
623	83	0	0
624	78	0	0
625	79	0	0
626	72	0	0
627	83	0	0
628	77	0	0
629	79	0	0
630	77	0	0
631	80	0	0
632	76	0	0
633	72	0	0
634	77	0	0
635	77	0	0
636	71	0	0
637	80	0	0
638	73	0	0
639	73	0	0
640	87	0	0
641	76	0	0
642	84	0	0
643	73	0	0
644	93	0	0
645	65	0	0
646	73	0	0
647	80	0	0
648	83	0	0
649	75	0	0
650	76	0	0
651	66	0	0
652	64	0	0
653	76	0	0
654	79	0	0
655	73	0	0
656	72	0	0
657	76	0	0
658	69	0	0
659	70	0	0
660	73	0	0
661	73	0	0
662	75	0	0
663	73	0	0
664	65	0	0
665	71	0	0
666	73	0	0
667	72	0	0
668	67	0	0
669	68	0	0
670	75	0	0
671	75	0	0
672	81	0	0
673	83	0	0
674	72	0	0
675	72	0	0
676	75	0	0
677	78	0	0
678	73	0	0
679	77	0	0
680	71	0	0
681	74	0	0
682	67	0	0
683	72	0	0
684	76	0	0
685	60	0	0
686	78	0	0
687	66	0	0
688	68	0	0
689	71	0	0
690	69	0	0
691	73	0	0
692	59	0	0
693	69	0	0
694	69	0	0
695	67	0	0
696	69	0	0
697	57	0	0
698	70	0	0
699	67	0	0
700	63	0	0
701	57	0	0
702	66	0	0
703	71	0	0
704	71	0	0
705	68	0	0
706	66	0	0
707	68	0	0
708	62	0	0
709	66	0	0
710	58	0	0
711	62	0	0
712	65	0	0
713	68	0	0
714	60	0	0
715	66	0	0
716	60	0	0
717	67	0	0
718	66	0	0
719	55	0	0
720	76	0	0
721	59	0	0
722	61	0	0
723	65	0	0
724	54	0	0
725	54	0	0
726	60	0	0
727	62	0	0
728	73	0	0
729	62	0	0
730	55	0	0
731	57	0	0
732	64	0	0
733	58	0	0
734	63	0	0
735	55	0	0
736	70	0	0
737	70	0	0
738	60	0	0
739	56	0	0
740	69	0	0
741	66	0	0
742	61	0	0
743	62	0	0
744	58	0	0
745	55	0	0
746	69	0	0
747	63	0	0
748	57	0	0
749	55	0	0
750	56	0	0
751	57	0	0
752	57	0	0
753	57	0	0
754	59	0	0
755	55	0	0
756	66	0	0
757	65	0	0
758	53	0	0
759	61	0	0
760	65	0	0
761	61	0	0
762	62	0	0
763	51	0	0
764	61	0	0
765	49	0	0
766	62	0	0
767	47	0	0
768	63	0	0
769	63	0	0
770	58	0	0
771	50	0	0
772	51	0	0
773	59	0	0
774	57	0	0
775	57	0	0
776	62	0	0
777	58	0	0
778	57	0	0
779	55	0	0
780	62	0	0
781	53	0	0
782	57	0	0
783	51	0	0
784	54	0	0
785	58	0	0
786	50	0	0
787	49	0	0
788	55	0	0
789	53	0	0
790	51	0	0
791	53	0	0
792	59	0	0
793	61	0	0
794	54	0	0
795	63	0	0
796	51	0	0
797	56	0	0
798	52	0	0
799	54	0	0
800	51	6	0
801	50	1	0
802	36	1	0
803	40	0	0
804	43	0	0
805	44	1	0
806	43	0	0
807	40	2	0
808	41	0	0
809	40	0	0
810	40	0	0
811	33	6	0
812	27	0	0
813	34	0	0
814	31	0	0
815	36	0	0
816	44	0	0
817	34	0	0
818	35	3	0
819	33	0	0
820	41	0	0
821	43	0	0
822	33	0	0
823	39	0	0
824	44	0	0
825	38	0	0
826	39	0	0
827	36	0	0
828	26	4	0
829	46	1	0
830	31	0	0
831	27	0	0
832	43	0	0
833	32	0	0
834	32	1	0
835	35	0	0
836	34	0	0
837	37	0	0
838	37	0	0
839	37	0	0
840	37	0	0
841	37	0	0
842	32	1	0
843	35	0	0
844	40	0	0
845	45	0	0
846	34	0	0
847	39	0	0
848	30	0	0
849	32	0	0
850	37	0	0
851	36	0	0
852	36	0	0
853	36	0	0
854	42	0	0
855	33	0	0
856	37	0	0
857	34	0	0
858	36	0	0
859	37	0	0
860	40	0	0
861	36	0	0
862	37	0	0
863	31	0	0
864	33	0	0
865	31	0	0
866	37	0	0
867	41	0	0
868	38	0	0
869	37	0	0
870	29	0	0
871	35	0	0
872	32	0	0
873	37	0	0
874	44	0	0
875	38	0	0
876	36	0	0
877	32	0	0
878	32	0	0
879	34	0	0
880	31	0	0
881	24	0	0
882	27	0	0
883	26	0	0
884	35	0	0
885	30	0	0
886	23	0	0
887	35	0	0
888	31	0	0
889	28	0	0
890	35	0	0
891	33	0	0
892	29	0	0
893	36	0	0
894	26	0	0
895	29	0	0
896	28	0	0
897	29	0	0
898	34	0	0
899	30	0	0
900	30	0	0
901	29	0	0
902	36	0	0
903	31	0	0
904	34	0	0
905	26	0	0
906	33	0	0
907	31	0	0
908	35	0	0
909	33	3	0
910	32	0	0
911	24	0	0
912	24	0	0
913	25	0	0
914	25	0	0
915	27	0	0
916	27	0	0
917	28	0	0
918	31	0	0
919	26	0	0
920	28	0	0
921	31	1	0
922	33	0	0
923	37	0	0
924	33	0	0
925	32	0	0
926	30	0	0
927	34	0	0
928	30	0	0
929	25	0	0
930	27	0	0
931	27	0	0
932	33	0	0
933	23	0	0
934	24	0	0
935	27	0	0
936	23	0	0
937	30	0	0
938	26	0	0
939	19	0	0
940	28	0	0
941	28	0	0
942	26	0	0
943	25	0	0
944	31	0	0
945	22	0	0
946	30	0	0
947	17	0	0
948	29	0	0
949	27	0	0
950	32	0	0
951	35	0	0
952	27	0	0
953	33	0	0
954	32	0	0
955	38	0	0
956	32	0	0
957	38	0	0
958	27	0	0
959	27	0	0
960	24	0	0
961	30	0	0
962	33	0	0
963	32	0	0
964	29	0	0
965	28	0	0
966	29	0	0
967	26	0	0
968	34	0	0
969	30	0	0
970	30	0	0
971	26	0	0
972	30	0	0
973	27	0	0
974	29	0	0
975	26	0	0
976	23	0	0
977	27	0	0
978	24	0	0
979	18	0	0
980	31	0	0
981	20	0	0
982	30	3	0
983	26	0	0
984	33	0	0
985	30	0	0
986	29	0	0
987	21	0	0
988	20	0	0
989	29	0	0
990	20	0	0
991	27	0	0
992	27	0	0
993	21	1	0
994	27	1	0
995	27	0	0
996	23	0	0
997	32	1	0
998	24	0	0
999	26	0	0
