0	2000	0	0
1	2000	0	0
2	1921	0	0
3	1856	0	0
4	1886	0	0
5	1899	0	0
6	1895	0	0
7	1887	0	0
8	1893	0	0
9	1891	0	0
10	1883	0	0
11	1869	0	0
12	1882	0	0
13	1866	0	0
14	1874	0	0
15	1873	0	0
16	1851	0	0
17	1863	0	0
18	1866	0	0
19	1839	0	0
20	1828	0	0
21	1820	0	0
22	1849	0	0
23	1851	0	0
24	1869	0	0
25	1851	0	0
26	1817	0	0
27	1823	0	0
28	1841	0	0
29	1853	0	0
30	1851	0	0
31	1853	0	0
32	1851	0	0
33	1838	0	0
34	1851	0	0
35	1844	0	0
36	1848	0	0
37	1841	0	0
38	1851	0	0
39	1850	0	0
40	1827	0	0
41	1840	0	0
42	1840	0	0
43	1833	0	0
44	1833	0	0
45	1819	0	0
46	1834	0	0
47	1833	0	0
48	1828	0	0
49	1816	0	0
50	1856	4	0
51	1927	1	0
52	1870	0	0
53	1787	0	0
54	1808	0	0
55	1771	0	0
56	1757	0	0
57	1771	0	0
58	1753	0	0
59	1790	0	0
60	1791	0	0
61	1792	0	0
62	1775	0	0
63	1783	0	0
64	1772	0	0
65	1760	0	0
66	1784	0	0
67	1797	0	0
68	1799	0	0
69	1772	0	0
70	1793	0	0
71	1787	0	0
72	1791	0	0
73	1801	0	0
74	1799	0	0
75	1805	0	0
76	1802	0	0
77	1778	0	0
78	1792	0	0
79	1794	0	0
80	1768	0	0
81	1781	0	0
82	1794	0	0
83	1791	0	0
84	1784	0	0
85	1771	0	0
86	1765	0	0
87	1783	0	0
88	1773	0	0
89	1758	0	0
90	1779	0	0
91	1776	0	0
92	1787	0	0
93	1790	0	0
94	1790	0	0
95	1796	0	0
96	1803	0	0
97	1785	0	0
98	1754	0	0
99	1786	0	0
100	1784	0	0
101	1780	0	0
102	1763	0	0
103	1764	0	0
104	1773	0	0
105	1750	0	0
106	1761	0	0
107	1792	0	0
108	1770	0	0
109	1779	0	0
110	1776	0	0
111	1763	0	0
112	1774	0	0
113	1778	0	0
114	1792	0	0
115	1782	0	0
116	1793	0	0
117	1777	0	0
118	1780	0	0
119	1796	0	0
120	1785	0	0
121	1794	0	0
122	1793	0	0
123	1786	0	0
124	1784	0	0
125	1790	0	0
126	1785	0	0
127	1791	0	0
128	1783	0	0
129	1795	0	0
130	1788	0	0
131	1779	0	0
132	1791	0	0
133	1797	0	0
134	1795	0	0
135	1789	0	0
136	1788	0	0
137	1811	0	0
138	1807	0	0
139	1800	0	0
140	1785	0	0
141	1789	0	0
142	1798	0	0
143	1804	0	0
144	1775	0	0
145	1788	0	0
146	1798	0	0
147	1787	0	0
148	1781	0	0
149	1766	0	0
150	1797	6	0
151	1887	2	0
152	1810	0	0
153	1787	0	0
154	1772	0	0
155	1775	0	0
156	1766	0	0
157	1767	0	0
158	1762	0	0
159	1748	0	0
160	1763	0	0
161	1740	0	0
162	1745	0	0
163	1766	0	0
164	1782	0	0
165	1784	0	0
166	1768	0	0
167	1757	0	0
168	1751	0	0
169	1758	0	0
170	1759	0	0
171	1775	0	0
172	1780	0	0
173	1785	0	0
174	1774	0	0
175	1761	0	0
176	1747	0	0
177	1746	0	0
178	1760	0	0
179	1760	0	0
180	1767	0	0
181	1774	0	0
182	1765	0	0
183	1769	0	0
184	1784	0	0
185	1763	0	0
186	1777	0	0
187	1766	0	0
188	1757	0	0
189	1769	0	0
190	1764	0	0
191	1762	0	0
192	1767	0	0
193	1790	0	0
194	1763	0	0
195	1756	0	0
196	1776	0	0
197	1746	0	0
198	1753	0	0
199	1762	0	0
200	1779	0	0
201	1882	0	0
202	1821	0	0
203	1758	0	0
204	1753	0	0
205	1774	0	0
206	1753	0	0
207	1769	0	0
208	1768	0	0
209	1766	0	0
210	1754	0	0
211	1737	0	0
212	1755	0	0
213	1747	0	0
214	1756	0	0
215	1749	0	0
216	1774	0	0
217	1759	0	0
218	1776	0	0
219	1733	0	0
220	1765	0	0
221	1783	0	0
222	1753	0	0
223	1733	0	0
224	1732	0	0
225	1751	0	0
226	1748	0	0
227	1762	0	0
228	1772	0	0
229	1739	0	0
230	1761	0	0
231	1759	0	0
232	1771	0	0
233	1779	0	0
234	1775	0	0
235	1770	0	0
236	1768	0	0
237	1754	0	0
238	1768	0	0
239	1776	0	0
240	1779	0	0
241	1793	0	0
242	1775	0	0
243	1759	0	0
244	1751	0	0
245	1737	0	0
246	1764	0	0
247	1747	0	0
248	1763	0	0
249	1741	0	0
250	1742	0	0
251	1839	0	0
252	1787	0	0
253	1764	0	0
254	1760	0	0
255	1741	0	0
256	1773	0	0
257	1762	0	0
258	1753	0	0
259	1758	0	0
260	1769	0	0
261	1770	0	0
262	1752	0	0
263	1749	0	0
264	1759	0	0
265	1745	0	0
266	1755	0	0
267	1776	0	0
268	1758	0	0
269	1777	0	0
270	1787	0	0
271	1768	0	0
272	1771	0	0
273	1772	0	0
274	1755	0	0
275	1767	0	0
276	1774	0	0
277	1739	0	0
278	1766	0	0
279	1746	0	0
280	1772	0	0
281	1741	0	0
282	1755	0	0
283	1740	0	0
284	1744	0	0
285	1728	0	0
286	1749	0	0
287	1736	0	0
288	1726	0	0
289	1739	0	0
290	1745	0	0
291	1753	0	0
292	1766	0	0
293	1765	0	0
294	1779	0	0
295	1768	0	0
296	1776	0	0
297	1760	0	0
298	1765	0	0
299	1780	0	0
300	1755	4	0
301	1858	16	0
302	1806	0	0
303	1755	0	0
304	1744	0	0
305	1742	0	0
306	1750	0	0
307	1749	0	0
308	1722	0	0
309	1740	0	0
310	1756	0	0
311	1742	0	0
312	1743	0	0
313	1730	0	0
314	1734	0	0
315	1737	0	0
316	1761	0	0
317	1747	0	0
318	1748	0	0
319	1735	0	0
320	1744	0	0
321	1725	0	0
322	1731	0	0
323	1714	0	0
324	1727	0	0
325	1724	0	0
326	1717	0	0
327	1733	0	0
328	1751	0	0
329	1752	0	0
330	1740	0	0
331	1753	0	0
332	1722	0	0
333	1736	0	0
334	1731	0	0
335	1723	0	0
336	1732	0	0
337	1737	0	0
338	1748	0	0
339	1734	0	0
340	1731	0	0
341	1741	0	0
342	1736	0	0
343	1733	0	0
344	1730	0	0
345	1747	0	0
346	1748	0	0
347	1767	0	0
348	1780	0	0
349	1740	0	0
350	1743	0	0
351	1742	0	0
352	1743	0	0
353	1730	0	0
354	1734	0	0
355	1756	0	0
356	1757	0	0
357	1743	0	0
358	1750	0	0
359	1712	0	0
360	1758	0	0
361	1761	0	0
362	1760	0	0
363	1777	0	0
364	1750	0	0
365	1730	0	0
366	1715	0	0
367	1746	0	0
368	1752	0	0
369	1730	0	0
370	1749	0	0
371	1733	0	0
372	1772	0	0
373	1760	0	0
374	1760	0	0
375	1745	0	0
376	1744	0	0
377	1756	0	0
378	1761	0	0
379	1751	0	0
380	1753	0	0
381	1765	0	0
382	1769	0	0
383	1771	0	0
384	1760	0	0
385	1760	0	0
386	1770	0	0
387	1750	0	0
388	1761	0	0
389	1771	0	0
390	1750	0	0
391	1765	0	0
392	1773	0	0
393	1752	0	0
394	1760	0	0
395	1759	0	0
396	1743	0	0
397	1758	0	0
398	1773	0	0
399	1760	0	0
400	1735	0	0
401	1782	0	0
402	1766	0	0
403	1747	0	0
404	1740	0	0
405	1746	0	0
406	1743	0	0
407	1751	0	0
408	1755	0	0
409	1759	0	0
410	1755	0	0
411	1766	0	0
412	1754	0	0
413	1751	0	0
414	1748	0	0
415	1768	0	0
416	1760	0	0
417	1764	0	0
418	1746	0	0
419	1741	0	0
420	1773	0	0
421	1747	0	0
422	1753	0	0
423	1772	0	0
424	1765	0	0
425	1733	0	0
426	1753	0	0
427	1741	0	0
428	1740	0	0
429	1748	0	0
430	1732	0	0
431	1709	0	0
432	1710	0	0
433	1742	0	0
434	1733	0	0
435	1721	0	0
436	1739	0	0
437	1733	0	0
438	1742	0	0
439	1772	0	0
440	1750	0	0
441	1752	0	0
442	1752	0	0
443	1724	0	0
444	1693	0	0
445	1748	0	0
446	1751	0	0
447	1755	0	0
448	1718	0	0
449	1769	0	0
450	1716	0	0
451	1836	0	0
452	1769	0	0
453	1755	0	0
454	1756	0	0
455	1737	0	0
456	1734	0	0
457	1730	0	0
458	1729	0	0
459	1717	0	0
460	1732	0	0
461	1722	0	0
462	1706	0	0
463	1729	0	0
464	1736	0	0
465	1716	0	0
466	1710	0	0
467	1722	0	0
468	1737	0	0
469	1714	0	0
470	1720	0	0
471	1718	0	0
472	1734	0	0
473	1699	0	0
474	1722	0	0
475	1718	0	0
476	1729	0	0
477	1730	0	0
478	1731	0	0
479	1746	0	0
480	1713	0	0
481	1730	0	0
482	1718	0	0
483	1726	0	0
484	1739	0	0
485	1723	0	0
486	1715	0	0
487	1705	0	0
488	1714	0	0
489	1699	0	0
490	1697	0	0
491	1729	0	0
492	1738	0	0
493	1740	0	0
494	1726	0	0
495	1705	0	0
496	1729	0	0
497	1724	0	0
498	1717	0	0
499	1701	0	0
500	1712	0	0
501	1795	0	0
502	1755	0	0
503	1722	0	0
504	1703	0	0
505	1701	0	0
506	1730	0	0
507	1715	0	0
508	1717	0	0
509	1731	0	0
510	1709	0	0
511	1700	0	0
512	1730	0	0
513	1726	0	0
514	1742	0	0
515	1750	0	0
516	1748	0	0
517	1753	0	0
518	1740	0	0
519	1733	0	0
520	1761	0	0
521	1732	0	0
522	1739	0	0
523	1718	0	0
524	1712	0	0
525	1718	0	0
526	1725	0	0
527	1705	0	0
528	1698	0	0
529	1721	0	0
530	1752	0	0
531	1729	0	0
532	1732	0	0
533	1730	0	0
534	1732	0	0
535	1738	0	0
536	1751	0	0
537	1741	0	0
538	1699	0	0
539	1721	0	0
540	1695	0	0
541	1713	0	0
542	1707	0	0
543	1708	0	0
544	1724	0	0
545	1732	0	0
546	1741	0	0
547	1729	0	0
548	1719	0	0
549	1722	0	0
550	1699	0	0
551	1804	0	0
552	1750	0	0
553	1738	0	0
554	1737	0	0
555	1742	0	0
556	1724	0	0
557	1720	0	0
558	1729	0	0
559	1733	0	0
560	1720	0	0
561	1711	0	0
562	1718	0	0
563	1746	0	0
564	1729	0	0
565	1712	0	0
566	1741	0	0
567	1737	0	0
568	1741	0	0
569	1741	0	0
570	1720	0	0
571	1705	0	0
572	1735	0	0
573	1726	0	0
574	1729	0	0
575	1729	0	0
576	1722	0	0
577	1720	0	0
578	1713	0	0
579	1727	0	0
580	1735	0	0
581	1739	0	0
582	1728	0	0
583	1727	0	0
584	1729	0	0
585	1726	0	0
586	1721	0	0
587	1724	0	0
588	1712	0	0
589	1704	0	0
590	1702	0	0
591	1708	0	0
592	1715	0	0
593	1699	0	0
594	1701	0	0
595	1714	0	0
596	1707	0	0
597	1719	0	0
598	1731	0	0
599	1728	0	0
600	1720	0	0
601	1758	0	0
602	1717	0	0
603	1704	0	0
604	1712	0	0
605	1715	0	0
606	1731	0	0
607	1746	0	0
608	1691	0	0
609	1730	0	0
610	1719	0	0
611	1710	0	0
612	1727	0	0
613	1716	0	0
614	1735	0	0
615	1724	0	0
616	1722	0	0
617	1732	0	0
618	1732	0	0
619	1687	0	0
620	1700	0	0
621	1706	0	0
622	1726	0	0
623	1715	0	0
624	1721	0	0
625	1739	0	0
626	1707	0	0
627	1730	0	0
628	1742	0	0
629	1721	0	0
630	1732	0	0
631	1711	0	0
632	1708	0	0
633	1708	0	0
634	1730	0	0
635	1723	0	0
636	1700	0	0
637	1721	0	0
638	1700	0	0
639	1729	0	0
640	1714	0	0
641	1730	0	0
642	1724	0	0
643	1726	0	0
644	1713	0	0
645	1715	0	0
646	1723	0	0
647	1743	0	0
648	1753	0	0
649	1744	0	0
650	1690	27	0
651	1823	21	0
652	1756	0	0
653	1729	0	0
654	1724	0	0
655	1699	0	0
656	1695	0	0
657	1701	0	0
658	1682	0	0
659	1671	0	0
660	1695	0	0
661	1703	0	0
662	1709	0	0
663	1711	0	0
664	1688	0	0
665	1694	0	0
666	1703	0	0
667	1698	0	0
668	1700	0	0
669	1709	0	0
670	1718	0	0
671	1733	0	0
672	1711	0	0
673	1707	0	0
674	1702	0	0
675	1711	0	0
676	1710	0	0
677	1682	0	0
678	1703	0	0
679	1703	0	0
680	1698	0	0
681	1693	0	0
682	1709	0	0
683	1714	0	0
684	1720	0	0
685	1706	0	0
686	1709	0	0
687	1714	0	0
688	1707	0	0
689	1721	0	0
690	1717	0	0
691	1707	0	0
692	1716	0	0
693	1726	0	0
694	1718	0	0
695	1713	0	0
696	1738	0	0
697	1694	0	0
698	1717	0	0
699	1704	0	0
700	1710	0	0
701	1710	0	0
702	1701	0	0
703	1713	0	0
704	1699	0	0
705	1698	0	0
706	1698	0	0
707	1678	0	0
708	1717	0	0
709	1710	0	0
710	1716	0	0
711	1684	0	0
712	1674	0	0
713	1680	0	0
714	1704	0	0
715	1704	0	0
716	1695	0	0
717	1707	0	0
718	1723	0	0
719	1690	0	0
720	1715	0	0
721	1716	0	0
722	1713	0	0
723	1711	0	0
724	1687	0	0
725	1734	0	0
726	1705	0	0
727	1701	0	0
728	1731	0	0
729	1717	0	0
730	1717	0	0
731	1701	0	0
732	1714	0	0
733	1725	0	0
734	1709	0	0
735	1707	0	0
736	1712	0	0
737	1700	0	0
738	1729	0	0
739	1703	0	0
740	1707	0	0
741	1709	0	0
742	1715	0	0
743	1687	0	0
744	1716	0	0
745	1733	0	0
746	1716	0	0
747	1693	0	0
748	1720	0	0
749	1743	0	0
750	1667	0	0
751	1802	0	0
752	1738	0	0
753	1689	0	0
754	1702	0	0
755	1677	0	0
756	1684	0	0
757	1671	0	0
758	1689	0	0
759	1692	0	0
760	1698	0	0
761	1702	0	0
762	1685	0	0
763	1695	0	0
764	1703	0	0
765	1683	0	0
766	1683	0	0
767	1692	0	0
768	1710	0	0
769	1692	0	0
770	1688	0	0
771	1671	0	0
772	1690	0	0
773	1684	0	0
774	1682	0	0
775	1696	0	0
776	1704	0	0
777	1694	0	0
778	1688	0	0
779	1679	0	0
780	1686	0	0
781	1703	0	0
782	1683	0	0
783	1706	0	0
784	1700	0	0
785	1692	0	0
786	1705	0	0
787	1701	0	0
788	1682	0	0
789	1690	0	0
790	1713	0	0
791	1712	0	0
792	1683	0	0
793	1692	0	0
794	1699	0	0
795	1676	0	0
796	1692	0	0
797	1677	0	0
798	1668	0	0
799	1688	0	0
800	1639	0	0
801	1802	0	0
802	1718	0	0
803	1704	0	0
804	1706	0	0
805	1687	0	0
806	1691	0	0
807	1693	0	0
808	1691	0	0
809	1687	0	0
810	1709	0	0
811	1683	0	0
812	1666	0	0
813	1690	0	0
814	1672	0	0
815	1684	0	0
816	1673	0	0
817	1713	0	0
818	1675	0	0
819	1670	0	0
820	1695	0	0
821	1684	0	0
822	1692	0	0
823	1669	0	0
824	1691	0	0
825	1663	0	0
826	1684	0	0
827	1697	0	0
828	1657	0	0
829	1698	0	0
830	1706	0	0
831	1698	0	0
832	1694	0	0
833	1688	0	0
834	1686	0	0
835	1695	0	0
836	1669	0	0
837	1690	0	0
838	1693	0	0
839	1652	0	0
840	1701	0	0
841	1698	0	0
842	1698	0	0
843	1686	0	0
844	1676	0	0
845	1712	0	0
846	1699	0	0
847	1687	0	0
848	1683	0	0
849	1680	0	0
850	1669	0	0
851	1791	0	0
852	1715	0	0
853	1674	0	0
854	1666	0	0
855	1674	0	0
856	1650	0	0
857	1649	0	0
858	1656	0	0
859	1665	0	0
860	1674	0	0
861	1658	0	0
862	1664	0	0
863	1649	0	0
864	1640	0	0
865	1654	0	0
866	1658	0	0
867	1669	0	0
868	1671	0	0
869	1662	0	0
870	1655	0	0
871	1682	0	0
872	1678	0	0
873	1676	0	0
874	1672	0	0
875	1670	0	0
876	1666	0	0
877	1676	0	0
878	1678	0	0
879	1680	0	0
880	1661	0	0
881	1646	0	0
882	1660	0	0
883	1658	0	0
884	1656	0	0
885	1653	0	0
886	1701	0	0
887	1659	0	0
888	1689	0	0
889	1664	0	0
890	1662	0	0
891	1668	0	0
892	1670	0	0
893	1681	0	0
894	1667	0	0
895	1675	0	0
896	1698	0	0
897	1684	0	0
898	1673	0	0
899	1663	0	0
900	1680	0	0
901	1695	0	0
902	1689	0	0
903	1658	0	0
904	1657	0	0
905	1681	0	0
906	1669	0	0
907	1680	0	0
908	1670	0	0
909	1699	0	0
910	1686	0	0
911	1666	0	0
912	1683	0	0
913	1697	0	0
914	1689	0	0
915	1662	0	0
916	1672	0	0
917	1686	0	0
918	1703	0	0
919	1663	0	0
920	1699	0	0
921	1696	0	0
922	1672	0	0
923	1680	0	0
924	1691	0	0
925	1684	0	0
926	1685	0	0
927	1684	0	0
928	1669	0	0
929	1696	0	0
930	1673	0	0
931	1687	0	0
932	1687	0	0
933	1683	0	0
934	1691	0	0
935	1693	0	0
936	1682	0	0
937	1698	0	0
938	1693	0	0
939	1689	0	0
940	1703	0	0
941	1695	0	0
942	1672	0	0
943	1662	0	0
944	1662	0	0
945	1683	0	0
946	1684	0	0
947	1687	0	0
948	1687	0	0
949	1642	0	0
950	1680	0	0
951	1686	0	0
952	1662	0	0
953	1688	0	0
954	1694	0	0
955	1684	0	0
956	1674	0	0
957	1679	0	0
958	1664	0	0
959	1687	0	0
960	1684	0	0
961	1669	0	0
962	1708	0	0
963	1690	0	0
964	1695	0	0
965	1685	0	0
966	1697	0	0
967	1692	0	0
968	1680	0	0
969	1686	0	0
970	1653	0	0
971	1676	0	0
972	1689	0	0
973	1690	0	0
974	1692	0	0
975	1669	0	0
976	1669	0	0
977	1662	0	0
978	1681	0	0
979	1674	0	0
980	1702	0	0
981	1676	0	0
982	1679	0	0
983	1686	0	0
984	1690	0	0
985	1669	0	0
986	1694	0	0
987	1673	0	0
988	1683	0	0
989	1674	0	0
990	1695	0	0
991	1691	0	0
992	1699	0	0
993	1711	0	0
994	1687	0	0
995	1684	0	0
996	1709	0	0
997	1694	0	0
998	1672	0	0
999	1687	0	0
