0	500	0
1	259	0
2	251	0
3	251	0
4	245	0
5	247	0
6	254	0
7	235	0
8	237	0
9	270	0
10	248	0
11	255	0
12	231	0
13	251	0
14	272	0
15	263	0
16	262	0
17	243	0
18	256	0
19	247	0
20	242	0
21	241	0
22	242	0
23	242	0
24	276	1
25	242	5
26	238	2
27	251	1
28	259	0
29	272	0
30	244	0
31	251	1
32	244	3
33	235	0
34	256	0
35	249	0
36	240	0
37	235	0
38	262	3
39	235	2
40	240	0
41	239	3
42	262	0
43	244	2
44	260	0
45	251	0
46	261	1
47	249	3
48	254	0
49	258	0
50	245	0
51	243	0
52	262	0
53	234	2
54	245	0
55	238	0
56	247	0
57	251	0
58	252	0
59	256	0
60	262	1
61	242	0
62	263	0
63	252	0
64	261	0
65	240	0
66	253	0
67	255	0
68	234	0
69	262	0
70	247	0
71	247	1
72	262	0
73	248	0
74	267	1
75	241	8
76	266	8
77	260	0
78	269	0
79	241	0
80	244	0
81	252	0
82	248	0
83	223	0
84	242	0
85	237	0
86	264	0
87	242	1
88	258	1
89	244	8
90	285	2
91	250	0
92	253	0
93	262	0
94	236	0
95	261	0
96	230	0
97	247	2
98	249	0
99	235	0
100	249	0
101	233	0
102	253	0
103	235	0
104	262	0
105	255	1
106	250	0
107	259	0
108	254	0
109	261	0
110	268	0
111	249	0
112	265	0
113	255	1
114	234	0
115	248	1
116	257	0
117	254	0
118	244	2
119	236	11
120	267	6
121	257	0
122	242	0
123	255	0
124	262	0
125	237	0
126	244	0
127	257	2
128	260	0
129	254	0
130	243	0
131	271	11
132	231	3
133	250	2
134	232	0
135	245	0
136	245	0
137	264	0
138	261	0
139	252	3
140	249	6
141	244	0
142	241	2
143	256	0
144	263	0
145	240	0
146	247	1
147	248	5
148	222	0
149	244	0
150	250	0
151	266	0
152	249	0
153	254	0
154	235	0
155	253	9
156	259	0
157	259	0
158	239	0
159	278	1
160	252	0
161	280	0
162	246	1
163	219	6
164	260	0
165	255	0
166	257	2
167	246	2
168	236	1
169	248	0
170	271	0
171	256	0
172	231	0
173	245	2
174	264	2
175	246	3
176	255	3
177	263	0
178	253	1
179	264	1
180	253	0
181	237	1
182	254	0
183	271	0
184	252	0
185	246	0
186	249	0
187	251	0
188	281	0
189	242	0
190	254	0
191	243	0
192	244	0
193	244	0
194	251	0
195	234	0
196	245	0
197	255	2
198	260	2
199	252	0
200	243	0
201	255	0
202	250	1
203	236	1
204	249	0
205	264	0
206	261	2
207	254	2
208	258	3
209	261	0
210	254	0
211	258	0
212	260	0
213	241	0
214	258	6
215	251	0
216	263	7
217	232	12
218	271	0
219	264	3
220	249	0
221	244	0
222	254	0
223	247	0
224	269	0
225	248	0
226	248	0
227	249	0
228	245	0
229	263	0
230	275	0
231	241	0
232	262	0
233	267	4
234	255	0
235	265	0
236	263	0
237	246	1
238	259	10
239	254	0
240	255	0
241	242	2
242	259	0
243	252	1
244	235	5
245	251	0
246	267	0
247	253	0
248	257	0
249	266	1
250	243	0
251	236	5
252	268	0
253	257	9
254	253	2
255	246	0
256	242	0
257	236	10
258	251	2
259	237	0
260	250	2
261	250	0
262	253	5
263	262	4
264	233	0
265	267	1
266	255	1
267	259	0
268	251	0
269	249	0
270	235	0
271	248	0
272	268	0
273	253	3
274	242	0
275	248	0
276	253	0
277	258	0
278	249	5
279	256	0
280	238	0
281	245	4
282	229	4
283	250	0
284	239	0
285	258	1
286	239	0
287	249	0
288	257	0
289	228	0
290	257	11
291	250	0
292	254	0
293	256	0
294	261	0
295	263	0
296	242	0
297	252	0
298	247	5
299	239	0
300	248	2
301	260	1
302	260	0
303	256	3
304	245	0
305	246	0
306	232	0
307	233	7
308	259	13
309	251	4
310	267	0
311	245	0
312	250	0
313	241	1
314	244	5
315	260	0
316	245	0
317	234	0
318	231	0
319	239	0
320	241	0
321	273	0
322	245	0
323	244	0
324	251	1
325	267	0
326	243	0
327	245	0
328	243	0
329	227	1
330	246	2
331	245	3
332	260	1
333	226	8
334	230	0
335	250	0
336	256	0
337	259	0
338	265	0
339	249	0
340	236	0
341	243	0
342	255	0
343	243	0
344	256	0
345	242	0
346	254	0
347	253	2
348	256	0
349	258	0
350	241	5
351	237	8
352	251	5
353	245	0
354	281	3
355	252	0
356	254	0
357	248	0
358	258	0
359	260	0
360	265	0
361	248	1
362	247	7
363	251	2
364	252	0
365	259	12
366	274	11
367	255	0
368	246	10
369	281	5
370	235	0
371	233	0
372	256	0
373	254	3
374	255	12
375	262	4
376	259	0
377	243	0
378	258	0
379	242	1
380	255	0
381	241	0
382	242	0
383	262	3
384	242	0
385	271	0
386	260	9
387	256	2
388	246	0
389	251	1
390	244	0
391	242	0
392	251	0
393	263	0
394	245	1
395	260	3
396	235	0
397	252	0
398	243	0
399	253	0
400	253	0
401	241	0
402	257	0
403	265	0
404	244	0
405	261	0
406	252	4
407	238	0
408	276	0
409	259	0
410	258	4
411	240	0
412	256	7
413	249	0
414	249	0
415	253	2
416	263	0
417	244	0
418	250	0
419	267	0
420	281	0
421	255	0
422	238	0
423	263	0
424	249	6
425	237	0
426	251	0
427	254	0
428	288	0
429	249	2
430	239	1
431	246	8
432	245	0
433	252	0
434	231	4
435	273	0
436	249	0
437	268	0
438	252	2
439	253	0
440	267	0
441	237	0
442	246	0
443	257	3
444	251	5
445	243	0
446	263	0
447	241	0
448	241	6
449	245	1
450	237	0
451	255	0
452	249	0
453	243	2
454	256	10
455	238	4
456	257	0
457	235	0
458	236	0
459	271	2
460	237	0
461	245	0
462	237	0
463	249	0
464	264	0
465	248	0
466	246	0
467	263	5
468	247	0
469	253	2
470	249	1
471	264	2
472	250	1
473	254	0
474	243	0
475	264	0
476	244	0
477	249	0
478	269	0
479	246	0
480	269	3
481	245	1
482	252	0
483	243	0
484	233	0
485	237	0
486	261	0
487	244	0
488	247	4
489	247	3
490	259	0
491	234	0
492	265	0
493	258	0
494	238	0
495	261	0
496	257	1
497	248	0
498	266	7
499	242	2
500	257	0
501	265	0
502	258	0
503	256	0
504	266	1
505	252	0
506	266	0
507	265	2
508	261	0
509	244	0
510	240	0
511	254	0
512	249	0
513	243	5
514	260	5
515	252	0
516	259	0
517	267	0
518	259	0
519	221	0
520	254	0
521	263	0
522	228	4
523	257	1
524	251	0
525	252	0
526	235	0
527	259	3
528	240	0
529	248	0
530	283	0
531	267	0
532	261	0
533	243	7
534	248	0
535	240	0
536	260	0
537	240	0
538	238	12
539	265	2
540	255	0
541	260	0
542	255	0
543	261	0
544	266	0
545	247	0
546	242	0
547	251	0
548	250	0
549	219	4
550	246	5
551	268	1
552	255	0
553	261	0
554	244	4
555	254	8
556	261	1
557	226	0
558	254	0
559	264	1
560	244	5
561	240	12
562	228	0
563	236	0
564	258	8
565	240	9
566	263	0
567	247	0
568	275	0
569	266	0
570	258	0
571	253	1
572	264	8
573	247	1
574	242	0
575	235	0
576	236	0
577	241	0
578	255	0
579	243	0
580	251	1
581	246	0
582	235	2
583	256	1
584	254	0
585	240	0
586	265	0
587	246	0
588	240	0
589	245	1
590	262	0
591	248	2
592	226	0
593	241	0
594	256	0
595	245	2
596	244	0
597	248	0
598	247	0
599	241	0
600	240	2
601	256	0
602	257	0
603	237	0
604	253	0
605	265	3
606	245	1
607	246	0
608	249	0
609	243	0
610	271	0
611	261	0
612	245	0
613	242	0
614	273	2
615	245	0
616	269	0
617	265	5
618	257	0
619	247	3
620	257	2
621	250	0
622	240	1
623	263	1
624	276	1
625	264	0
626	244	5
627	246	12
628	251	1
629	251	2
630	254	0
631	243	3
632	250	7
633	261	1
634	248	0
635	247	2
636	247	1
637	257	0
638	255	0
639	249	0
640	262	1
641	268	0
642	249	0
643	249	0
644	244	0
645	260	0
646	259	0
647	245	0
648	266	1
649	258	0
650	245	0
651	250	1
652	236	0
653	231	0
654	258	1
655	271	4
656	258	0
657	261	0
658	244	0
659	248	0
660	258	0
661	235	0
662	253	0
663	244	0
664	240	0
665	244	0
666	236	0
667	247	0
668	245	0
669	238	0
670	254	0
671	240	0
672	239	0
673	225	0
674	257	0
675	262	6
676	247	0
677	254	0
678	261	0
679	232	1
680	251	0
681	256	0
682	256	0
683	263	0
684	249	0
685	242	0
686	260	0
687	253	0
688	259	0
689	249	0
690	258	0
691	251	0
692	250	0
693	241	0
694	245	0
695	239	0
696	269	2
697	246	3
698	264	0
699	250	0
700	240	0
701	252	0
702	263	0
703	262	0
704	254	0
705	245	0
706	256	0
707	241	0
708	233	1
709	259	0
710	240	1
711	235	0
712	264	0
713	242	10
714	261	1
715	241	0
716	230	0
717	257	0
718	249	2
719	251	2
720	259	0
721	241	1
722	248	0
723	236	0
724	242	0
725	258	5
726	238	7
727	231	1
728	243	0
729	248	0
730	230	3
731	275	0
732	256	0
733	243	0
734	253	3
735	245	0
736	259	0
737	259	0
738	246	4
739	252	0
740	236	0
741	232	3
742	236	0
743	261	0
744	246	0
745	252	0
746	246	0
747	246	0
748	239	7
749	260	1
750	276	0
751	248	0
752	253	4
753	229	9
754	252	8
755	283	1
756	253	0
757	267	0
758	248	0
759	259	0
760	252	1
761	246	0
762	250	0
763	257	0
764	265	3
765	251	0
766	265	3
767	252	0
768	244	1
769	253	2
770	251	0
771	251	0
772	252	0
773	254	7
774	260	4
775	250	1
776	242	0
777	249	1
778	255	5
779	256	0
780	264	2
781	258	8
782	258	0
783	261	0
784	259	1
785	243	0
786	266	0
787	259	0
788	244	0
789	228	0
790	250	0
791	238	4
792	246	9
793	266	0
794	247	0
795	248	0
796	248	0
797	233	0
798	259	0
799	250	0
800	242	1
801	253	0
802	244	2
803	244	1
804	251	0
805	242	0
806	256	2
807	252	1
808	259	2
809	248	0
810	259	0
811	238	0
812	244	13
813	256	1
814	253	0
815	246	0
816	261	0
817	235	0
818	256	1
819	264	2
820	247	0
821	236	4
822	250	0
823	239	0
824	239	0
825	250	0
826	253	4
827	233	1
828	240	0
829	237	0
830	257	0
831	255	0
832	228	0
833	231	0
834	228	0
835	247	0
836	271	0
837	278	0
838	232	0
839	276	0
840	259	2
841	241	0
842	248	1
843	259	4
844	242	1
845	250	1
846	246	1
847	271	0
848	250	0
849	233	0
850	241	2
851	249	5
852	248	2
853	261	0
854	229	0
855	256	0
856	251	0
857	259	2
858	250	0
859	257	0
860	232	0
861	236	0
862	239	0
863	261	0
864	237	0
865	227	2
866	230	0
867	237	0
868	262	0
869	247	0
870	250	0
871	237	0
872	237	0
873	237	1
874	270	0
875	255	5
876	237	0
877	256	0
878	261	8
879	264	0
880	241	0
881	248	2
882	250	0
883	243	0
884	229	0
885	231	4
886	262	12
887	253	11
888	241	3
889	244	1
890	256	0
891	240	0
892	243	4
893	233	5
894	243	0
895	258	0
896	238	0
897	260	0
898	240	0
899	252	0
900	232	0
901	245	0
902	222	5
903	236	0
904	263	6
905	275	0
906	234	5
907	236	0
908	231	0
909	241	0
910	254	0
911	251	0
912	283	0
913	245	0
914	249	0
915	236	0
916	259	0
917	254	0
918	257	2
919	247	0
920	260	0
921	235	0
922	242	0
923	270	2
924	235	0
925	241	1
926	256	2
927	265	0
928	264	0
929	262	2
930	260	0
931	252	7
932	274	0
933	247	1
934	257	2
935	268	8
936	247	3
937	250	3
938	267	2
939	246	16
940	249	1
941	270	0
942	242	0
943	231	0
944	242	0
945	257	0
946	255	0
947	261	0
948	246	0
949	250	9
950	227	5
951	269	0
952	238	8
953	269	0
954	247	0
955	255	0
956	254	0
957	246	0
958	240	0
959	274	1
960	259	0
961	266	0
962	254	1
963	250	0
964	249	3
965	254	0
966	258	0
967	245	0
968	237	0
969	261	1
970	238	0
971	259	0
972	237	0
973	259	3
974	258	7
975	239	2
976	257	2
977	260	11
978	246	8
979	252	0
980	258	0
981	228	3
982	251	0
983	251	2
984	246	5
985	224	1
986	258	0
987	251	0
988	265	0
989	256	5
990	227	4
991	248	1
992	250	0
993	249	0
994	233	0
995	268	0
996	252	0
997	234	0
998	250	0
999	264	0
