0	2000	0
1	2000	6
2	2000	2
3	2000	7
4	2000	7
5	2000	11
6	2000	9
7	2000	7
8	2000	1
9	2000	1
10	2000	3
11	2000	16
12	2000	7
13	2000	6
14	2000	4
15	2000	5
16	2000	13
17	2000	13
18	2000	10
19	2000	9
20	2000	9
21	2000	2
22	2000	9
23	2000	9
24	2000	0
25	2000	4
26	2000	4
27	2000	2
28	2000	8
29	2000	12
30	2000	9
31	2000	4
32	2000	10
33	2000	2
34	2000	5
35	2000	4
36	2000	2
37	2000	1
38	2000	0
39	2000	0
40	2000	0
41	2000	0
42	2000	1
43	2000	2
44	2000	4
45	2000	9
46	2000	13
47	2000	1
48	2000	2
49	2000	7
50	2000	6
51	2000	0
52	2000	6
53	2000	2
54	2000	4
55	2000	2
56	2000	1
57	2000	6
58	2000	9
59	2000	4
60	2000	1
61	2000	1
62	2000	9
63	2000	1
64	2000	4
65	2000	0
66	2000	0
67	2000	3
68	2000	1
69	2000	0
70	2000	0
71	2000	1
72	2000	2
73	2000	6
74	2000	7
75	2000	5
76	2000	5
77	2000	6
78	2000	10
79	2000	9
80	2000	6
81	2000	6
82	2000	3
83	2000	2
84	2000	4
85	2000	14
86	2000	10
87	2000	13
88	2000	9
89	2000	5
90	2000	1
91	2000	7
92	2000	10
93	2000	11
94	2000	14
95	2000	8
96	2000	3
97	2000	3
98	2000	4
99	2000	11
100	2000	5
101	2000	10
102	2000	8
103	2000	4
104	2000	4
105	2000	4
106	2000	0
107	2000	1
108	2000	3
109	2000	5
110	2000	4
111	2000	6
112	2000	5
113	2000	6
114	2000	5
115	2000	5
116	2000	1
117	2000	0
118	2000	1
119	2000	3
120	2000	4
121	2000	0
122	2000	1
123	2000	0
124	2000	0
125	2000	0
126	2000	5
127	2000	10
128	2000	18
129	2000	10
130	2000	2
131	2000	0
132	2000	3
133	2000	0
134	2000	4
135	2000	6
136	2000	5
137	2000	4
138	2000	5
139	2000	2
140	2000	2
141	2000	1
142	2000	0
143	2000	1
144	2000	7
145	2000	2
146	2000	0
147	2000	0
148	2000	3
149	2000	7
150	2000	9
151	2000	4
152	2000	0
153	2000	1
154	2000	4
155	2000	5
156	2000	3
157	2000	2
158	2000	5
159	2000	8
160	2000	4
161	2000	8
162	2000	5
163	2000	7
164	2000	1
165	2000	1
166	2000	4
167	2000	7
168	2000	4
169	2000	3
170	2000	5
171	2000	2
172	2000	4
173	2000	3
174	2000	0
175	2000	6
176	2000	8
177	2000	6
178	2000	1
179	2000	0
180	2000	4
181	2000	1
182	2000	0
183	2000	7
184	2000	6
185	2000	7
186	2000	5
187	2000	5
188	2000	1
189	2000	6
190	2000	5
191	2000	5
192	2000	9
193	2000	18
194	2000	12
195	2000	3
196	2000	9
197	2000	0
198	2000	3
199	2000	5
200	2000	1
201	2000	0
202	2000	41
203	2000	7
204	2000	0
205	2000	0
206	2000	0
207	2000	0
208	2000	0
209	2000	4
210	2000	6
211	2000	6
212	2000	7
213	2000	2
214	2000	2
215	2000	2
216	2000	5
217	2000	4
218	2000	4
219	2000	7
220	2000	5
221	2000	5
222	2000	6
223	2000	0
224	2000	5
225	2000	6
226	2000	7
227	2000	8
228	2000	3
229	2000	0
230	2000	3
231	2000	10
232	2000	9
233	2000	5
234	2000	0
235	2000	0
236	2000	0
237	2000	7
238	2000	14
239	2000	5
240	2000	3
241	2000	3
242	2000	5
243	2000	9
244	2000	3
245	2000	0
246	2000	0
247	2000	5
248	2000	14
249	2000	0
250	2000	0
251	2000	0
252	2000	3
253	2000	5
254	2000	0
255	2000	5
256	2000	5
257	2000	10
258	2000	1
259	2000	4
260	2000	1
261	2000	5
262	2000	6
263	2000	2
264	2000	0
265	2000	0
266	2000	8
267	2000	10
268	2000	16
269	2000	10
270	2000	7
271	2000	1
272	2000	3
273	2000	6
274	2000	4
275	2000	4
276	2000	1
277	2000	2
278	2000	2
279	2000	2
280	2000	8
281	2000	1
282	2000	0
283	2000	0
284	2000	0
285	2000	4
286	2000	9
287	2000	3
288	2000	5
289	2000	1
290	2000	3
291	2000	1
292	2000	0
293	2000	0
294	2000	5
295	2000	7
296	2000	10
297	2000	9
298	2000	7
299	2000	12
300	2000	7
301	2000	5
302	2000	1
303	2000	3
304	2000	3
305	2000	0
306	2000	1
307	2000	3
308	2000	1
309	2000	3
310	2000	4
311	2000	0
312	2000	0
313	2000	1
314	2000	2
315	2000	6
316	2000	5
317	2000	9
318	2000	15
319	2000	17
320	2000	10
321	2000	2
322	2000	0
323	2000	4
324	2000	2
325	2000	1
326	2000	8
327	2000	6
328	2000	4
329	2000	13
330	2000	6
331	2000	6
332	2000	7
333	2000	6
334	2000	11
335	2000	7
336	2000	9
337	2000	1
338	2000	2
339	2000	6
340	2000	2
341	2000	7
342	2000	5
343	2000	1
344	2000	3
345	2000	4
346	2000	2
347	2000	5
348	2000	8
349	2000	8
350	2000	7
351	2000	6
352	2000	1
353	2000	1
354	2000	6
355	2000	6
356	2000	0
357	2000	0
358	2000	1
359	2000	0
360	2000	0
361	2000	1
362	2000	1
363	2000	1
364	2000	1
365	2000	2
366	2000	1
367	2000	2
368	2000	5
369	2000	1
370	2000	5
371	2000	4
372	2000	1
373	2000	4
374	2000	2
375	2000	0
376	2000	0
377	2000	0
378	2000	0
379	2000	0
380	2000	2
381	2000	3
382	2000	0
383	2000	0
384	2000	0
385	2000	0
386	2000	2
387	2000	6
388	2000	7
389	2000	1
390	2000	5
391	2000	12
392	2000	12
393	2000	2
394	2000	0
395	2000	0
396	2000	1
397	2000	3
398	2000	3
399	2000	13
400	2000	8
401	2000	36
402	2000	32
403	2000	21
404	2000	10
405	2000	3
406	2000	1
407	2000	8
408	2000	8
409	2000	0
410	2000	0
411	2000	2
412	2000	2
413	2000	14
414	2000	5
415	2000	9
416	2000	13
417	2000	7
418	2000	0
419	2000	2
420	2000	1
421	2000	2
422	2000	4
423	2000	1
424	2000	0
425	2000	1
426	2000	2
427	2000	6
428	2000	6
429	2000	13
430	2000	14
431	2000	2
432	2000	9
433	2000	5
434	2000	8
435	2000	10
436	2000	4
437	2000	3
438	2000	2
439	2000	3
440	2000	0
441	2000	1
442	2000	0
443	2000	3
444	2000	6
445	2000	3
446	2000	1
447	2000	11
448	2000	10
449	2000	10
450	2000	7
451	2000	7
452	2000	2
453	2000	9
454	2000	10
455	2000	4
456	2000	3
457	2000	5
458	2000	2
459	2000	4
460	2000	0
461	2000	0
462	2000	1
463	2000	4
464	2000	2
465	2000	5
466	2000	3
467	2000	2
468	2000	1
469	2000	7
470	2000	10
471	2000	3
472	2000	0
473	2000	2
474	2000	5
475	2000	0
476	2000	0
477	2000	1
478	2000	3
479	2000	3
480	2000	9
481	2000	1
482	2000	4
483	2000	8
484	2000	6
485	2000	14
486	2000	5
487	2000	11
488	2000	18
489	2000	9
490	2000	3
491	2000	6
492	2000	14
493	2000	5
494	2000	4
495	2000	0
496	2000	2
497	2000	1
498	2000	4
499	2000	10
500	2000	6
501	2000	1
502	2000	1
503	2000	6
504	2000	12
505	2000	6
506	2000	2
507	2000	3
508	2000	0
509	2000	0
510	2000	10
511	2000	2
512	2000	0
513	2000	4
514	2000	0
515	2000	6
516	2000	6
517	2000	11
518	2000	7
519	2000	2
520	2000	0
521	2000	1
522	2000	11
523	2000	1
524	2000	3
525	2000	0
526	2000	0
527	2000	9
528	2000	4
529	2000	2
530	2000	8
531	2000	13
532	2000	5
533	2000	3
534	2000	4
535	2000	0
536	2000	1
537	2000	4
538	2000	0
539	2000	0
540	2000	1
541	2000	3
542	2000	11
543	2000	4
544	2000	2
545	2000	10
546	2000	12
547	2000	7
548	2000	1
549	2000	1
550	2000	1
551	2000	0
552	2000	1
553	2000	9
554	2000	10
555	2000	12
556	2000	5
557	2000	5
558	2000	6
559	2000	3
560	2000	6
561	2000	3
562	2000	7
563	2000	5
564	2000	0
565	2000	5
566	2000	0
567	2000	0
568	2000	3
569	2000	7
570	2000	1
571	2000	4
572	2000	6
573	2000	8
574	2000	11
575	2000	10
576	2000	6
577	2000	5
578	2000	1
579	2000	3
580	2000	3
581	2000	1
582	2000	1
583	2000	7
584	2000	14
585	2000	10
586	2000	7
587	2000	3
588	2000	11
589	2000	9
590	2000	14
591	2000	13
592	2000	7
593	2000	6
594	2000	4
595	2000	2
596	2000	11
597	2000	11
598	2000	8
599	2000	2
600	2000	0
601	2000	0
602	2000	41
603	2000	18
604	2000	0
605	2000	2
606	2000	1
607	2000	6
608	2000	5
609	2000	0
610	2000	0
611	2000	1
612	2000	0
613	2000	8
614	2000	7
615	2000	7
616	2000	3
617	2000	3
618	2000	4
619	2000	7
620	2000	4
621	2000	2
622	2000	1
623	2000	0
624	2000	0
625	2000	8
626	2000	6
627	2000	4
628	2000	4
629	2000	0
630	2000	4
631	2000	9
632	2000	4
633	2000	5
634	2000	0
635	2000	0
636	2000	2
637	2000	0
638	2000	2
639	2000	1
640	2000	3
641	2000	4
642	2000	1
643	2000	0
644	2000	2
645	2000	7
646	2000	0
647	2000	4
648	2000	20
649	2000	12
650	2000	12
651	2000	4
652	2000	5
653	2000	0
654	2000	5
655	2000	6
656	2000	3
657	2000	2
658	2000	0
659	2000	1
660	2000	1
661	2000	5
662	2000	5
663	2000	2
664	2000	1
665	2000	0
666	2000	1
667	2000	0
668	2000	0
669	2000	0
670	2000	1
671	2000	6
672	2000	4
673	2000	3
674	2000	1
675	2000	0
676	2000	0
677	2000	4
678	2000	10
679	2000	5
680	2000	1
681	2000	0
682	2000	4
683	2000	3
684	2000	4
685	2000	1
686	2000	5
687	2000	5
688	2000	5
689	2000	5
690	2000	5
691	2000	0
692	2000	0
693	2000	6
694	2000	8
695	2000	5
696	2000	5
697	2000	0
698	2000	1
699	2000	5
700	2000	7
701	2000	13
702	2000	4
703	2000	14
704	2000	4
705	2000	0
706	2000	5
707	2000	4
708	2000	1
709	2000	6
710	2000	10
711	2000	8
712	2000	6
713	2000	4
714	2000	1
715	2000	1
716	2000	1
717	2000	4
718	2000	3
719	2000	11
720	2000	7
721	2000	3
722	2000	7
723	2000	12
724	2000	13
725	2000	11
726	2000	4
727	2000	4
728	2000	9
729	2000	10
730	2000	11
731	2000	7
732	2000	7
733	2000	5
734	2000	1
735	2000	0
736	2000	2
737	2000	1
738	2000	4
739	2000	0
740	2000	0
741	2000	5
742	2000	9
743	2000	2
744	2000	7
745	2000	16
746	2000	4
747	2000	5
748	2000	2
749	2000	3
750	2000	8
751	2000	4
752	2000	2
753	2000	4
754	2000	0
755	2000	5
756	2000	4
757	2000	8
758	2000	12
759	2000	2
760	2000	6
761	2000	8
762	2000	5
763	2000	7
764	2000	4
765	2000	10
766	2000	4
767	2000	3
768	2000	1
769	2000	0
770	2000	3
771	2000	7
772	2000	6
773	2000	7
774	2000	0
775	2000	0
776	2000	2
777	2000	6
778	2000	2
779	2000	7
780	2000	10
781	2000	8
782	2000	1
783	2000	0
784	2000	5
785	2000	1
786	2000	4
787	2000	7
788	2000	17
789	2000	7
790	2000	7
791	2000	10
792	2000	5
793	2000	10
794	2000	1
795	2000	6
796	2000	2
797	2000	3
798	2000	0
799	2000	4
800	2000	0
801	2000	8
802	2000	57
803	2000	29
804	2000	9
805	2000	0
806	2000	2
807	2000	4
808	2000	11
809	2000	11
810	2000	12
811	2000	2
812	2000	6
813	2000	3
814	2000	0
815	2000	1
816	2000	14
817	2000	5
818	2000	3
819	2000	4
820	2000	6
821	2000	7
822	2000	0
823	2000	0
824	2000	1
825	2000	2
826	2000	0
827	2000	0
828	2000	4
829	2000	2
830	2000	11
831	2000	6
832	2000	6
833	2000	2
834	2000	0
835	2000	3
836	2000	0
837	2000	5
838	2000	3
839	2000	4
840	2000	10
841	2000	8
842	2000	7
843	2000	2
844	2000	2
845	2000	7
846	2000	4
847	2000	0
848	2000	0
849	2000	0
850	2000	6
851	2000	3
852	2000	0
853	2000	0
854	2000	0
855	2000	4
856	2000	0
857	2000	3
858	2000	11
859	2000	2
860	2000	12
861	2000	12
862	2000	7
863	2000	7
864	2000	5
865	2000	10
866	2000	5
867	2000	3
868	2000	0
869	2000	0
870	2000	0
871	2000	3
872	2000	2
873	2000	0
874	2000	4
875	2000	4
876	2000	1
877	2000	0
878	2000	2
879	2000	4
880	2000	3
881	2000	3
882	2000	6
883	2000	6
884	2000	7
885	2000	5
886	2000	8
887	2000	7
888	2000	3
889	2000	5
890	2000	2
891	2000	0
892	2000	0
893	2000	0
894	2000	0
895	2000	5
896	2000	7
897	2000	3
898	2000	12
899	2000	4
900	2000	4
901	2000	7
902	2000	8
903	2000	3
904	2000	7
905	2000	4
906	2000	1
907	2000	8
908	2000	6
909	2000	4
910	2000	3
911	2000	0
912	2000	0
913	2000	0
914	2000	0
915	2000	0
916	2000	2
917	2000	5
918	2000	5
919	2000	2
920	2000	3
921	2000	7
922	2000	10
923	2000	3
924	2000	2
925	2000	1
926	2000	0
927	2000	2
928	2000	1
929	2000	0
930	2000	2
931	2000	0
932	2000	0
933	2000	0
934	2000	4
935	2000	12
936	2000	0
937	2000	0
938	2000	4
939	2000	13
940	2000	11
941	2000	9
942	2000	12
943	2000	9
944	2000	4
945	2000	4
946	2000	6
947	2000	9
948	2000	6
949	2000	4
950	2000	7
951	2000	0
952	2000	3
953	2000	13
954	2000	4
955	2000	0
956	2000	0
957	2000	0
958	2000	1
959	2000	5
960	2000	13
961	2000	4
962	2000	8
963	2000	17
964	2000	14
965	2000	5
966	2000	8
967	2000	13
968	2000	7
969	2000	11
970	2000	7
971	2000	5
972	2000	7
973	2000	5
974	2000	0
975	2000	1
976	2000	1
977	2000	1
978	2000	0
979	2000	0
980	2000	0
981	2000	5
982	2000	9
983	2000	9
984	2000	17
985	2000	7
986	2000	2
987	2000	2
988	2000	6
989	2000	7
990	2000	5
991	2000	4
992	2000	4
993	2000	4
994	2000	3
995	2000	0
996	2000	2
997	2000	0
998	2000	3
999	2000	0
