0	500	0
1	500	11
2	500	12
3	500	11
4	500	26
5	500	36
6	500	35
7	500	16
8	500	24
9	500	37
10	500	9
11	500	6
12	500	0
13	500	29
14	500	15
15	500	2
16	500	1
17	500	34
18	500	28
19	500	28
20	500	23
21	500	41
22	500	36
23	500	28
24	500	23
25	500	6
26	500	13
27	500	21
28	500	30
29	500	46
30	500	34
31	500	29
32	500	14
33	500	17
34	500	20
35	500	15
36	500	5
37	500	3
38	500	0
39	500	0
40	500	4
41	500	0
42	500	10
43	500	30
44	500	35
45	500	28
46	500	10
47	500	30
48	500	20
49	500	14
50	500	0
51	500	0
52	500	105
53	500	1
54	500	14
55	500	29
56	500	5
57	500	5
58	500	17
59	500	17
60	500	20
61	500	35
62	500	50
63	500	32
64	500	33
65	500	23
66	500	26
67	500	24
68	500	22
69	500	29
70	500	25
71	500	15
72	500	28
73	500	31
74	500	33
75	500	16
76	500	27
77	500	40
78	500	17
79	500	2
80	500	7
81	500	17
82	500	19
83	500	14
84	500	20
85	500	22
86	500	14
87	500	0
88	500	8
89	500	1
90	500	7
91	500	28
92	500	39
93	500	38
94	500	13
95	500	4
96	500	9
97	500	13
98	500	0
99	500	10
100	500	44
101	500	0
102	500	182
103	500	74
104	500	19
105	500	23
106	500	21
107	500	35
108	500	37
109	500	23
110	500	21
111	500	43
112	500	14
113	500	2
114	500	16
115	500	34
116	500	12
117	500	22
118	500	4
119	500	25
120	500	35
121	500	33
122	500	39
123	500	32
124	500	38
125	500	45
126	500	38
127	500	24
128	500	7
129	500	22
130	500	30
131	500	23
132	500	19
133	500	8
134	500	16
135	500	7
136	500	17
137	500	13
138	500	12
139	500	0
140	500	2
141	500	11
142	500	18
143	500	20
144	500	12
145	500	6
146	500	14
147	500	2
148	500	9
149	500	12
150	500	0
151	500	0
152	500	70
153	500	6
154	500	3
155	500	15
156	500	19
157	500	28
158	500	12
159	500	22
160	500	21
161	500	19
162	500	17
163	500	27
164	500	26
165	500	12
166	500	22
167	500	26
168	500	32
169	500	34
170	500	33
171	500	26
172	500	21
173	500	32
174	500	25
175	500	14
176	500	34
177	500	33
178	500	28
179	500	24
180	500	15
181	500	15
182	500	36
183	500	14
184	500	7
185	500	20
186	500	17
187	500	15
188	500	6
189	500	0
190	500	0
191	500	6
192	500	4
193	500	41
194	500	43
195	500	22
196	500	11
197	500	24
198	500	22
199	500	17
200	500	3
201	500	0
202	500	104
203	500	14
204	500	0
205	500	0
206	500	7
207	500	13
208	500	8
209	500	20
210	500	35
211	500	34
212	500	18
213	500	14
214	500	0
215	500	14
216	500	22
217	500	19
218	500	15
219	500	10
220	500	16
221	500	3
222	500	0
223	500	18
224	500	7
225	500	16
226	500	25
227	500	34
228	500	13
229	500	0
230	500	21
231	500	23
232	500	18
233	500	8
234	500	10
235	500	13
236	500	7
237	500	24
238	500	31
239	500	33
240	500	19
241	500	0
242	500	0
243	500	0
244	500	2
245	500	0
246	500	10
247	500	44
248	500	19
249	500	19
250	500	5
251	500	0
252	500	84
253	500	3
254	500	15
255	500	20
256	500	28
257	500	30
258	500	15
259	500	21
260	500	23
261	500	26
262	500	18
263	500	10
264	500	25
265	500	0
266	500	6
267	500	6
268	500	7
269	500	19
270	500	33
271	500	10
272	500	13
273	500	6
274	500	2
275	500	18
276	500	2
277	500	2
278	500	17
279	500	2
280	500	0
281	500	10
282	500	17
283	500	2
284	500	15
285	500	29
286	500	47
287	500	32
288	500	24
289	500	27
290	500	16
291	500	14
292	500	2
293	500	19
294	500	14
295	500	1
296	500	24
297	500	16
298	500	7
299	500	8
300	500	1
301	500	0
302	500	115
303	500	28
304	500	12
305	500	2
306	500	6
307	500	11
308	500	11
309	500	34
310	500	27
311	500	29
312	500	17
313	500	42
314	500	33
315	500	34
316	500	18
317	500	43
318	500	40
319	500	23
320	500	51
321	500	58
322	500	21
323	500	27
324	500	14
325	500	26
326	500	47
327	500	37
328	500	44
329	500	14
330	500	18
331	500	8
332	500	1
333	500	15
334	500	25
335	500	33
336	500	23
337	500	16
338	500	24
339	500	41
340	500	1
341	500	5
342	500	9
343	500	8
344	500	24
345	500	39
346	500	25
347	500	32
348	500	14
349	500	22
350	500	3
351	500	0
352	500	73
353	500	1
354	500	4
355	500	4
356	500	14
357	500	23
358	500	16
359	500	12
360	500	19
361	500	39
362	500	32
363	500	38
364	500	12
365	500	0
366	500	0
367	500	7
368	500	14
369	500	29
370	500	32
371	500	37
372	500	20
373	500	8
374	500	18
375	500	25
376	500	15
377	500	19
378	500	17
379	500	15
380	500	19
381	500	23
382	500	28
383	500	30
384	500	17
385	500	3
386	500	11
387	500	30
388	500	32
389	500	21
390	500	22
391	500	4
392	500	14
393	500	16
394	500	27
395	500	13
396	500	19
397	500	16
398	500	22
399	500	0
400	500	0
401	500	0
402	500	147
403	500	17
404	500	4
405	500	8
406	500	10
407	500	20
408	500	0
409	500	0
410	500	7
411	500	21
412	500	21
413	500	0
414	500	19
415	500	13
416	500	1
417	500	21
418	500	0
419	500	5
420	500	10
421	500	18
422	500	29
423	500	24
424	500	5
425	500	4
426	500	20
427	500	20
428	500	0
429	500	0
430	500	0
431	500	13
432	500	19
433	500	10
434	500	9
435	500	0
436	500	1
437	500	2
438	500	9
439	500	5
440	500	13
441	500	29
442	500	28
443	500	2
444	500	6
445	500	10
446	500	13
447	500	27
448	500	3
449	500	3
450	500	0
451	500	0
452	500	95
453	500	3
454	500	13
455	500	24
456	500	27
457	500	14
458	500	10
459	500	0
460	500	17
461	500	0
462	500	27
463	500	21
464	500	12
465	500	5
466	500	0
467	500	9
468	500	19
469	500	13
470	500	34
471	500	26
472	500	3
473	500	1
474	500	13
475	500	14
476	500	4
477	500	0
478	500	24
479	500	23
480	500	28
481	500	5
482	500	21
483	500	38
484	500	23
485	500	2
486	500	14
487	500	10
488	500	13
489	500	31
490	500	13
491	500	35
492	500	5
493	500	8
494	500	21
495	500	26
496	500	24
497	500	25
498	500	23
499	500	5
500	500	0
501	500	0
502	500	77
503	500	12
504	500	0
505	500	8
506	500	20
507	500	35
508	500	11
509	500	17
510	500	9
511	500	26
512	500	27
513	500	13
514	500	10
515	500	40
516	500	52
517	500	19
518	500	6
519	500	2
520	500	3
521	500	2
522	500	31
523	500	23
524	500	14
525	500	2
526	500	0
527	500	18
528	500	11
529	500	23
530	500	19
531	500	22
532	500	9
533	500	3
534	500	27
535	500	1
536	500	1
537	500	6
538	500	7
539	500	28
540	500	25
541	500	21
542	500	10
543	500	1
544	500	2
545	500	0
546	500	0
547	500	17
548	500	2
549	500	7
550	500	1
551	500	0
552	500	133
553	500	16
554	500	0
555	500	0
556	500	16
557	500	23
558	500	16
559	500	19
560	500	3
561	500	2
562	500	26
563	500	22
564	500	11
565	500	13
566	500	11
567	500	16
568	500	16
569	500	22
570	500	31
571	500	27
572	500	63
573	500	24
574	500	7
575	500	25
576	500	21
577	500	21
578	500	21
579	500	49
580	500	31
581	500	26
582	500	3
583	500	7
584	500	36
585	500	39
586	500	25
587	500	2
588	500	3
589	500	25
590	500	39
591	500	24
592	500	27
593	500	34
594	500	31
595	500	12
596	500	14
597	500	15
598	500	1
599	500	6
600	500	0
601	500	0
602	500	93
603	500	17
604	500	0
605	500	7
606	500	30
607	500	16
608	500	13
609	500	5
610	500	15
611	500	28
612	500	9
613	500	6
614	500	22
615	500	7
616	500	0
617	500	3
618	500	5
619	500	0
620	500	9
621	500	39
622	500	21
623	500	6
624	500	0
625	500	8
626	500	35
627	500	34
628	500	32
629	500	15
630	500	6
631	500	28
632	500	15
633	500	13
634	500	20
635	500	29
636	500	20
637	500	19
638	500	16
639	500	21
640	500	9
641	500	12
642	500	19
643	500	10
644	500	0
645	500	0
646	500	9
647	500	9
648	500	0
649	500	0
650	500	0
651	500	0
652	500	80
653	500	7
654	500	0
655	500	10
656	500	33
657	500	2
658	500	2
659	500	1
660	500	12
661	500	16
662	500	6
663	500	19
664	500	21
665	500	39
666	500	42
667	500	34
668	500	19
669	500	13
670	500	11
671	500	28
672	500	10
673	500	14
674	500	11
675	500	11
676	500	12
677	500	11
678	500	25
679	500	27
680	500	18
681	500	11
682	500	0
683	500	0
684	500	11
685	500	12
686	500	0
687	500	0
688	500	13
689	500	24
690	500	12
691	500	14
692	500	6
693	500	7
694	500	0
695	500	31
696	500	30
697	500	32
698	500	2
699	500	13
700	500	0
701	500	0
702	500	98
703	500	28
704	500	0
705	500	6
706	500	5
707	500	0
708	500	0
709	500	0
710	500	19
711	500	24
712	500	5
713	500	0
714	500	0
715	500	13
716	500	24
717	500	3
718	500	0
719	500	0
720	500	1
721	500	12
722	500	0
723	500	0
724	500	11
725	500	21
726	500	26
727	500	24
728	500	15
729	500	20
730	500	28
731	500	19
732	500	12
733	500	0
734	500	0
735	500	0
736	500	0
737	500	0
738	500	6
739	500	13
740	500	1
741	500	13
742	500	17
743	500	12
744	500	12
745	500	17
746	500	17
747	500	1
748	500	19
749	500	15
750	500	1
751	500	0
752	500	105
753	500	5
754	500	7
755	500	12
756	500	16
757	500	2
758	500	6
759	500	5
760	500	19
761	500	35
762	500	30
763	500	5
764	500	3
765	500	13
766	500	2
767	500	4
768	500	24
769	500	18
770	500	24
771	500	27
772	500	24
773	500	15
774	500	7
775	500	12
776	500	11
777	500	11
778	500	0
779	500	2
780	500	16
781	500	0
782	500	6
783	500	17
784	500	7
785	500	23
786	500	37
787	500	13
788	500	14
789	500	18
790	500	27
791	500	18
792	500	31
793	500	19
794	500	19
795	500	1
796	500	0
797	500	9
798	500	12
799	500	14
800	500	1
801	500	0
802	500	73
803	500	5
804	500	20
805	500	33
806	500	10
807	500	25
808	500	34
809	500	54
810	500	42
811	500	6
812	500	2
813	500	2
814	500	17
815	500	36
816	500	8
817	500	7
818	500	19
819	500	28
820	500	38
821	500	8
822	500	14
823	500	10
824	500	4
825	500	0
826	500	0
827	500	0
828	500	0
829	500	4
830	500	29
831	500	27
832	500	20
833	500	21
834	500	24
835	500	33
836	500	17
837	500	22
838	500	45
839	500	23
840	500	2
841	500	17
842	500	15
843	500	11
844	500	26
845	500	32
846	500	38
847	500	19
848	500	24
849	500	8
850	500	0
851	500	0
852	500	107
853	500	13
854	500	2
855	500	1
856	500	7
857	500	6
858	500	0
859	500	0
860	500	0
861	500	0
862	500	13
863	500	16
864	500	31
865	500	17
866	500	10
867	500	4
868	500	11
869	500	18
870	500	5
871	500	3
872	500	3
873	500	2
874	500	23
875	500	0
876	500	0
877	500	19
878	500	17
879	500	15
880	500	1
881	500	1
882	500	0
883	500	0
884	500	1
885	500	20
886	500	13
887	500	20
888	500	14
889	500	0
890	500	0
891	500	0
892	500	0
893	500	1
894	500	19
895	500	24
896	500	0
897	500	18
898	500	23
899	500	0
900	500	0
901	500	0
902	500	91
903	500	2
904	500	0
905	500	4
906	500	1
907	500	6
908	500	36
909	500	12
910	500	19
911	500	9
912	500	0
913	500	0
914	500	10
915	500	11
916	500	0
917	500	3
918	500	10
919	500	1
920	500	34
921	500	2
922	500	0
923	500	0
924	500	20
925	500	30
926	500	7
927	500	11
928	500	17
929	500	6
930	500	0
931	500	14
932	500	11
933	500	15
934	500	5
935	500	23
936	500	11
937	500	3
938	500	4
939	500	25
940	500	5
941	500	5
942	500	0
943	500	0
944	500	0
945	500	0
946	500	0
947	500	6
948	500	7
949	500	0
950	500	0
951	500	0
952	500	122
953	500	8
954	500	8
955	500	10
956	500	8
957	500	37
958	500	35
959	500	25
960	500	19
961	500	23
962	500	10
963	500	13
964	500	0
965	500	6
966	500	14
967	500	5
968	500	2
969	500	5
970	500	11
971	500	19
972	500	18
973	500	19
974	500	19
975	500	7
976	500	9
977	500	4
978	500	0
979	500	0
980	500	0
981	500	10
982	500	32
983	500	13
984	500	29
985	500	32
986	500	24
987	500	18
988	500	1
989	500	0
990	500	0
991	500	20
992	500	11
993	500	0
994	500	1
995	500	4
996	500	24
997	500	15
998	500	7
999	500	13
