0	500	0
1	500	9
2	500	1
3	500	2
4	500	0
5	500	0
6	500	18
7	500	0
8	500	2
9	500	2
10	500	1
11	500	0
12	500	3
13	500	1
14	500	1
15	500	11
16	500	13
17	500	4
18	500	0
19	500	0
20	500	0
21	500	2
22	500	0
23	500	1
24	500	0
25	500	3
26	500	1
27	500	7
28	500	0
29	500	0
30	500	1
31	500	0
32	500	0
33	500	0
34	500	10
35	500	13
36	500	11
37	500	0
38	500	0
39	500	0
40	500	0
41	500	0
42	500	4
43	500	20
44	500	1
45	500	0
46	500	3
47	500	0
48	500	0
49	500	0
50	500	0
51	500	4
52	500	13
53	500	3
54	500	0
55	500	0
56	500	1
57	500	0
58	500	0
59	500	0
60	500	5
61	500	0
62	500	0
63	500	0
64	500	0
65	500	4
66	500	0
67	500	0
68	500	0
69	500	1
70	500	3
71	500	29
72	500	6
73	500	0
74	500	5
75	500	10
76	500	3
77	500	0
78	500	0
79	500	2
80	500	1
81	500	3
82	500	17
83	500	5
84	500	0
85	500	0
86	500	0
87	500	6
88	500	12
89	500	5
90	500	0
91	500	0
92	500	1
93	500	1
94	500	22
95	500	5
96	500	0
97	500	12
98	500	19
99	500	24
100	500	17
101	500	20
102	500	1
103	500	0
104	500	1
105	500	0
106	500	4
107	500	3
108	500	2
109	500	2
110	500	0
111	500	0
112	500	0
113	500	3
114	500	3
115	500	0
116	500	0
117	500	0
118	500	1
119	500	7
120	500	5
121	500	0
122	500	0
123	500	0
124	500	0
125	500	0
126	500	2
127	500	5
128	500	2
129	500	0
130	500	0
131	500	0
132	500	0
133	500	0
134	500	0
135	500	1
136	500	0
137	500	0
138	500	0
139	500	0
140	500	1
141	500	0
142	500	0
143	500	0
144	500	2
145	500	4
146	500	5
147	500	9
148	500	3
149	500	1
150	500	4
151	500	8
152	500	12
153	500	0
154	500	2
155	500	8
156	500	5
157	500	4
158	500	0
159	500	0
160	500	1
161	500	1
162	500	0
163	500	5
164	500	6
165	500	4
166	500	0
167	500	0
168	500	0
169	500	0
170	500	0
171	500	0
172	500	0
173	500	0
174	500	0
175	500	0
176	500	1
177	500	5
178	500	0
179	500	0
180	500	0
181	500	0
182	500	0
183	500	0
184	500	3
185	500	0
186	500	9
187	500	0
188	500	0
189	500	0
190	500	0
191	500	9
192	500	0
193	500	3
194	500	0
195	500	0
196	500	0
197	500	0
198	500	9
199	500	3
200	500	2
201	500	0
202	500	131
203	500	39
204	500	2
205	500	0
206	500	0
207	500	0
208	500	0
209	500	0
210	500	0
211	500	0
212	500	0
213	500	5
214	500	0
215	500	3
216	500	0
217	500	8
218	500	3
219	500	0
220	500	3
221	500	6
222	500	0
223	500	1
224	500	0
225	500	0
226	500	0
227	500	0
228	500	0
229	500	6
230	500	0
231	500	4
232	500	10
233	500	3
234	500	0
235	500	0
236	500	4
237	500	0
238	500	0
239	500	0
240	500	0
241	500	1
242	500	0
243	500	0
244	500	0
245	500	2
246	500	1
247	500	0
248	500	0
249	500	0
250	500	0
251	500	3
252	500	12
253	500	9
254	500	31
255	500	14
256	500	0
257	500	2
258	500	1
259	500	17
260	500	1
261	500	12
262	500	4
263	500	0
264	500	3
265	500	1
266	500	0
267	500	8
268	500	0
269	500	0
270	500	0
271	500	0
272	500	0
273	500	0
274	500	2
275	500	2
276	500	13
277	500	0
278	500	5
279	500	0
280	500	0
281	500	1
282	500	0
283	500	0
284	500	2
285	500	0
286	500	2
287	500	1
288	500	0
289	500	0
290	500	0
291	500	11
292	500	6
293	500	0
294	500	0
295	500	0
296	500	0
297	500	0
298	500	0
299	500	0
300	500	1
301	500	1
302	500	0
303	500	2
304	500	0
305	500	4
306	500	1
307	500	15
308	500	4
309	500	12
310	500	0
311	500	0
312	500	1
313	500	0
314	500	4
315	500	2
316	500	0
317	500	0
318	500	11
319	500	19
320	500	3
321	500	2
322	500	0
323	500	0
324	500	0
325	500	0
326	500	0
327	500	0
328	500	5
329	500	0
330	500	0
331	500	5
332	500	0
333	500	0
334	500	11
335	500	10
336	500	8
337	500	0
338	500	0
339	500	2
340	500	0
341	500	0
342	500	0
343	500	1
344	500	1
345	500	6
346	500	0
347	500	0
348	500	0
349	500	0
350	500	0
351	500	0
352	500	7
353	500	0
354	500	0
355	500	0
356	500	8
357	500	4
358	500	6
359	500	3
360	500	9
361	500	9
362	500	0
363	500	0
364	500	0
365	500	1
366	500	0
367	500	0
368	500	1
369	500	0
370	500	0
371	500	0
372	500	0
373	500	0
374	500	0
375	500	0
376	500	0
377	500	0
378	500	1
379	500	2
380	500	1
381	500	1
382	500	0
383	500	0
384	500	15
385	500	8
386	500	1
387	500	0
388	500	0
389	500	1
390	500	15
391	500	0
392	500	0
393	500	5
394	500	0
395	500	3
396	500	3
397	500	8
398	500	4
399	500	0
400	500	0
401	500	0
402	500	148
403	500	47
404	500	6
405	500	0
406	500	5
407	500	1
408	500	3
409	500	4
410	500	0
411	500	5
412	500	6
413	500	19
414	500	38
415	500	7
416	500	0
417	500	0
418	500	1
419	500	8
420	500	6
421	500	0
422	500	1
423	500	0
424	500	1
425	500	0
426	500	2
427	500	12
428	500	0
429	500	0
430	500	15
431	500	1
432	500	4
433	500	12
434	500	3
435	500	0
436	500	0
437	500	0
438	500	0
439	500	0
440	500	2
441	500	0
442	500	2
443	500	2
444	500	9
445	500	0
446	500	0
447	500	0
448	500	7
449	500	0
450	500	1
451	500	0
452	500	0
453	500	0
454	500	0
455	500	1
456	500	6
457	500	0
458	500	4
459	500	6
460	500	0
461	500	9
462	500	6
463	500	2
464	500	1
465	500	0
466	500	8
467	500	5
468	500	0
469	500	0
470	500	0
471	500	0
472	500	0
473	500	0
474	500	0
475	500	0
476	500	0
477	500	0
478	500	12
479	500	4
480	500	2
481	500	0
482	500	1
483	500	10
484	500	0
485	500	0
486	500	0
487	500	0
488	500	4
489	500	0
490	500	0
491	500	8
492	500	6
493	500	10
494	500	9
495	500	0
496	500	0
497	500	0
498	500	0
499	500	3
500	500	5
501	500	9
502	500	0
503	500	0
504	500	7
505	500	7
506	500	0
507	500	15
508	500	10
509	500	15
510	500	0
511	500	1
512	500	0
513	500	4
514	500	25
515	500	3
516	500	4
517	500	16
518	500	5
519	500	0
520	500	0
521	500	0
522	500	2
523	500	0
524	500	1
525	500	5
526	500	0
527	500	0
528	500	0
529	500	0
530	500	2
531	500	6
532	500	0
533	500	0
534	500	2
535	500	18
536	500	0
537	500	0
538	500	15
539	500	4
540	500	4
541	500	10
542	500	5
543	500	8
544	500	10
545	500	0
546	500	0
547	500	0
548	500	0
549	500	0
550	500	0
551	500	3
552	500	0
553	500	9
554	500	0
555	500	0
556	500	0
557	500	1
558	500	0
559	500	10
560	500	0
561	500	0
562	500	16
563	500	9
564	500	16
565	500	2
566	500	0
567	500	7
568	500	14
569	500	0
570	500	0
571	500	10
572	500	2
573	500	0
574	500	0
575	500	0
576	500	2
577	500	2
578	500	2
579	500	0
580	500	0
581	500	0
582	500	0
583	500	0
584	500	0
585	500	16
586	500	2
587	500	0
588	500	11
589	500	1
590	500	0
591	500	0
592	500	0
593	500	0
594	500	0
595	500	0
596	500	6
597	500	0
598	500	0
599	500	1
600	500	0
601	500	0
602	500	135
603	500	36
604	500	8
605	500	0
606	500	4
607	500	0
608	500	0
609	500	0
610	500	3
611	500	1
612	500	6
613	500	2
614	500	0
615	500	8
616	500	13
617	500	0
618	500	0
619	500	0
620	500	12
621	500	0
622	500	2
623	500	0
624	500	0
625	500	7
626	500	0
627	500	0
628	500	0
629	500	0
630	500	0
631	500	7
632	500	0
633	500	3
634	500	2
635	500	0
636	500	3
637	500	0
638	500	0
639	500	9
640	500	2
641	500	0
642	500	0
643	500	11
644	500	2
645	500	4
646	500	0
647	500	0
648	500	0
649	500	2
650	500	0
651	500	0
652	500	1
653	500	0
654	500	0
655	500	0
656	500	0
657	500	0
658	500	0
659	500	6
660	500	16
661	500	3
662	500	0
663	500	0
664	500	19
665	500	37
666	500	11
667	500	0
668	500	2
669	500	0
670	500	0
671	500	0
672	500	0
673	500	0
674	500	5
675	500	0
676	500	0
677	500	0
678	500	0
679	500	0
680	500	0
681	500	0
682	500	0
683	500	0
684	500	0
685	500	0
686	500	0
687	500	5
688	500	8
689	500	0
690	500	13
691	500	0
692	500	0
693	500	0
694	500	0
695	500	4
696	500	0
697	500	0
698	500	0
699	500	0
700	500	0
701	500	0
702	500	3
703	500	0
704	500	1
705	500	0
706	500	0
707	500	0
708	500	0
709	500	0
710	500	3
711	500	13
712	500	0
713	500	4
714	500	3
715	500	1
716	500	0
717	500	5
718	500	3
719	500	0
720	500	0
721	500	0
722	500	0
723	500	0
724	500	20
725	500	17
726	500	5
727	500	0
728	500	0
729	500	9
730	500	1
731	500	7
732	500	2
733	500	0
734	500	17
735	500	0
736	500	0
737	500	0
738	500	0
739	500	0
740	500	1
741	500	0
742	500	0
743	500	0
744	500	0
745	500	0
746	500	14
747	500	1
748	500	1
749	500	1
750	500	0
751	500	0
752	500	0
753	500	0
754	500	1
755	500	0
756	500	0
757	500	4
758	500	9
759	500	1
760	500	0
761	500	4
762	500	0
763	500	4
764	500	0
765	500	5
766	500	0
767	500	0
768	500	0
769	500	3
770	500	13
771	500	8
772	500	6
773	500	0
774	500	0
775	500	0
776	500	2
777	500	20
778	500	4
779	500	0
780	500	5
781	500	0
782	500	0
783	500	0
784	500	0
785	500	1
786	500	16
787	500	18
788	500	0
789	500	0
790	500	4
791	500	20
792	500	10
793	500	7
794	500	7
795	500	0
796	500	0
797	500	10
798	500	4
799	500	1
800	500	0
801	500	0
802	500	166
803	500	82
804	500	3
805	500	0
806	500	0
807	500	0
808	500	0
809	500	0
810	500	0
811	500	0
812	500	1
813	500	0
814	500	9
815	500	3
816	500	0
817	500	5
818	500	0
819	500	0
820	500	14
821	500	11
822	500	0
823	500	13
824	500	12
825	500	3
826	500	5
827	500	3
828	500	1
829	500	0
830	500	0
831	500	0
832	500	7
833	500	16
834	500	3
835	500	5
836	500	0
837	500	3
838	500	5
839	500	4
840	500	0
841	500	0
842	500	0
843	500	10
844	500	13
845	500	2
846	500	0
847	500	0
848	500	11
849	500	1
850	500	1
851	500	0
852	500	0
853	500	0
854	500	2
855	500	0
856	500	5
857	500	20
858	500	1
859	500	6
860	500	1
861	500	0
862	500	0
863	500	0
864	500	5
865	500	26
866	500	12
867	500	0
868	500	0
869	500	0
870	500	3
871	500	10
872	500	0
873	500	0
874	500	0
875	500	0
876	500	3
877	500	0
878	500	15
879	500	10
880	500	0
881	500	0
882	500	0
883	500	0
884	500	0
885	500	0
886	500	6
887	500	16
888	500	8
889	500	4
890	500	5
891	500	8
892	500	0
893	500	0
894	500	0
895	500	4
896	500	8
897	500	0
898	500	1
899	500	0
900	500	0
901	500	0
902	500	0
903	500	5
904	500	10
905	500	2
906	500	0
907	500	4
908	500	0
909	500	0
910	500	0
911	500	0
912	500	0
913	500	0
914	500	0
915	500	0
916	500	9
917	500	14
918	500	1
919	500	1
920	500	4
921	500	3
922	500	0
923	500	1
924	500	0
925	500	0
926	500	0
927	500	0
928	500	0
929	500	0
930	500	0
931	500	0
932	500	4
933	500	1
934	500	0
935	500	0
936	500	0
937	500	0
938	500	17
939	500	4
940	500	0
941	500	0
942	500	0
943	500	2
944	500	0
945	500	0
946	500	0
947	500	0
948	500	0
949	500	0
950	500	0
951	500	3
952	500	6
953	500	0
954	500	0
955	500	0
956	500	0
957	500	0
958	500	0
959	500	0
960	500	11
961	500	5
962	500	5
963	500	21
964	500	7
965	500	0
966	500	0
967	500	0
968	500	16
969	500	15
970	500	0
971	500	0
972	500	1
973	500	1
974	500	9
975	500	4
976	500	0
977	500	2
978	500	2
979	500	0
980	500	0
981	500	3
982	500	0
983	500	1
984	500	2
985	500	1
986	500	0
987	500	0
988	500	3
989	500	1
990	500	0
991	500	0
992	500	0
993	500	0
994	500	0
995	500	0
996	500	0
997	500	0
998	500	1
999	500	0
