0	500	0
1	500	0
2	500	0
3	500	4
4	500	0
5	500	0
6	500	0
7	500	11
8	500	17
9	500	8
10	500	0
11	500	0
12	500	10
13	500	28
14	500	0
15	500	4
16	500	2
17	500	1
18	500	0
19	500	8
20	500	8
21	500	24
22	500	23
23	500	12
24	500	3
25	500	26
26	500	31
27	500	15
28	500	8
29	500	2
30	500	0
31	500	0
32	500	0
33	500	0
34	500	7
35	500	12
36	500	4
37	500	2
38	500	4
39	500	0
40	500	5
41	500	12
42	500	0
43	500	0
44	500	0
45	500	4
46	500	1
47	500	1
48	500	12
49	500	0
50	500	0
51	500	0
52	500	0
53	500	3
54	500	3
55	500	7
56	500	5
57	500	0
58	500	4
59	500	5
60	500	0
61	500	8
62	500	1
63	500	9
64	500	9
65	500	0
66	500	0
67	500	0
68	500	12
69	500	10
70	500	2
71	500	1
72	500	0
73	500	19
74	500	3
75	500	9
76	500	27
77	500	26
78	500	4
79	500	0
80	500	11
81	500	27
82	500	13
83	500	19
84	500	13
85	500	10
86	500	4
87	500	8
88	500	0
89	500	7
90	500	1
91	500	0
92	500	1
93	500	0
94	500	12
95	500	0
96	500	0
97	500	0
98	500	10
99	500	2
100	500	3
101	500	0
102	500	0
103	500	5
104	500	1
105	500	0
106	500	3
107	500	1
108	500	12
109	500	0
110	500	2
111	500	5
112	500	0
113	500	2
114	500	4
115	500	10
116	500	22
117	500	25
118	500	0
119	500	11
120	500	6
121	500	1
122	500	8
123	500	20
124	500	26
125	500	9
126	500	0
127	500	30
128	500	10
129	500	2
130	500	0
131	500	2
132	500	0
133	500	0
134	500	1
135	500	0
136	500	0
137	500	5
138	500	0
139	500	3
140	500	0
141	500	0
142	500	13
143	500	6
144	500	0
145	500	0
146	500	0
147	500	0
148	500	0
149	500	5
150	500	2
151	500	0
152	500	0
153	500	0
154	500	0
155	500	0
156	500	2
157	500	22
158	500	23
159	500	5
160	500	8
161	500	6
162	500	22
163	500	10
164	500	5
165	500	0
166	500	0
167	500	0
168	500	0
169	500	12
170	500	12
171	500	24
172	500	6
173	500	0
174	500	0
175	500	1
176	500	2
177	500	0
178	500	4
179	500	6
180	500	19
181	500	0
182	500	0
183	500	1
184	500	2
185	500	8
186	500	3
187	500	0
188	500	0
189	500	0
190	500	0
191	500	0
192	500	1
193	500	3
194	500	4
195	500	9
196	500	2
197	500	11
198	500	15
199	500	14
200	500	25
201	500	0
202	500	178
203	500	44
204	500	41
205	500	12
206	500	0
207	500	0
208	500	0
209	500	2
210	500	10
211	500	6
212	500	1
213	500	4
214	500	7
215	500	0
216	500	0
217	500	6
218	500	0
219	500	0
220	500	17
221	500	17
222	500	9
223	500	7
224	500	13
225	500	20
226	500	21
227	500	36
228	500	19
229	500	8
230	500	15
231	500	8
232	500	18
233	500	9
234	500	10
235	500	18
236	500	15
237	500	11
238	500	13
239	500	0
240	500	16
241	500	10
242	500	1
243	500	4
244	500	1
245	500	1
246	500	0
247	500	0
248	500	0
249	500	10
250	500	18
251	500	0
252	500	0
253	500	0
254	500	6
255	500	2
256	500	0
257	500	2
258	500	3
259	500	0
260	500	0
261	500	10
262	500	10
263	500	0
264	500	0
265	500	0
266	500	7
267	500	9
268	500	9
269	500	5
270	500	1
271	500	8
272	500	13
273	500	15
274	500	3
275	500	1
276	500	0
277	500	0
278	500	0
279	500	0
280	500	0
281	500	0
282	500	0
283	500	3
284	500	0
285	500	0
286	500	0
287	500	0
288	500	0
289	500	0
290	500	0
291	500	0
292	500	3
293	500	3
294	500	2
295	500	0
296	500	8
297	500	0
298	500	0
299	500	0
300	500	0
301	500	0
302	500	0
303	500	20
304	500	25
305	500	9
306	500	0
307	500	0
308	500	2
309	500	0
310	500	0
311	500	0
312	500	2
313	500	4
314	500	0
315	500	0
316	500	0
317	500	0
318	500	0
319	500	13
320	500	1
321	500	17
322	500	6
323	500	0
324	500	9
325	500	0
326	500	0
327	500	0
328	500	0
329	500	0
330	500	10
331	500	16
332	500	13
333	500	0
334	500	0
335	500	6
336	500	2
337	500	1
338	500	0
339	500	5
340	500	5
341	500	0
342	500	0
343	500	23
344	500	1
345	500	0
346	500	0
347	500	0
348	500	0
349	500	1
350	500	0
351	500	0
352	500	2
353	500	0
354	500	0
355	500	0
356	500	8
357	500	14
358	500	5
359	500	1
360	500	0
361	500	0
362	500	0
363	500	3
364	500	5
365	500	0
366	500	7
367	500	8
368	500	3
369	500	0
370	500	6
371	500	0
372	500	0
373	500	0
374	500	0
375	500	9
376	500	2
377	500	0
378	500	0
379	500	0
380	500	3
381	500	10
382	500	21
383	500	23
384	500	2
385	500	0
386	500	0
387	500	6
388	500	0
389	500	0
390	500	0
391	500	5
392	500	19
393	500	10
394	500	14
395	500	1
396	500	23
397	500	26
398	500	0
399	500	0
400	500	0
401	500	0
402	500	156
403	500	50
404	500	5
405	500	0
406	500	0
407	500	0
408	500	3
409	500	0
410	500	0
411	500	0
412	500	0
413	500	5
414	500	27
415	500	28
416	500	21
417	500	15
418	500	20
419	500	27
420	500	15
421	500	29
422	500	1
423	500	3
424	500	13
425	500	0
426	500	1
427	500	0
428	500	8
429	500	5
430	500	0
431	500	0
432	500	0
433	500	0
434	500	0
435	500	9
436	500	0
437	500	5
438	500	0
439	500	0
440	500	0
441	500	0
442	500	6
443	500	24
444	500	2
445	500	0
446	500	9
447	500	14
448	500	8
449	500	0
450	500	0
451	500	1
452	500	1
453	500	0
454	500	0
455	500	1
456	500	0
457	500	0
458	500	14
459	500	0
460	500	0
461	500	0
462	500	2
463	500	0
464	500	0
465	500	1
466	500	20
467	500	8
468	500	0
469	500	0
470	500	11
471	500	11
472	500	0
473	500	0
474	500	0
475	500	3
476	500	0
477	500	6
478	500	17
479	500	5
480	500	0
481	500	7
482	500	0
483	500	14
484	500	0
485	500	0
486	500	0
487	500	0
488	500	3
489	500	0
490	500	10
491	500	15
492	500	0
493	500	2
494	500	5
495	500	21
496	500	4
497	500	0
498	500	13
499	500	6
500	500	3
501	500	0
502	500	7
503	500	5
504	500	0
505	500	0
506	500	5
507	500	12
508	500	0
509	500	19
510	500	27
511	500	22
512	500	1
513	500	10
514	500	2
515	500	8
516	500	2
517	500	5
518	500	0
519	500	0
520	500	0
521	500	0
522	500	0
523	500	0
524	500	0
525	500	2
526	500	0
527	500	2
528	500	15
529	500	14
530	500	10
531	500	0
532	500	8
533	500	0
534	500	0
535	500	0
536	500	1
537	500	0
538	500	0
539	500	0
540	500	4
541	500	2
542	500	0
543	500	0
544	500	1
545	500	7
546	500	21
547	500	7
548	500	3
549	500	0
550	500	3
551	500	19
552	500	4
553	500	0
554	500	5
555	500	16
556	500	0
557	500	0
558	500	0
559	500	22
560	500	10
561	500	0
562	500	0
563	500	0
564	500	0
565	500	0
566	500	5
567	500	0
568	500	0
569	500	0
570	500	24
571	500	4
572	500	3
573	500	0
574	500	5
575	500	2
576	500	5
577	500	22
578	500	3
579	500	21
580	500	11
581	500	0
582	500	0
583	500	0
584	500	0
585	500	0
586	500	0
587	500	0
588	500	0
589	500	0
590	500	0
591	500	0
592	500	18
593	500	20
594	500	7
595	500	0
596	500	0
597	500	0
598	500	0
599	500	0
600	500	1
601	500	0
602	500	180
603	500	53
604	500	5
605	500	22
606	500	14
607	500	0
608	500	1
609	500	11
610	500	0
611	500	0
612	500	21
613	500	23
614	500	23
615	500	10
616	500	0
617	500	0
618	500	0
619	500	0
620	500	0
621	500	0
622	500	0
623	500	1
624	500	3
625	500	0
626	500	0
627	500	0
628	500	0
629	500	0
630	500	1
631	500	1
632	500	0
633	500	0
634	500	0
635	500	1
636	500	0
637	500	0
638	500	5
639	500	27
640	500	23
641	500	1
642	500	3
643	500	2
644	500	2
645	500	1
646	500	0
647	500	16
648	500	0
649	500	5
650	500	6
651	500	0
652	500	0
653	500	0
654	500	0
655	500	7
656	500	4
657	500	0
658	500	0
659	500	0
660	500	0
661	500	0
662	500	0
663	500	1
664	500	2
665	500	4
666	500	13
667	500	0
668	500	2
669	500	6
670	500	9
671	500	0
672	500	0
673	500	0
674	500	0
675	500	0
676	500	0
677	500	0
678	500	0
679	500	7
680	500	7
681	500	0
682	500	3
683	500	9
684	500	19
685	500	1
686	500	1
687	500	0
688	500	4
689	500	3
690	500	0
691	500	0
692	500	0
693	500	15
694	500	14
695	500	16
696	500	8
697	500	4
698	500	0
699	500	0
700	500	0
701	500	5
702	500	5
703	500	1
704	500	3
705	500	2
706	500	17
707	500	21
708	500	10
709	500	0
710	500	2
711	500	7
712	500	3
713	500	1
714	500	0
715	500	0
716	500	13
717	500	4
718	500	0
719	500	0
720	500	0
721	500	6
722	500	21
723	500	17
724	500	9
725	500	2
726	500	8
727	500	14
728	500	22
729	500	8
730	500	11
731	500	18
732	500	13
733	500	13
734	500	8
735	500	0
736	500	0
737	500	0
738	500	0
739	500	3
740	500	0
741	500	0
742	500	0
743	500	0
744	500	6
745	500	12
746	500	4
747	500	1
748	500	0
749	500	11
750	500	23
751	500	12
752	500	4
753	500	0
754	500	0
755	500	0
756	500	0
757	500	2
758	500	9
759	500	8
760	500	0
761	500	0
762	500	8
763	500	3
764	500	13
765	500	25
766	500	0
767	500	0
768	500	0
769	500	0
770	500	9
771	500	23
772	500	6
773	500	9
774	500	10
775	500	0
776	500	0
777	500	0
778	500	9
779	500	0
780	500	7
781	500	0
782	500	1
783	500	9
784	500	26
785	500	0
786	500	10
787	500	31
788	500	10
789	500	24
790	500	18
791	500	22
792	500	4
793	500	11
794	500	14
795	500	1
796	500	20
797	500	3
798	500	2
799	500	0
800	500	4
801	500	0
802	500	154
803	500	53
804	500	0
805	500	0
806	500	0
807	500	3
808	500	15
809	500	0
810	500	0
811	500	6
812	500	4
813	500	0
814	500	0
815	500	0
816	500	10
817	500	0
818	500	0
819	500	0
820	500	1
821	500	9
822	500	7
823	500	0
824	500	9
825	500	16
826	500	5
827	500	0
828	500	1
829	500	1
830	500	0
831	500	0
832	500	0
833	500	4
834	500	9
835	500	0
836	500	0
837	500	0
838	500	1
839	500	0
840	500	0
841	500	0
842	500	0
843	500	0
844	500	0
845	500	1
846	500	13
847	500	22
848	500	15
849	500	0
850	500	8
851	500	17
852	500	3
853	500	7
854	500	1
855	500	0
856	500	0
857	500	0
858	500	0
859	500	0
860	500	0
861	500	0
862	500	0
863	500	0
864	500	5
865	500	3
866	500	0
867	500	0
868	500	0
869	500	1
870	500	0
871	500	0
872	500	31
873	500	29
874	500	1
875	500	2
876	500	16
877	500	23
878	500	0
879	500	0
880	500	1
881	500	0
882	500	1
883	500	11
884	500	36
885	500	39
886	500	29
887	500	35
888	500	23
889	500	18
890	500	11
891	500	0
892	500	11
893	500	10
894	500	0
895	500	13
896	500	1
897	500	0
898	500	0
899	500	0
900	500	3
901	500	0
902	500	0
903	500	0
904	500	0
905	500	3
906	500	1
907	500	3
908	500	13
909	500	18
910	500	0
911	500	0
912	500	0
913	500	4
914	500	16
915	500	9
916	500	0
917	500	0
918	500	0
919	500	0
920	500	0
921	500	4
922	500	0
923	500	3
924	500	0
925	500	2
926	500	13
927	500	29
928	500	9
929	500	3
930	500	0
931	500	0
932	500	0
933	500	5
934	500	21
935	500	11
936	500	2
937	500	0
938	500	0
939	500	0
940	500	0
941	500	0
942	500	18
943	500	13
944	500	1
945	500	0
946	500	1
947	500	4
948	500	6
949	500	0
950	500	0
951	500	4
952	500	8
953	500	1
954	500	2
955	500	20
956	500	10
957	500	2
958	500	6
959	500	0
960	500	8
961	500	0
962	500	0
963	500	0
964	500	3
965	500	0
966	500	0
967	500	0
968	500	0
969	500	0
970	500	0
971	500	0
972	500	0
973	500	6
974	500	0
975	500	0
976	500	0
977	500	0
978	500	0
979	500	0
980	500	0
981	500	0
982	500	19
983	500	1
984	500	1
985	500	1
986	500	4
987	500	0
988	500	0
989	500	0
990	500	0
991	500	0
992	500	0
993	500	0
994	500	0
995	500	22
996	500	22
997	500	16
998	500	10
999	500	19
