0	2000	0
1	2000	10
2	2000	3
3	2000	12
4	2000	10
5	2000	7
6	2000	7
7	2000	9
8	2000	7
9	2000	1
10	2000	3
11	2000	5
12	2000	2
13	2000	1
14	2000	1
15	2000	1
16	2000	13
17	2000	16
18	2000	10
19	2000	6
20	2000	8
21	2000	2
22	2000	3
23	2000	7
24	2000	5
25	2000	9
26	2000	11
27	2000	13
28	2000	15
29	2000	6
30	2000	7
31	2000	6
32	2000	2
33	2000	4
34	2000	6
35	2000	4
36	2000	7
37	2000	4
38	2000	7
39	2000	5
40	2000	17
41	2000	19
42	2000	13
43	2000	9
44	2000	5
45	2000	10
46	2000	7
47	2000	10
48	2000	11
49	2000	2
50	2000	5
51	2000	5
52	2000	0
53	2000	7
54	2000	7
55	2000	3
56	2000	5
57	2000	14
58	2000	10
59	2000	10
60	2000	17
61	2000	13
62	2000	9
63	2000	6
64	2000	3
65	2000	11
66	2000	13
67	2000	11
68	2000	7
69	2000	3
70	2000	6
71	2000	5
72	2000	0
73	2000	0
74	2000	1
75	2000	0
76	2000	7
77	2000	12
78	2000	8
79	2000	12
80	2000	2
81	2000	4
82	2000	2
83	2000	5
84	2000	5
85	2000	3
86	2000	8
87	2000	9
88	2000	8
89	2000	10
90	2000	11
91	2000	9
92	2000	14
93	2000	11
94	2000	6
95	2000	3
96	2000	4
97	2000	1
98	2000	1
99	2000	2
100	2000	4
101	2000	7
102	2000	5
103	2000	6
104	2000	10
105	2000	9
106	2000	6
107	2000	2
108	2000	1
109	2000	0
110	2000	0
111	2000	0
112	2000	2
113	2000	5
114	2000	4
115	2000	3
116	2000	6
117	2000	5
118	2000	0
119	2000	0
120	2000	9
121	2000	13
122	2000	4
123	2000	7
124	2000	9
125	2000	4
126	2000	3
127	2000	0
128	2000	0
129	2000	1
130	2000	0
131	2000	2
132	2000	6
133	2000	1
134	2000	1
135	2000	5
136	2000	2
137	2000	2
138	2000	13
139	2000	3
140	2000	1
141	2000	8
142	2000	11
143	2000	6
144	2000	8
145	2000	7
146	2000	11
147	2000	7
148	2000	7
149	2000	14
150	2000	8
151	2000	6
152	2000	6
153	2000	5
154	2000	12
155	2000	8
156	2000	2
157	2000	1
158	2000	0
159	2000	0
160	2000	3
161	2000	8
162	2000	7
163	2000	12
164	2000	12
165	2000	13
166	2000	18
167	2000	9
168	2000	0
169	2000	6
170	2000	2
171	2000	12
172	2000	4
173	2000	11
174	2000	2
175	2000	0
176	2000	0
177	2000	0
178	2000	0
179	2000	0
180	2000	1
181	2000	1
182	2000	5
183	2000	2
184	2000	15
185	2000	5
186	2000	8
187	2000	11
188	2000	7
189	2000	8
190	2000	4
191	2000	9
192	2000	7
193	2000	17
194	2000	15
195	2000	4
196	2000	7
197	2000	3
198	2000	2
199	2000	6
200	2000	2
201	2000	0
202	2000	60
203	2000	30
204	2000	15
205	2000	13
206	2000	6
207	2000	8
208	2000	12
209	2000	9
210	2000	8
211	2000	7
212	2000	13
213	2000	8
214	2000	7
215	2000	4
216	2000	0
217	2000	2
218	2000	12
219	2000	5
220	2000	7
221	2000	4
222	2000	9
223	2000	8
224	2000	5
225	2000	5
226	2000	5
227	2000	7
228	2000	15
229	2000	8
230	2000	4
231	2000	4
232	2000	11
233	2000	0
234	2000	0
235	2000	4
236	2000	11
237	2000	8
238	2000	6
239	2000	8
240	2000	13
241	2000	13
242	2000	8
243	2000	9
244	2000	2
245	2000	2
246	2000	5
247	2000	12
248	2000	13
249	2000	10
250	2000	0
251	2000	2
252	2000	7
253	2000	16
254	2000	7
255	2000	6
256	2000	2
257	2000	9
258	2000	1
259	2000	5
260	2000	6
261	2000	7
262	2000	11
263	2000	1
264	2000	3
265	2000	4
266	2000	5
267	2000	8
268	2000	11
269	2000	6
270	2000	4
271	2000	7
272	2000	8
273	2000	20
274	2000	10
275	2000	5
276	2000	7
277	2000	2
278	2000	1
279	2000	7
280	2000	10
281	2000	22
282	2000	8
283	2000	7
284	2000	4
285	2000	2
286	2000	15
287	2000	9
288	2000	5
289	2000	4
290	2000	4
291	2000	6
292	2000	6
293	2000	14
294	2000	9
295	2000	23
296	2000	12
297	2000	4
298	2000	11
299	2000	6
300	2000	4
301	2000	2
302	2000	0
303	2000	0
304	2000	10
305	2000	10
306	2000	13
307	2000	10
308	2000	6
309	2000	5
310	2000	2
311	2000	4
312	2000	7
313	2000	7
314	2000	14
315	2000	8
316	2000	8
317	2000	1
318	2000	1
319	2000	8
320	2000	7
321	2000	5
322	2000	0
323	2000	0
324	2000	0
325	2000	0
326	2000	3
327	2000	2
328	2000	0
329	2000	9
330	2000	7
331	2000	8
332	2000	9
333	2000	9
334	2000	9
335	2000	8
336	2000	9
337	2000	18
338	2000	16
339	2000	8
340	2000	8
341	2000	11
342	2000	6
343	2000	6
344	2000	8
345	2000	8
346	2000	9
347	2000	9
348	2000	4
349	2000	8
350	2000	13
351	2000	9
352	2000	5
353	2000	8
354	2000	11
355	2000	9
356	2000	0
357	2000	8
358	2000	2
359	2000	8
360	2000	4
361	2000	8
362	2000	12
363	2000	6
364	2000	3
365	2000	5
366	2000	12
367	2000	7
368	2000	14
369	2000	5
370	2000	10
371	2000	13
372	2000	10
373	2000	8
374	2000	5
375	2000	7
376	2000	1
377	2000	4
378	2000	10
379	2000	7
380	2000	10
381	2000	10
382	2000	13
383	2000	5
384	2000	3
385	2000	19
386	2000	7
387	2000	6
388	2000	7
389	2000	5
390	2000	0
391	2000	7
392	2000	6
393	2000	9
394	2000	4
395	2000	14
396	2000	12
397	2000	7
398	2000	7
399	2000	7
400	2000	0
401	2000	21
402	2000	22
403	2000	4
404	2000	0
405	2000	6
406	2000	13
407	2000	2
408	2000	1
409	2000	0
410	2000	3
411	2000	7
412	2000	3
413	2000	6
414	2000	6
415	2000	2
416	2000	6
417	2000	8
418	2000	14
419	2000	7
420	2000	9
421	2000	3
422	2000	5
423	2000	4
424	2000	2
425	2000	1
426	2000	8
427	2000	6
428	2000	8
429	2000	8
430	2000	2
431	2000	7
432	2000	13
433	2000	1
434	2000	3
435	2000	2
436	2000	12
437	2000	2
438	2000	4
439	2000	1
440	2000	0
441	2000	1
442	2000	8
443	2000	12
444	2000	9
445	2000	16
446	2000	8
447	2000	6
448	2000	10
449	2000	14
450	2000	5
451	2000	4
452	2000	4
453	2000	8
454	2000	1
455	2000	10
456	2000	6
457	2000	4
458	2000	11
459	2000	4
460	2000	0
461	2000	0
462	2000	0
463	2000	0
464	2000	0
465	2000	4
466	2000	8
467	2000	12
468	2000	5
469	2000	0
470	2000	1
471	2000	3
472	2000	8
473	2000	9
474	2000	6
475	2000	6
476	2000	3
477	2000	3
478	2000	11
479	2000	8
480	2000	13
481	2000	11
482	2000	8
483	2000	10
484	2000	6
485	2000	3
486	2000	4
487	2000	6
488	2000	7
489	2000	6
490	2000	4
491	2000	2
492	2000	8
493	2000	10
494	2000	7
495	2000	6
496	2000	6
497	2000	5
498	2000	15
499	2000	5
500	2000	3
501	2000	10
502	2000	8
503	2000	9
504	2000	5
505	2000	9
506	2000	9
507	2000	7
508	2000	4
509	2000	4
510	2000	11
511	2000	13
512	2000	10
513	2000	6
514	2000	14
515	2000	12
516	2000	9
517	2000	6
518	2000	14
519	2000	7
520	2000	8
521	2000	7
522	2000	7
523	2000	10
524	2000	10
525	2000	12
526	2000	8
527	2000	8
528	2000	9
529	2000	8
530	2000	5
531	2000	13
532	2000	9
533	2000	4
534	2000	7
535	2000	8
536	2000	7
537	2000	7
538	2000	4
539	2000	5
540	2000	8
541	2000	5
542	2000	8
543	2000	11
544	2000	4
545	2000	7
546	2000	5
547	2000	2
548	2000	9
549	2000	7
550	2000	9
551	2000	9
552	2000	8
553	2000	6
554	2000	8
555	2000	5
556	2000	1
557	2000	3
558	2000	5
559	2000	4
560	2000	1
561	2000	0
562	2000	0
563	2000	0
564	2000	3
565	2000	4
566	2000	8
567	2000	11
568	2000	6
569	2000	1
570	2000	1
571	2000	0
572	2000	1
573	2000	0
574	2000	0
575	2000	0
576	2000	3
577	2000	1
578	2000	0
579	2000	2
580	2000	3
581	2000	5
582	2000	4
583	2000	1
584	2000	2
585	2000	0
586	2000	4
587	2000	9
588	2000	10
589	2000	6
590	2000	4
591	2000	3
592	2000	11
593	2000	1
594	2000	4
595	2000	0
596	2000	3
597	2000	10
598	2000	7
599	2000	4
600	2000	2
601	2000	1
602	2000	63
603	2000	28
604	2000	7
605	2000	8
606	2000	10
607	2000	7
608	2000	8
609	2000	6
610	2000	15
611	2000	10
612	2000	11
613	2000	5
614	2000	12
615	2000	7
616	2000	4
617	2000	10
618	2000	13
619	2000	12
620	2000	7
621	2000	4
622	2000	8
623	2000	6
624	2000	8
625	2000	12
626	2000	20
627	2000	16
628	2000	5
629	2000	6
630	2000	13
631	2000	6
632	2000	10
633	2000	8
634	2000	2
635	2000	4
636	2000	10
637	2000	17
638	2000	13
639	2000	8
640	2000	11
641	2000	8
642	2000	2
643	2000	4
644	2000	13
645	2000	5
646	2000	12
647	2000	8
648	2000	1
649	2000	5
650	2000	2
651	2000	2
652	2000	8
653	2000	10
654	2000	1
655	2000	1
656	2000	7
657	2000	15
658	2000	7
659	2000	13
660	2000	14
661	2000	6
662	2000	6
663	2000	11
664	2000	7
665	2000	2
666	2000	1
667	2000	6
668	2000	8
669	2000	16
670	2000	8
671	2000	7
672	2000	8
673	2000	2
674	2000	5
675	2000	6
676	2000	4
677	2000	6
678	2000	7
679	2000	11
680	2000	5
681	2000	3
682	2000	12
683	2000	4
684	2000	8
685	2000	12
686	2000	14
687	2000	6
688	2000	7
689	2000	8
690	2000	5
691	2000	2
692	2000	5
693	2000	3
694	2000	5
695	2000	9
696	2000	9
697	2000	10
698	2000	9
699	2000	15
700	2000	11
701	2000	6
702	2000	7
703	2000	6
704	2000	9
705	2000	2
706	2000	0
707	2000	0
708	2000	0
709	2000	2
710	2000	10
711	2000	0
712	2000	1
713	2000	0
714	2000	5
715	2000	7
716	2000	4
717	2000	8
718	2000	11
719	2000	8
720	2000	1
721	2000	2
722	2000	5
723	2000	12
724	2000	12
725	2000	18
726	2000	4
727	2000	2
728	2000	3
729	2000	1
730	2000	3
731	2000	3
732	2000	3
733	2000	15
734	2000	13
735	2000	6
736	2000	17
737	2000	3
738	2000	6
739	2000	10
740	2000	13
741	2000	14
742	2000	4
743	2000	4
744	2000	14
745	2000	8
746	2000	3
747	2000	6
748	2000	9
749	2000	5
750	2000	8
751	2000	10
752	2000	7
753	2000	2
754	2000	3
755	2000	4
756	2000	0
757	2000	0
758	2000	6
759	2000	4
760	2000	2
761	2000	6
762	2000	2
763	2000	6
764	2000	13
765	2000	2
766	2000	9
767	2000	7
768	2000	4
769	2000	7
770	2000	7
771	2000	3
772	2000	1
773	2000	9
774	2000	9
775	2000	5
776	2000	1
777	2000	4
778	2000	10
779	2000	8
780	2000	7
781	2000	9
782	2000	6
783	2000	2
784	2000	9
785	2000	2
786	2000	0
787	2000	4
788	2000	7
789	2000	2
790	2000	3
791	2000	0
792	2000	1
793	2000	1
794	2000	3
795	2000	0
796	2000	1
797	2000	9
798	2000	9
799	2000	11
800	2000	6
801	2000	0
802	2000	54
803	2000	43
804	2000	12
805	2000	12
806	2000	16
807	2000	5
808	2000	2
809	2000	6
810	2000	4
811	2000	0
812	2000	5
813	2000	14
814	2000	5
815	2000	12
816	2000	12
817	2000	5
818	2000	2
819	2000	3
820	2000	13
821	2000	11
822	2000	7
823	2000	6
824	2000	7
825	2000	12
826	2000	6
827	2000	1
828	2000	0
829	2000	0
830	2000	1
831	2000	2
832	2000	2
833	2000	2
834	2000	12
835	2000	10
836	2000	8
837	2000	2
838	2000	0
839	2000	7
840	2000	11
841	2000	11
842	2000	7
843	2000	7
844	2000	8
845	2000	11
846	2000	12
847	2000	13
848	2000	8
849	2000	9
850	2000	9
851	2000	3
852	2000	6
853	2000	8
854	2000	7
855	2000	3
856	2000	2
857	2000	2
858	2000	3
859	2000	6
860	2000	12
861	2000	5
862	2000	5
863	2000	11
864	2000	7
865	2000	19
866	2000	7
867	2000	10
868	2000	11
869	2000	5
870	2000	4
871	2000	6
872	2000	9
873	2000	17
874	2000	4
875	2000	2
876	2000	2
877	2000	7
878	2000	4
879	2000	0
880	2000	2
881	2000	5
882	2000	5
883	2000	4
884	2000	6
885	2000	5
886	2000	2
887	2000	14
888	2000	6
889	2000	4
890	2000	11
891	2000	21
892	2000	11
893	2000	0
894	2000	1
895	2000	2
896	2000	1
897	2000	6
898	2000	13
899	2000	8
900	2000	5
901	2000	6
902	2000	10
903	2000	9
904	2000	0
905	2000	2
906	2000	5
907	2000	5
908	2000	5
909	2000	15
910	2000	6
911	2000	11
912	2000	16
913	2000	18
914	2000	8
915	2000	7
916	2000	8
917	2000	9
918	2000	8
919	2000	4
920	2000	9
921	2000	1
922	2000	6
923	2000	6
924	2000	6
925	2000	5
926	2000	7
927	2000	3
928	2000	3
929	2000	1
930	2000	8
931	2000	4
932	2000	10
933	2000	8
934	2000	2
935	2000	3
936	2000	1
937	2000	1
938	2000	0
939	2000	14
940	2000	15
941	2000	23
942	2000	19
943	2000	11
944	2000	8
945	2000	9
946	2000	6
947	2000	0
948	2000	0
949	2000	0
950	2000	1
951	2000	0
952	2000	8
953	2000	5
954	2000	1
955	2000	0
956	2000	3
957	2000	1
958	2000	14
959	2000	7
960	2000	2
961	2000	7
962	2000	1
963	2000	0
964	2000	4
965	2000	2
966	2000	6
967	2000	2
968	2000	3
969	2000	6
970	2000	6
971	2000	5
972	2000	11
973	2000	15
974	2000	17
975	2000	15
976	2000	5
977	2000	16
978	2000	2
979	2000	4
980	2000	10
981	2000	4
982	2000	1
983	2000	9
984	2000	10
985	2000	12
986	2000	3
987	2000	8
988	2000	6
989	2000	3
990	2000	0
991	2000	4
992	2000	9
993	2000	6
994	2000	11
995	2000	4
996	2000	14
997	2000	6
998	2000	8
999	2000	10
