0	2000	0
1	2000	25
2	2000	3
3	2000	0
4	2000	0
5	2000	2
6	2000	0
7	2000	0
8	2000	0
9	2000	4
10	2000	17
11	2000	3
12	2000	0
13	2000	0
14	2000	11
15	2000	3
16	2000	22
17	2000	38
18	2000	4
19	2000	0
20	2000	0
21	2000	25
22	2000	0
23	2000	12
24	2000	8
25	2000	4
26	2000	0
27	2000	5
28	2000	0
29	2000	0
30	2000	0
31	2000	0
32	2000	3
33	2000	4
34	2000	0
35	2000	0
36	2000	0
37	2000	0
38	2000	0
39	2000	0
40	2000	0
41	2000	0
42	2000	3
43	2000	18
44	2000	3
45	2000	0
46	2000	0
47	2000	3
48	2000	5
49	2000	6
50	2000	7
51	2000	8
52	2000	9
53	2000	0
54	2000	0
55	2000	0
56	2000	0
57	2000	10
58	2000	6
59	2000	7
60	2000	16
61	2000	0
62	2000	3
63	2000	0
64	2000	24
65	2000	2
66	2000	0
67	2000	0
68	2000	2
69	2000	0
70	2000	1
71	2000	0
72	2000	12
73	2000	9
74	2000	18
75	2000	0
76	2000	0
77	2000	0
78	2000	0
79	2000	2
80	2000	0
81	2000	0
82	2000	13
83	2000	32
84	2000	5
85	2000	6
86	2000	5
87	2000	0
88	2000	10
89	2000	1
90	2000	2
91	2000	8
92	2000	8
93	2000	7
94	2000	27
95	2000	15
96	2000	10
97	2000	0
98	2000	20
99	2000	9
100	2000	0
101	2000	3
102	2000	4
103	2000	0
104	2000	7
105	2000	1
106	2000	2
107	2000	19
108	2000	0
109	2000	2
110	2000	23
111	2000	30
112	2000	0
113	2000	4
114	2000	12
115	2000	0
116	2000	0
117	2000	0
118	2000	0
119	2000	1
120	2000	5
121	2000	0
122	2000	0
123	2000	0
124	2000	0
125	2000	0
126	2000	20
127	2000	22
128	2000	35
129	2000	9
130	2000	15
131	2000	10
132	2000	21
133	2000	0
134	2000	1
135	2000	2
136	2000	0
137	2000	1
138	2000	0
139	2000	0
140	2000	4
141	2000	0
142	2000	2
143	2000	1
144	2000	0
145	2000	21
146	2000	14
147	2000	3
148	2000	2
149	2000	6
150	2000	7
151	2000	17
152	2000	4
153	2000	0
154	2000	3
155	2000	0
156	2000	0
157	2000	0
158	2000	0
159	2000	1
160	2000	0
161	2000	0
162	2000	0
163	2000	0
164	2000	0
165	2000	22
166	2000	9
167	2000	0
168	2000	0
169	2000	7
170	2000	2
171	2000	0
172	2000	0
173	2000	0
174	2000	6
175	2000	8
176	2000	0
177	2000	1
178	2000	11
179	2000	0
180	2000	5
181	2000	1
182	2000	10
183	2000	1
184	2000	1
185	2000	6
186	2000	19
187	2000	8
188	2000	0
189	2000	0
190	2000	0
191	2000	0
192	2000	0
193	2000	0
194	2000	0
195	2000	5
196	2000	33
197	2000	40
198	2000	11
199	2000	2
200	2000	1
201	2000	0
202	2000	292
203	2000	48
204	2000	1
205	2000	17
206	2000	21
207	2000	21
208	2000	6
209	2000	2
210	2000	21
211	2000	22
212	2000	14
213	2000	28
214	2000	9
215	2000	1
216	2000	2
217	2000	0
218	2000	0
219	2000	0
220	2000	5
221	2000	34
222	2000	3
223	2000	0
224	2000	3
225	2000	27
226	2000	10
227	2000	0
228	2000	14
229	2000	31
230	2000	2
231	2000	1
232	2000	17
233	2000	21
234	2000	5
235	2000	15
236	2000	13
237	2000	12
238	2000	0
239	2000	0
240	2000	0
241	2000	14
242	2000	0
243	2000	0
244	2000	4
245	2000	7
246	2000	4
247	2000	2
248	2000	0
249	2000	0
250	2000	1
251	2000	1
252	2000	0
253	2000	0
254	2000	2
255	2000	1
256	2000	0
257	2000	15
258	2000	3
259	2000	3
260	2000	28
261	2000	13
262	2000	5
263	2000	4
264	2000	12
265	2000	8
266	2000	20
267	2000	9
268	2000	0
269	2000	0
270	2000	2
271	2000	5
272	2000	0
273	2000	0
274	2000	6
275	2000	2
276	2000	0
277	2000	13
278	2000	1
279	2000	0
280	2000	0
281	2000	2
282	2000	20
283	2000	7
284	2000	28
285	2000	21
286	2000	0
287	2000	1
288	2000	0
289	2000	18
290	2000	5
291	2000	0
292	2000	21
293	2000	9
294	2000	1
295	2000	0
296	2000	8
297	2000	22
298	2000	24
299	2000	12
300	2000	14
301	2000	17
302	2000	2
303	2000	0
304	2000	0
305	2000	24
306	2000	50
307	2000	29
308	2000	23
309	2000	0
310	2000	0
311	2000	5
312	2000	8
313	2000	0
314	2000	0
315	2000	0
316	2000	0
317	2000	1
318	2000	23
319	2000	1
320	2000	0
321	2000	0
322	2000	0
323	2000	0
324	2000	0
325	2000	0
326	2000	16
327	2000	4
328	2000	0
329	2000	0
330	2000	7
331	2000	0
332	2000	0
333	2000	0
334	2000	3
335	2000	2
336	2000	0
337	2000	0
338	2000	0
339	2000	9
340	2000	5
341	2000	0
342	2000	0
343	2000	0
344	2000	0
345	2000	0
346	2000	8
347	2000	14
348	2000	0
349	2000	0
350	2000	0
351	2000	0
352	2000	6
353	2000	1
354	2000	0
355	2000	0
356	2000	8
357	2000	22
358	2000	8
359	2000	2
360	2000	2
361	2000	0
362	2000	0
363	2000	0
364	2000	0
365	2000	0
366	2000	0
367	2000	0
368	2000	0
369	2000	0
370	2000	1
371	2000	0
372	2000	11
373	2000	0
374	2000	2
375	2000	2
376	2000	1
377	2000	23
378	2000	16
379	2000	0
380	2000	0
381	2000	0
382	2000	6
383	2000	6
384	2000	0
385	2000	8
386	2000	12
387	2000	13
388	2000	10
389	2000	0
390	2000	0
391	2000	3
392	2000	0
393	2000	12
394	2000	3
395	2000	1
396	2000	13
397	2000	3
398	2000	5
399	2000	31
400	2000	0
401	2000	0
402	2000	328
403	2000	113
404	2000	16
405	2000	2
406	2000	27
407	2000	25
408	2000	19
409	2000	0
410	2000	0
411	2000	0
412	2000	3
413	2000	28
414	2000	2
415	2000	0
416	2000	0
417	2000	0
418	2000	0
419	2000	1
420	2000	0
421	2000	0
422	2000	0
423	2000	6
424	2000	2
425	2000	2
426	2000	6
427	2000	0
428	2000	14
429	2000	15
430	2000	7
431	2000	6
432	2000	16
433	2000	5
434	2000	13
435	2000	9
436	2000	13
437	2000	22
438	2000	5
439	2000	26
440	2000	7
441	2000	0
442	2000	0
443	2000	13
444	2000	10
445	2000	7
446	2000	1
447	2000	0
448	2000	8
449	2000	1
450	2000	0
451	2000	7
452	2000	0
453	2000	1
454	2000	1
455	2000	0
456	2000	0
457	2000	0
458	2000	8
459	2000	1
460	2000	26
461	2000	16
462	2000	1
463	2000	16
464	2000	17
465	2000	11
466	2000	0
467	2000	0
468	2000	4
469	2000	1
470	2000	1
471	2000	0
472	2000	0
473	2000	0
474	2000	7
475	2000	2
476	2000	8
477	2000	4
478	2000	0
479	2000	1
480	2000	0
481	2000	2
482	2000	17
483	2000	15
484	2000	0
485	2000	0
486	2000	1
487	2000	0
488	2000	5
489	2000	0
490	2000	6
491	2000	11
492	2000	8
493	2000	0
494	2000	6
495	2000	0
496	2000	4
497	2000	0
498	2000	14
499	2000	3
500	2000	8
501	2000	0
502	2000	4
503	2000	0
504	2000	0
505	2000	0
506	2000	0
507	2000	3
508	2000	18
509	2000	16
510	2000	30
511	2000	17
512	2000	0
513	2000	0
514	2000	0
515	2000	0
516	2000	2
517	2000	0
518	2000	2
519	2000	1
520	2000	24
521	2000	5
522	2000	2
523	2000	0
524	2000	2
525	2000	0
526	2000	0
527	2000	4
528	2000	10
529	2000	3
530	2000	7
531	2000	4
532	2000	32
533	2000	4
534	2000	0
535	2000	0
536	2000	1
537	2000	0
538	2000	0
539	2000	0
540	2000	0
541	2000	7
542	2000	9
543	2000	0
544	2000	0
545	2000	0
546	2000	1
547	2000	1
548	2000	0
549	2000	0
550	2000	0
551	2000	0
552	2000	0
553	2000	6
554	2000	0
555	2000	1
556	2000	0
557	2000	0
558	2000	0
559	2000	0
560	2000	0
561	2000	2
562	2000	17
563	2000	1
564	2000	0
565	2000	16
566	2000	0
567	2000	0
568	2000	0
569	2000	0
570	2000	1
571	2000	0
572	2000	2
573	2000	15
574	2000	10
575	2000	0
576	2000	0
577	2000	0
578	2000	0
579	2000	6
580	2000	16
581	2000	0
582	2000	6
583	2000	15
584	2000	11
585	2000	5
586	2000	1
587	2000	25
588	2000	24
589	2000	27
590	2000	0
591	2000	0
592	2000	0
593	2000	0
594	2000	0
595	2000	8
596	2000	3
597	2000	2
598	2000	0
599	2000	0
600	2000	0
601	2000	0
602	2000	290
603	2000	43
604	2000	1
605	2000	0
606	2000	11
607	2000	8
608	2000	6
609	2000	12
610	2000	0
611	2000	1
612	2000	0
613	2000	1
614	2000	0
615	2000	1
616	2000	0
617	2000	0
618	2000	8
619	2000	2
620	2000	0
621	2000	9
622	2000	2
623	2000	0
624	2000	0
625	2000	0
626	2000	0
627	2000	0
628	2000	0
629	2000	6
630	2000	0
631	2000	6
632	2000	0
633	2000	0
634	2000	0
635	2000	15
636	2000	4
637	2000	0
638	2000	3
639	2000	0
640	2000	10
641	2000	18
642	2000	5
643	2000	8
644	2000	1
645	2000	3
646	2000	29
647	2000	29
648	2000	1
649	2000	0
650	2000	9
651	2000	15
652	2000	2
653	2000	0
654	2000	17
655	2000	26
656	2000	4
657	2000	0
658	2000	12
659	2000	7
660	2000	0
661	2000	12
662	2000	0
663	2000	0
664	2000	1
665	2000	0
666	2000	4
667	2000	9
668	2000	19
669	2000	22
670	2000	2
671	2000	12
672	2000	9
673	2000	0
674	2000	0
675	2000	3
676	2000	11
677	2000	18
678	2000	7
679	2000	0
680	2000	1
681	2000	0
682	2000	0
683	2000	1
684	2000	9
685	2000	5
686	2000	0
687	2000	0
688	2000	0
689	2000	0
690	2000	3
691	2000	12
692	2000	0
693	2000	1
694	2000	0
695	2000	8
696	2000	0
697	2000	0
698	2000	0
699	2000	0
700	2000	8
701	2000	2
702	2000	8
703	2000	0
704	2000	0
705	2000	8
706	2000	14
707	2000	0
708	2000	0
709	2000	0
710	2000	0
711	2000	2
712	2000	0
713	2000	0
714	2000	0
715	2000	0
716	2000	0
717	2000	3
718	2000	0
719	2000	1
720	2000	0
721	2000	0
722	2000	34
723	2000	34
724	2000	12
725	2000	0
726	2000	20
727	2000	4
728	2000	7
729	2000	0
730	2000	9
731	2000	3
732	2000	0
733	2000	30
734	2000	23
735	2000	13
736	2000	1
737	2000	0
738	2000	0
739	2000	0
740	2000	2
741	2000	2
742	2000	0
743	2000	0
744	2000	0
745	2000	0
746	2000	0
747	2000	9
748	2000	0
749	2000	0
750	2000	0
751	2000	1
752	2000	3
753	2000	0
754	2000	12
755	2000	10
756	2000	1
757	2000	5
758	2000	0
759	2000	0
760	2000	0
761	2000	3
762	2000	1
763	2000	0
764	2000	0
765	2000	0
766	2000	6
767	2000	20
768	2000	4
769	2000	0
770	2000	3
771	2000	0
772	2000	0
773	2000	22
774	2000	16
775	2000	0
776	2000	0
777	2000	0
778	2000	10
779	2000	64
780	2000	37
781	2000	1
782	2000	2
783	2000	0
784	2000	0
785	2000	0
786	2000	0
787	2000	0
788	2000	5
789	2000	21
790	2000	16
791	2000	0
792	2000	0
793	2000	1
794	2000	0
795	2000	0
796	2000	8
797	2000	15
798	2000	2
799	2000	0
800	2000	0
801	2000	241
802	2000	214
803	2000	38
804	2000	0
805	2000	0
806	2000	0
807	2000	10
808	2000	4
809	2000	0
810	2000	5
811	2000	2
812	2000	17
813	2000	7
814	2000	0
815	2000	11
816	2000	1
817	2000	0
818	2000	5
819	2000	0
820	2000	0
821	2000	5
822	2000	2
823	2000	9
824	2000	0
825	2000	0
826	2000	0
827	2000	0
828	2000	16
829	2000	1
830	2000	0
831	2000	0
832	2000	0
833	2000	13
834	2000	2
835	2000	0
836	2000	0
837	2000	0
838	2000	0
839	2000	0
840	2000	1
841	2000	7
842	2000	4
843	2000	5
844	2000	1
845	2000	4
846	2000	0
847	2000	0
848	2000	23
849	2000	44
850	2000	22
851	2000	5
852	2000	2
853	2000	3
854	2000	7
855	2000	15
856	2000	0
857	2000	0
858	2000	0
859	2000	3
860	2000	0
861	2000	0
862	2000	1
863	2000	0
864	2000	0
865	2000	0
866	2000	0
867	2000	13
868	2000	23
869	2000	14
870	2000	3
871	2000	2
872	2000	15
873	2000	2
874	2000	11
875	2000	0
876	2000	0
877	2000	1
878	2000	5
879	2000	0
880	2000	0
881	2000	9
882	2000	32
883	2000	7
884	2000	0
885	2000	0
886	2000	0
887	2000	0
888	2000	6
889	2000	14
890	2000	0
891	2000	0
892	2000	2
893	2000	26
894	2000	2
895	2000	2
896	2000	18
897	2000	21
898	2000	20
899	2000	0
900	2000	0
901	2000	0
902	2000	4
903	2000	1
904	2000	0
905	2000	0
906	2000	1
907	2000	0
908	2000	4
909	2000	17
910	2000	21
911	2000	11
912	2000	0
913	2000	25
914	2000	30
915	2000	17
916	2000	7
917	2000	2
918	2000	1
919	2000	0
920	2000	5
921	2000	0
922	2000	0
923	2000	6
924	2000	1
925	2000	0
926	2000	0
927	2000	0
928	2000	0
929	2000	0
930	2000	0
931	2000	0
932	2000	0
933	2000	0
934	2000	23
935	2000	23
936	2000	15
937	2000	9
938	2000	0
939	2000	5
940	2000	12
941	2000	0
942	2000	0
943	2000	0
944	2000	4
945	2000	0
946	2000	0
947	2000	0
948	2000	0
949	2000	0
950	2000	0
951	2000	4
952	2000	14
953	2000	0
954	2000	0
955	2000	2
956	2000	11
957	2000	11
958	2000	0
959	2000	0
960	2000	17
961	2000	38
962	2000	3
963	2000	0
964	2000	0
965	2000	9
966	2000	0
967	2000	11
968	2000	12
969	2000	1
970	2000	0
971	2000	0
972	2000	0
973	2000	0
974	2000	0
975	2000	0
976	2000	34
977	2000	15
978	2000	0
979	2000	0
980	2000	0
981	2000	0
982	2000	0
983	2000	3
984	2000	0
985	2000	12
986	2000	23
987	2000	0
988	2000	2
989	2000	4
990	2000	0
991	2000	0
992	2000	0
993	2000	0
994	2000	0
995	2000	0
996	2000	0
997	2000	2
998	2000	0
999	2000	9
