0	2000	0
1	2000	4
2	2000	2
3	2000	0
4	2000	1
5	2000	0
6	2000	0
7	2000	0
8	2000	0
9	2000	0
10	2000	0
11	2000	0
12	2000	0
13	2000	2
14	2000	4
15	2000	2
16	2000	1
17	2000	0
18	2000	0
19	2000	0
20	2000	0
21	2000	0
22	2000	0
23	2000	2
24	2000	1
25	2000	0
26	2000	1
27	2000	0
28	2000	0
29	2000	1
30	2000	0
31	2000	0
32	2000	0
33	2000	0
34	2000	0
35	2000	0
36	2000	0
37	2000	2
38	2000	0
39	2000	0
40	2000	1
41	2000	3
42	2000	0
43	2000	0
44	2000	0
45	2000	0
46	2000	1
47	2000	1
48	2000	0
49	2000	1
50	2000	2
51	2000	0
52	2000	46
53	2000	24
54	2000	4
55	2000	13
56	2000	5
57	2000	2
58	2000	1
59	2000	1
60	2000	3
61	2000	1
62	2000	0
63	2000	2
64	2000	0
65	2000	0
66	2000	2
67	2000	2
68	2000	0
69	2000	0
70	2000	0
71	2000	0
72	2000	9
73	2000	0
74	2000	0
75	2000	0
76	2000	0
77	2000	1
78	2000	1
79	2000	1
80	2000	0
81	2000	0
82	2000	0
83	2000	0
84	2000	4
85	2000	0
86	2000	0
87	2000	0
88	2000	0
89	2000	0
90	2000	4
91	2000	7
92	2000	4
93	2000	0
94	2000	0
95	2000	0
96	2000	0
97	2000	0
98	2000	3
99	2000	5
100	2000	7
101	2000	34
102	2000	43
103	2000	19
104	2000	5
105	2000	2
106	2000	0
107	2000	0
108	2000	0
109	2000	0
110	2000	0
111	2000	0
112	2000	0
113	2000	1
114	2000	0
115	2000	0
116	2000	0
117	2000	0
118	2000	4
119	2000	2
120	2000	0
121	2000	0
122	2000	0
123	2000	0
124	2000	0
125	2000	0
126	2000	0
127	2000	0
128	2000	0
129	2000	0
130	2000	0
131	2000	1
132	2000	0
133	2000	0
134	2000	1
135	2000	9
136	2000	0
137	2000	0
138	2000	0
139	2000	0
140	2000	1
141	2000	0
142	2000	0
143	2000	4
144	2000	0
145	2000	0
146	2000	0
147	2000	0
148	2000	0
149	2000	0
150	2000	6
151	2000	6
152	2000	61
153	2000	19
154	2000	3
155	2000	0
156	2000	1
157	2000	0
158	2000	0
159	2000	4
160	2000	6
161	2000	0
162	2000	0
163	2000	0
164	2000	5
165	2000	4
166	2000	4
167	2000	1
168	2000	0
169	2000	0
170	2000	3
171	2000	2
172	2000	2
173	2000	0
174	2000	3
175	2000	1
176	2000	0
177	2000	0
178	2000	0
179	2000	0
180	2000	0
181	2000	0
182	2000	1
183	2000	0
184	2000	0
185	2000	0
186	2000	0
187	2000	1
188	2000	0
189	2000	0
190	2000	0
191	2000	4
192	2000	0
193	2000	0
194	2000	0
195	2000	0
196	2000	2
197	2000	0
198	2000	1
199	2000	0
200	2000	0
201	2000	0
202	2000	62
203	2000	23
204	2000	12
205	2000	0
206	2000	5
207	2000	9
208	2000	9
209	2000	0
210	2000	0
211	2000	0
212	2000	0
213	2000	0
214	2000	0
215	2000	0
216	2000	0
217	2000	1
218	2000	0
219	2000	0
220	2000	0
221	2000	0
222	2000	0
223	2000	0
224	2000	0
225	2000	0
226	2000	0
227	2000	0
228	2000	8
229	2000	6
230	2000	5
231	2000	3
232	2000	0
233	2000	3
234	2000	0
235	2000	1
236	2000	0
237	2000	0
238	2000	2
239	2000	1
240	2000	5
241	2000	3
242	2000	0
243	2000	1
244	2000	0
245	2000	1
246	2000	1
247	2000	0
248	2000	0
249	2000	0
250	2000	0
251	2000	34
252	2000	61
253	2000	29
254	2000	8
255	2000	4
256	2000	0
257	2000	0
258	2000	0
259	2000	2
260	2000	0
261	2000	1
262	2000	2
263	2000	0
264	2000	0
265	2000	0
266	2000	0
267	2000	0
268	2000	3
269	2000	4
270	2000	0
271	2000	3
272	2000	0
273	2000	0
274	2000	1
275	2000	0
276	2000	0
277	2000	0
278	2000	0
279	2000	0
280	2000	0
281	2000	0
282	2000	0
283	2000	0
284	2000	0
285	2000	1
286	2000	2
287	2000	0
288	2000	1
289	2000	0
290	2000	1
291	2000	0
292	2000	0
293	2000	0
294	2000	1
295	2000	0
296	2000	0
297	2000	0
298	2000	1
299	2000	2
300	2000	0
301	2000	28
302	2000	32
303	2000	13
304	2000	1
305	2000	0
306	2000	1
307	2000	0
308	2000	0
309	2000	0
310	2000	0
311	2000	0
312	2000	4
313	2000	1
314	2000	0
315	2000	0
316	2000	0
317	2000	0
318	2000	0
319	2000	0
320	2000	1
321	2000	7
322	2000	9
323	2000	0
324	2000	0
325	2000	0
326	2000	0
327	2000	0
328	2000	0
329	2000	0
330	2000	2
331	2000	5
332	2000	9
333	2000	2
334	2000	4
335	2000	4
336	2000	0
337	2000	0
338	2000	10
339	2000	6
340	2000	1
341	2000	1
342	2000	0
343	2000	0
344	2000	0
345	2000	0
346	2000	0
347	2000	0
348	2000	0
349	2000	0
350	2000	0
351	2000	0
352	2000	0
353	2000	0
354	2000	0
355	2000	0
356	2000	0
357	2000	0
358	2000	0
359	2000	0
360	2000	0
361	2000	0
362	2000	0
363	2000	0
364	2000	0
365	2000	1
366	2000	2
367	2000	1
368	2000	6
369	2000	0
370	2000	0
371	2000	2
372	2000	1
373	2000	0
374	2000	0
375	2000	2
376	2000	0
377	2000	0
378	2000	1
379	2000	6
380	2000	0
381	2000	0
382	2000	0
383	2000	1
384	2000	6
385	2000	2
386	2000	0
387	2000	3
388	2000	0
389	2000	0
390	2000	0
391	2000	0
392	2000	0
393	2000	0
394	2000	0
395	2000	0
396	2000	1
397	2000	2
398	2000	5
399	2000	1
400	2000	1
401	2000	0
402	2000	45
403	2000	23
404	2000	5
405	2000	6
406	2000	0
407	2000	0
408	2000	0
409	2000	1
410	2000	0
411	2000	0
412	2000	0
413	2000	0
414	2000	0
415	2000	2
416	2000	3
417	2000	6
418	2000	1
419	2000	0
420	2000	0
421	2000	2
422	2000	0
423	2000	1
424	2000	1
425	2000	0
426	2000	4
427	2000	0
428	2000	0
429	2000	0
430	2000	0
431	2000	0
432	2000	1
433	2000	0
434	2000	2
435	2000	0
436	2000	0
437	2000	0
438	2000	0
439	2000	0
440	2000	0
441	2000	0
442	2000	0
443	2000	0
444	2000	0
445	2000	0
446	2000	0
447	2000	0
448	2000	0
449	2000	0
450	2000	4
451	2000	6
452	2000	49
453	2000	14
454	2000	5
455	2000	3
456	2000	4
457	2000	1
458	2000	0
459	2000	0
460	2000	0
461	2000	0
462	2000	0
463	2000	0
464	2000	0
465	2000	0
466	2000	0
467	2000	0
468	2000	0
469	2000	0
470	2000	0
471	2000	0
472	2000	0
473	2000	0
474	2000	0
475	2000	0
476	2000	0
477	2000	0
478	2000	0
479	2000	0
480	2000	0
481	2000	0
482	2000	0
483	2000	0
484	2000	0
485	2000	0
486	2000	2
487	2000	1
488	2000	0
489	2000	0
490	2000	4
491	2000	4
492	2000	0
493	2000	0
494	2000	0
495	2000	0
496	2000	0
497	2000	0
498	2000	0
499	2000	1
500	2000	8
501	2000	45
502	2000	22
503	2000	9
504	2000	7
505	2000	0
506	2000	0
507	2000	0
508	2000	0
509	2000	0
510	2000	0
511	2000	0
512	2000	0
513	2000	0
514	2000	0
515	2000	0
516	2000	0
517	2000	0
518	2000	0
519	2000	0
520	2000	0
521	2000	0
522	2000	2
523	2000	3
524	2000	0
525	2000	3
526	2000	6
527	2000	0
528	2000	0
529	2000	0
530	2000	0
531	2000	0
532	2000	0
533	2000	0
534	2000	0
535	2000	4
536	2000	0
537	2000	0
538	2000	1
539	2000	0
540	2000	1
541	2000	0
542	2000	0
543	2000	0
544	2000	0
545	2000	0
546	2000	0
547	2000	0
548	2000	0
549	2000	0
550	2000	0
551	2000	28
552	2000	50
553	2000	12
554	2000	1
555	2000	0
556	2000	1
557	2000	0
558	2000	0
559	2000	0
560	2000	0
561	2000	0
562	2000	0
563	2000	0
564	2000	0
565	2000	0
566	2000	0
567	2000	0
568	2000	0
569	2000	0
570	2000	0
571	2000	0
572	2000	0
573	2000	0
574	2000	4
575	2000	0
576	2000	0
577	2000	0
578	2000	0
579	2000	0
580	2000	0
581	2000	2
582	2000	0
583	2000	0
584	2000	1
585	2000	0
586	2000	0
587	2000	0
588	2000	0
589	2000	0
590	2000	0
591	2000	5
592	2000	0
593	2000	0
594	2000	0
595	2000	0
596	2000	1
597	2000	0
598	2000	0
599	2000	1
600	2000	5
601	2000	1
602	2000	49
603	2000	39
604	2000	18
605	2000	4
606	2000	0
607	2000	0
608	2000	0
609	2000	0
610	2000	1
611	2000	1
612	2000	0
613	2000	0
614	2000	4
615	2000	8
616	2000	0
617	2000	3
618	2000	0
619	2000	5
620	2000	8
621	2000	3
622	2000	0
623	2000	2
624	2000	0
625	2000	0
626	2000	0
627	2000	0
628	2000	0
629	2000	0
630	2000	0
631	2000	6
632	2000	3
633	2000	3
634	2000	3
635	2000	0
636	2000	1
637	2000	0
638	2000	0
639	2000	0
640	2000	0
641	2000	4
642	2000	2
643	2000	0
644	2000	1
645	2000	1
646	2000	0
647	2000	0
648	2000	3
649	2000	5
650	2000	1
651	2000	31
652	2000	35
653	2000	15
654	2000	6
655	2000	0
656	2000	0
657	2000	0
658	2000	0
659	2000	1
660	2000	1
661	2000	0
662	2000	0
663	2000	0
664	2000	0
665	2000	3
666	2000	2
667	2000	1
668	2000	0
669	2000	0
670	2000	4
671	2000	9
672	2000	1
673	2000	0
674	2000	0
675	2000	0
676	2000	2
677	2000	0
678	2000	0
679	2000	0
680	2000	0
681	2000	0
682	2000	0
683	2000	0
684	2000	0
685	2000	0
686	2000	0
687	2000	0
688	2000	0
689	2000	0
690	2000	0
691	2000	0
692	2000	1
693	2000	0
694	2000	0
695	2000	0
696	2000	0
697	2000	0
698	2000	0
699	2000	3
700	2000	0
701	2000	26
702	2000	21
703	2000	5
704	2000	5
705	2000	2
706	2000	5
707	2000	1
708	2000	0
709	2000	0
710	2000	0
711	2000	0
712	2000	0
713	2000	0
714	2000	8
715	2000	0
716	2000	0
717	2000	0
718	2000	1
719	2000	0
720	2000	1
721	2000	3
722	2000	3
723	2000	0
724	2000	3
725	2000	7
726	2000	1
727	2000	0
728	2000	0
729	2000	0
730	2000	0
731	2000	0
732	2000	0
733	2000	0
734	2000	0
735	2000	0
736	2000	0
737	2000	0
738	2000	0
739	2000	1
740	2000	5
741	2000	0
742	2000	3
743	2000	2
744	2000	0
745	2000	0
746	2000	0
747	2000	0
748	2000	0
749	2000	0
750	2000	0
751	2000	21
752	2000	40
753	2000	10
754	2000	0
755	2000	0
756	2000	0
757	2000	0
758	2000	2
759	2000	1
760	2000	7
761	2000	7
762	2000	0
763	2000	0
764	2000	4
765	2000	7
766	2000	1
767	2000	0
768	2000	1
769	2000	0
770	2000	0
771	2000	0
772	2000	0
773	2000	0
774	2000	0
775	2000	0
776	2000	6
777	2000	2
778	2000	0
779	2000	0
780	2000	0
781	2000	6
782	2000	3
783	2000	5
784	2000	0
785	2000	0
786	2000	2
787	2000	0
788	2000	0
789	2000	0
790	2000	0
791	2000	0
792	2000	0
793	2000	0
794	2000	0
795	2000	0
796	2000	0
797	2000	0
798	2000	0
799	2000	0
800	2000	0
801	2000	3
802	2000	59
803	2000	16
804	2000	8
805	2000	4
806	2000	0
807	2000	0
808	2000	4
809	2000	0
810	2000	1
811	2000	0
812	2000	0
813	2000	0
814	2000	1
815	2000	0
816	2000	0
817	2000	0
818	2000	0
819	2000	0
820	2000	0
821	2000	1
822	2000	0
823	2000	0
824	2000	0
825	2000	1
826	2000	1
827	2000	0
828	2000	0
829	2000	0
830	2000	0
831	2000	0
832	2000	0
833	2000	0
834	2000	7
835	2000	1
836	2000	0
837	2000	0
838	2000	0
839	2000	5
840	2000	8
841	2000	0
842	2000	0
843	2000	2
844	2000	0
845	2000	0
846	2000	0
847	2000	0
848	2000	0
849	2000	0
850	2000	0
851	2000	15
852	2000	50
853	2000	17
854	2000	9
855	2000	2
856	2000	0
857	2000	0
858	2000	0
859	2000	0
860	2000	0
861	2000	0
862	2000	0
863	2000	0
864	2000	0
865	2000	0
866	2000	2
867	2000	1
868	2000	1
869	2000	0
870	2000	0
871	2000	0
872	2000	0
873	2000	0
874	2000	0
875	2000	0
876	2000	0
877	2000	1
878	2000	0
879	2000	0
880	2000	0
881	2000	0
882	2000	0
883	2000	0
884	2000	0
885	2000	1
886	2000	0
887	2000	0
888	2000	0
889	2000	0
890	2000	0
891	2000	0
892	2000	0
893	2000	0
894	2000	0
895	2000	0
896	2000	0
897	2000	1
898	2000	0
899	2000	0
900	2000	3
901	2000	9
902	2000	53
903	2000	20
904	2000	7
905	2000	3
906	2000	4
907	2000	0
908	2000	2
909	2000	2
910	2000	11
911	2000	5
912	2000	1
913	2000	0
914	2000	0
915	2000	0
916	2000	0
917	2000	0
918	2000	0
919	2000	0
920	2000	0
921	2000	0
922	2000	0
923	2000	0
924	2000	0
925	2000	0
926	2000	0
927	2000	1
928	2000	0
929	2000	0
930	2000	0
931	2000	4
932	2000	7
933	2000	0
934	2000	0
935	2000	0
936	2000	0
937	2000	2
938	2000	1
939	2000	0
940	2000	0
941	2000	0
942	2000	0
943	2000	0
944	2000	1
945	2000	2
946	2000	6
947	2000	12
948	2000	1
949	2000	0
950	2000	0
951	2000	7
952	2000	47
953	2000	17
954	2000	3
955	2000	4
956	2000	0
957	2000	1
958	2000	0
959	2000	2
960	2000	4
961	2000	3
962	2000	1
963	2000	0
964	2000	0
965	2000	0
966	2000	0
967	2000	0
968	2000	0
969	2000	0
970	2000	0
971	2000	0
972	2000	0
973	2000	1
974	2000	0
975	2000	0
976	2000	0
977	2000	1
978	2000	1
979	2000	3
980	2000	2
981	2000	3
982	2000	4
983	2000	0
984	2000	0
985	2000	1
986	2000	1
987	2000	9
988	2000	4
989	2000	0
990	2000	1
991	2000	0
992	2000	0
993	2000	0
994	2000	0
995	2000	0
996	2000	0
997	2000	2
998	2000	0
999	2000	4
