0	500	0
1	500	11
2	500	15
3	500	10
4	500	25
5	500	36
6	500	35
7	500	16
8	500	24
9	500	37
10	500	9
11	500	6
12	500	1
13	500	28
14	500	13
15	500	2
16	500	1
17	500	33
18	500	27
19	500	28
20	500	23
21	500	42
22	500	36
23	500	28
24	500	23
25	500	5
26	500	14
27	500	20
28	500	30
29	500	47
30	500	33
31	500	29
32	500	14
33	500	17
34	500	20
35	500	15
36	500	5
37	500	2
38	500	0
39	500	0
40	500	4
41	500	0
42	500	10
43	500	30
44	500	35
45	500	28
46	500	11
47	500	30
48	500	20
49	500	14
50	500	0
51	500	0
52	500	104
53	500	1
54	500	14
55	500	29
56	500	5
57	500	5
58	500	16
59	500	17
60	500	20
61	500	35
62	500	50
63	500	32
64	500	33
65	500	23
66	500	26
67	500	24
68	500	23
69	500	27
70	500	26
71	500	15
72	500	28
73	500	30
74	500	34
75	500	16
76	500	28
77	500	40
78	500	18
79	500	1
80	500	7
81	500	17
82	500	19
83	500	14
84	500	20
85	500	22
86	500	14
87	500	0
88	500	8
89	500	1
90	500	8
91	500	29
92	500	38
93	500	38
94	500	14
95	500	3
96	500	10
97	500	12
98	500	0
99	500	10
100	500	1
101	500	0
102	500	77
103	500	0
104	500	0
105	500	6
106	500	21
107	500	33
108	500	36
109	500	24
110	500	21
111	500	42
112	500	14
113	500	2
114	500	16
115	500	33
116	500	12
117	500	22
118	500	5
119	500	25
120	500	35
121	500	33
122	500	38
123	500	33
124	500	36
125	500	45
126	500	39
127	500	24
128	500	6
129	500	22
130	500	29
131	500	24
132	500	19
133	500	6
134	500	16
135	500	7
136	500	17
137	500	14
138	500	11
139	500	0
140	500	2
141	500	11
142	500	18
143	500	20
144	500	12
145	500	5
146	500	14
147	500	2
148	500	9
149	500	13
150	500	0
151	500	0
152	500	72
153	500	6
154	500	2
155	500	15
156	500	20
157	500	28
158	500	11
159	500	22
160	500	23
161	500	19
162	500	17
163	500	25
164	500	26
165	500	13
166	500	21
167	500	26
168	500	33
169	500	34
170	500	31
171	500	26
172	500	22
173	500	32
174	500	22
175	500	15
176	500	33
177	500	33
178	500	28
179	500	22
180	500	15
181	500	14
182	500	37
183	500	14
184	500	7
185	500	20
186	500	17
187	500	15
188	500	6
189	500	0
190	500	0
191	500	7
192	500	5
193	500	42
194	500	42
195	500	22
196	500	10
197	500	24
198	500	23
199	500	18
200	500	3
201	500	0
202	500	105
203	500	14
204	500	0
205	500	0
206	500	7
207	500	13
208	500	9
209	500	20
210	500	35
211	500	33
212	500	19
213	500	13
214	500	0
215	500	13
216	500	24
217	500	18
218	500	15
219	500	9
220	500	16
221	500	3
222	500	0
223	500	18
224	500	8
225	500	16
226	500	22
227	500	34
228	500	12
229	500	0
230	500	21
231	500	21
232	500	19
233	500	7
234	500	10
235	500	13
236	500	7
237	500	24
238	500	32
239	500	33
240	500	19
241	500	0
242	500	0
243	500	0
244	500	3
245	500	0
246	500	11
247	500	44
248	500	19
249	500	17
250	500	5
251	500	0
252	500	84
253	500	3
254	500	14
255	500	21
256	500	27
257	500	29
258	500	16
259	500	20
260	500	22
261	500	25
262	500	18
263	500	10
264	500	25
265	500	0
266	500	5
267	500	6
268	500	7
269	500	19
270	500	31
271	500	11
272	500	14
273	500	6
274	500	3
275	500	17
276	500	2
277	500	2
278	500	17
279	500	2
280	500	0
281	500	8
282	500	17
283	500	2
284	500	16
285	500	30
286	500	45
287	500	32
288	500	25
289	500	26
290	500	16
291	500	14
292	500	2
293	500	20
294	500	14
295	500	0
296	500	24
297	500	16
298	500	8
299	500	7
300	500	1
301	500	0
302	500	115
303	500	28
304	500	13
305	500	2
306	500	8
307	500	11
308	500	11
309	500	35
310	500	27
311	500	28
312	500	16
313	500	41
314	500	33
315	500	34
316	500	18
317	500	44
318	500	39
319	500	24
320	500	50
321	500	59
322	500	21
323	500	26
324	500	15
325	500	26
326	500	48
327	500	38
328	500	42
329	500	14
330	500	18
331	500	8
332	500	2
333	500	16
334	500	25
335	500	33
336	500	24
337	500	17
338	500	23
339	500	42
340	500	1
341	500	4
342	500	9
343	500	8
344	500	23
345	500	39
346	500	24
347	500	33
348	500	15
349	500	22
350	500	3
351	500	0
352	500	75
353	500	0
354	500	3
355	500	4
356	500	15
357	500	23
358	500	18
359	500	11
360	500	18
361	500	39
362	500	30
363	500	37
364	500	12
365	500	0
366	500	0
367	500	9
368	500	13
369	500	30
370	500	32
371	500	36
372	500	20
373	500	7
374	500	19
375	500	25
376	500	15
377	500	20
378	500	16
379	500	15
380	500	20
381	500	23
382	500	28
383	500	30
384	500	17
385	500	4
386	500	10
387	500	31
388	500	32
389	500	21
390	500	22
391	500	4
392	500	14
393	500	16
394	500	27
395	500	13
396	500	18
397	500	17
398	500	22
399	500	0
400	500	0
401	500	0
402	500	146
403	500	17
404	500	4
405	500	8
406	500	10
407	500	20
408	500	0
409	500	0
410	500	7
411	500	22
412	500	21
413	500	0
414	500	18
415	500	12
416	500	2
417	500	23
418	500	0
419	500	5
420	500	10
421	500	17
422	500	29
423	500	24
424	500	5
425	500	4
426	500	21
427	500	20
428	500	0
429	500	0
430	500	0
431	500	12
432	500	20
433	500	10
434	500	9
435	500	0
436	500	0
437	500	3
438	500	9
439	500	5
440	500	14
441	500	29
442	500	28
443	500	2
444	500	6
445	500	10
446	500	13
447	500	27
448	500	3
449	500	3
450	500	0
451	500	0
452	500	96
453	500	3
454	500	14
455	500	24
456	500	27
457	500	13
458	500	10
459	500	0
460	500	17
461	500	0
462	500	27
463	500	20
464	500	13
465	500	5
466	500	0
467	500	9
468	500	19
469	500	13
470	500	35
471	500	25
472	500	3
473	500	1
474	500	13
475	500	14
476	500	4
477	500	0
478	500	24
479	500	24
480	500	26
481	500	5
482	500	20
483	500	37
484	500	23
485	500	2
486	500	14
487	500	10
488	500	13
489	500	31
490	500	12
491	500	36
492	500	5
493	500	7
494	500	22
495	500	25
496	500	24
497	500	25
498	500	23
499	500	5
500	500	0
501	500	0
502	500	76
503	500	11
504	500	0
505	500	7
506	500	19
507	500	34
508	500	12
509	500	16
510	500	9
511	500	25
512	500	27
513	500	13
514	500	10
515	500	40
516	500	53
517	500	17
518	500	5
519	500	2
520	500	3
521	500	2
522	500	32
523	500	23
524	500	14
525	500	3
526	500	0
527	500	17
528	500	11
529	500	24
530	500	18
531	500	21
532	500	9
533	500	3
534	500	26
535	500	2
536	500	1
537	500	6
538	500	7
539	500	28
540	500	24
541	500	22
542	500	10
543	500	1
544	500	2
545	500	0
546	500	0
547	500	16
548	500	2
549	500	8
550	500	0
551	500	0
552	500	135
553	500	16
554	500	0
555	500	0
556	500	16
557	500	24
558	500	16
559	500	19
560	500	4
561	500	2
562	500	26
563	500	21
564	500	12
565	500	13
566	500	11
567	500	16
568	500	16
569	500	21
570	500	31
571	500	27
572	500	63
573	500	23
574	500	7
575	500	25
576	500	23
577	500	21
578	500	21
579	500	51
580	500	31
581	500	27
582	500	3
583	500	7
584	500	36
585	500	39
586	500	26
587	500	1
588	500	2
589	500	25
590	500	39
591	500	23
592	500	27
593	500	35
594	500	30
595	500	13
596	500	14
597	500	15
598	500	1
599	500	6
600	500	0
601	500	0
602	500	94
603	500	18
604	500	0
605	500	8
606	500	29
607	500	16
608	500	13
609	500	5
610	500	15
611	500	28
612	500	9
613	500	6
614	500	22
615	500	7
616	500	0
617	500	3
618	500	4
619	500	0
620	500	9
621	500	39
622	500	22
623	500	6
624	500	0
625	500	10
626	500	35
627	500	34
628	500	32
629	500	14
630	500	6
631	500	28
632	500	15
633	500	12
634	500	21
635	500	29
636	500	22
637	500	19
638	500	15
639	500	22
640	500	9
641	500	11
642	500	19
643	500	10
644	500	0
645	500	0
646	500	9
647	500	9
648	500	0
649	500	0
650	500	0
651	500	0
652	500	83
653	500	7
654	500	0
655	500	10
656	500	33
657	500	2
658	500	2
659	500	0
660	500	13
661	500	15
662	500	6
663	500	19
664	500	20
665	500	39
666	500	41
667	500	33
668	500	19
669	500	12
670	500	11
671	500	28
672	500	9
673	500	13
674	500	10
675	500	11
676	500	12
677	500	10
678	500	25
679	500	27
680	500	18
681	500	11
682	500	0
683	500	0
684	500	11
685	500	12
686	500	0
687	500	0
688	500	12
689	500	25
690	500	12
691	500	14
692	500	6
693	500	5
694	500	0
695	500	30
696	500	30
697	500	33
698	500	1
699	500	13
700	500	0
701	500	0
702	500	99
703	500	29
704	500	0
705	500	6
706	500	4
707	500	0
708	500	0
709	500	0
710	500	18
711	500	23
712	500	4
713	500	0
714	500	0
715	500	13
716	500	24
717	500	3
718	500	0
719	500	0
720	500	1
721	500	11
722	500	0
723	500	0
724	500	12
725	500	21
726	500	26
727	500	25
728	500	15
729	500	18
730	500	27
731	500	19
732	500	13
733	500	0
734	500	0
735	500	0
736	500	0
737	500	0
738	500	4
739	500	12
740	500	0
741	500	14
742	500	16
743	500	11
744	500	12
745	500	17
746	500	16
747	500	1
748	500	19
749	500	13
750	500	1
751	500	0
752	500	108
753	500	5
754	500	7
755	500	14
756	500	15
757	500	1
758	500	6
759	500	5
760	500	18
761	500	36
762	500	29
763	500	5
764	500	3
765	500	13
766	500	2
767	500	4
768	500	24
769	500	17
770	500	24
771	500	27
772	500	24
773	500	15
774	500	7
775	500	12
776	500	10
777	500	9
778	500	0
779	500	2
780	500	17
781	500	0
782	500	6
783	500	17
784	500	4
785	500	23
786	500	37
787	500	13
788	500	15
789	500	18
790	500	26
791	500	18
792	500	31
793	500	19
794	500	18
795	500	2
796	500	0
797	500	8
798	500	11
799	500	12
800	500	1
801	500	0
802	500	74
803	500	5
804	500	20
805	500	33
806	500	9
807	500	24
808	500	35
809	500	54
810	500	39
811	500	6
812	500	2
813	500	2
814	500	18
815	500	36
816	500	7
817	500	7
818	500	18
819	500	29
820	500	39
821	500	8
822	500	15
823	500	10
824	500	4
825	500	0
826	500	0
827	500	0
828	500	0
829	500	4
830	500	29
831	500	27
832	500	21
833	500	22
834	500	24
835	500	32
836	500	17
837	500	23
838	500	45
839	500	23
840	500	2
841	500	17
842	500	15
843	500	12
844	500	27
845	500	32
846	500	38
847	500	18
848	500	23
849	500	9
850	500	0
851	500	0
852	500	107
853	500	12
854	500	2
855	500	1
856	500	7
857	500	5
858	500	0
859	500	0
860	500	0
861	500	0
862	500	13
863	500	17
864	500	30
865	500	17
866	500	10
867	500	5
868	500	11
869	500	19
870	500	5
871	500	1
872	500	4
873	500	2
874	500	24
875	500	0
876	500	0
877	500	19
878	500	18
879	500	14
880	500	1
881	500	1
882	500	0
883	500	0
884	500	0
885	500	20
886	500	13
887	500	20
888	500	13
889	500	1
890	500	0
891	500	0
892	500	0
893	500	2
894	500	19
895	500	25
896	500	0
897	500	17
898	500	24
899	500	0
900	500	0
901	500	0
902	500	91
903	500	2
904	500	0
905	500	4
906	500	2
907	500	6
908	500	35
909	500	12
910	500	19
911	500	11
912	500	0
913	500	0
914	500	10
915	500	11
916	500	0
917	500	4
918	500	10
919	500	1
920	500	35
921	500	2
922	500	0
923	500	0
924	500	20
925	500	29
926	500	7
927	500	10
928	500	17
929	500	6
930	500	0
931	500	14
932	500	10
933	500	15
934	500	5
935	500	23
936	500	11
937	500	3
938	500	4
939	500	24
940	500	5
941	500	5
942	500	0
943	500	0
944	500	0
945	500	0
946	500	0
947	500	6
948	500	7
949	500	0
950	500	0
951	500	0
952	500	121
953	500	8
954	500	8
955	500	10
956	500	8
957	500	37
958	500	36
959	500	22
960	500	19
961	500	20
962	500	11
963	500	14
964	500	0
965	500	6
966	500	14
967	500	5
968	500	2
969	500	5
970	500	11
971	500	18
972	500	19
973	500	19
974	500	18
975	500	7
976	500	9
977	500	3
978	500	0
979	500	0
980	500	0
981	500	11
982	500	31
983	500	13
984	500	29
985	500	32
986	500	24
987	500	17
988	500	1
989	500	0
990	500	0
991	500	20
992	500	11
993	500	0
994	500	2
995	500	4
996	500	24
997	500	15
998	500	7
999	500	11
