0	500	0
1	500	0
2	500	0
3	500	0
4	500	0
5	500	0
6	500	0
7	500	0
8	500	0
9	500	0
10	500	0
11	500	0
12	500	0
13	500	0
14	500	0
15	500	0
16	500	0
17	500	0
18	500	0
19	500	0
20	500	0
21	500	0
22	500	0
23	500	1
24	500	0
25	500	0
26	500	0
27	500	0
28	500	0
29	500	0
30	500	1
31	500	0
32	500	0
33	500	0
34	500	0
35	500	0
36	500	0
37	500	0
38	500	0
39	500	0
40	500	0
41	500	0
42	500	0
43	500	0
44	500	1
45	500	0
46	500	0
47	500	0
48	500	0
49	500	0
50	500	0
51	500	0
52	500	0
53	500	0
54	500	0
55	500	0
56	500	1
57	500	0
58	500	0
59	500	0
60	500	0
61	500	0
62	500	0
63	500	0
64	500	0
65	500	0
66	500	0
67	500	0
68	500	0
69	500	0
70	500	0
71	500	0
72	500	0
73	500	0
74	500	0
75	500	0
76	500	0
77	500	0
78	500	0
79	500	0
80	500	0
81	500	0
82	500	0
83	500	0
84	500	0
85	500	0
86	500	1
87	500	1
88	500	0
89	500	0
90	500	0
91	500	0
92	500	0
93	500	0
94	500	0
95	500	1
96	500	0
97	500	0
98	500	0
99	500	0
100	500	0
101	500	1
102	500	3
103	500	0
104	500	0
105	500	0
106	500	0
107	500	0
108	500	0
109	500	0
110	500	0
111	500	0
112	500	0
113	500	0
114	500	0
115	500	0
116	500	1
117	500	2
118	500	0
119	500	0
120	500	0
121	500	0
122	500	0
123	500	1
124	500	0
125	500	1
126	500	0
127	500	0
128	500	0
129	500	0
130	500	0
131	500	0
132	500	0
133	500	0
134	500	0
135	500	0
136	500	0
137	500	0
138	500	0
139	500	0
140	500	0
141	500	0
142	500	0
143	500	0
144	500	0
145	500	2
146	500	2
147	500	0
148	500	0
149	500	0
150	500	0
151	500	0
152	500	0
153	500	1
154	500	0
155	500	0
156	500	0
157	500	0
158	500	0
159	500	0
160	500	0
161	500	0
162	500	0
163	500	0
164	500	0
165	500	1
166	500	0
167	500	0
168	500	0
169	500	0
170	500	0
171	500	0
172	500	2
173	500	3
174	500	0
175	500	0
176	500	0
177	500	0
178	500	0
179	500	0
180	500	0
181	500	0
182	500	0
183	500	0
184	500	0
185	500	1
186	500	1
187	500	0
188	500	0
189	500	0
190	500	0
191	500	0
192	500	0
193	500	0
194	500	0
195	500	0
196	500	0
197	500	1
198	500	1
199	500	1
200	500	0
201	500	2
202	500	5
203	500	0
204	500	0
205	500	0
206	500	0
207	500	0
208	500	0
209	500	0
210	500	0
211	500	0
212	500	0
213	500	0
214	500	0
215	500	0
216	500	0
217	500	0
218	500	0
219	500	0
220	500	0
221	500	0
222	500	2
223	500	0
224	500	0
225	500	1
226	500	1
227	500	0
228	500	0
229	500	2
230	500	1
231	500	0
232	500	0
233	500	0
234	500	0
235	500	0
236	500	0
237	500	0
238	500	0
239	500	0
240	500	0
241	500	0
242	500	0
243	500	0
244	500	0
245	500	0
246	500	0
247	500	0
248	500	0
249	500	0
250	500	0
251	500	0
252	500	0
253	500	0
254	500	0
255	500	0
256	500	0
257	500	0
258	500	0
259	500	0
260	500	0
261	500	0
262	500	0
263	500	0
264	500	0
265	500	0
266	500	0
267	500	0
268	500	0
269	500	0
270	500	0
271	500	0
272	500	0
273	500	0
274	500	0
275	500	1
276	500	0
277	500	0
278	500	0
279	500	0
280	500	0
281	500	0
282	500	0
283	500	0
284	500	0
285	500	0
286	500	0
287	500	0
288	500	0
289	500	1
290	500	0
291	500	0
292	500	1
293	500	0
294	500	0
295	500	0
296	500	0
297	500	0
298	500	2
299	500	2
300	500	2
301	500	1
302	500	0
303	500	0
304	500	0
305	500	0
306	500	1
307	500	0
308	500	0
309	500	0
310	500	0
311	500	1
312	500	1
313	500	1
314	500	1
315	500	0
316	500	0
317	500	0
318	500	0
319	500	1
320	500	0
321	500	0
322	500	0
323	500	0
324	500	0
325	500	0
326	500	0
327	500	1
328	500	1
329	500	0
330	500	0
331	500	0
332	500	0
333	500	0
334	500	0
335	500	0
336	500	0
337	500	0
338	500	0
339	500	1
340	500	0
341	500	0
342	500	1
343	500	0
344	500	1
345	500	0
346	500	0
347	500	1
348	500	0
349	500	0
350	500	0
351	500	0
352	500	0
353	500	0
354	500	0
355	500	0
356	500	0
357	500	0
358	500	0
359	500	0
360	500	0
361	500	0
362	500	1
363	500	1
364	500	0
365	500	0
366	500	0
367	500	0
368	500	0
369	500	0
370	500	0
371	500	0
372	500	0
373	500	0
374	500	0
375	500	0
376	500	0
377	500	0
378	500	0
379	500	0
380	500	0
381	500	0
382	500	0
383	500	0
384	500	0
385	500	0
386	500	0
387	500	0
388	500	0
389	500	0
390	500	0
391	500	0
392	500	0
393	500	0
394	500	0
395	500	0
396	500	0
397	500	0
398	500	3
399	500	0
400	500	0
401	500	0
402	500	5
403	500	0
404	500	0
405	500	0
406	500	0
407	500	0
408	500	1
409	500	0
410	500	0
411	500	0
412	500	0
413	500	0
414	500	1
415	500	1
416	500	0
417	500	0
418	500	0
419	500	0
420	500	0
421	500	0
422	500	0
423	500	0
424	500	1
425	500	0
426	500	0
427	500	0
428	500	0
429	500	0
430	500	0
431	500	0
432	500	0
433	500	0
434	500	0
435	500	0
436	500	0
437	500	0
438	500	0
439	500	0
440	500	0
441	500	0
442	500	0
443	500	2
444	500	0
445	500	0
446	500	0
447	500	0
448	500	0
449	500	0
450	500	0
451	500	0
452	500	0
453	500	0
454	500	0
455	500	1
456	500	1
457	500	0
458	500	1
459	500	0
460	500	0
461	500	0
462	500	0
463	500	0
464	500	0
465	500	0
466	500	0
467	500	0
468	500	0
469	500	0
470	500	1
471	500	0
472	500	0
473	500	0
474	500	0
475	500	0
476	500	2
477	500	1
478	500	0
479	500	0
480	500	0
481	500	0
482	500	0
483	500	0
484	500	1
485	500	0
486	500	1
487	500	0
488	500	0
489	500	0
490	500	0
491	500	0
492	500	0
493	500	0
494	500	0
495	500	0
496	500	0
497	500	0
498	500	0
499	500	0
500	500	0
501	500	2
502	500	0
503	500	1
504	500	0
505	500	0
506	500	0
507	500	0
508	500	0
509	500	0
510	500	0
511	500	0
512	500	0
513	500	0
514	500	0
515	500	0
516	500	0
517	500	0
518	500	0
519	500	0
520	500	0
521	500	0
522	500	1
523	500	0
524	500	0
525	500	0
526	500	0
527	500	1
528	500	0
529	500	1
530	500	2
531	500	0
532	500	0
533	500	0
534	500	1
535	500	0
536	500	1
537	500	3
538	500	1
539	500	0
540	500	0
541	500	0
542	500	1
543	500	0
544	500	3
545	500	0
546	500	0
547	500	1
548	500	1
549	500	0
550	500	0
551	500	0
552	500	0
553	500	0
554	500	0
555	500	0
556	500	0
557	500	0
558	500	0
559	500	2
560	500	2
561	500	1
562	500	0
563	500	0
564	500	0
565	500	1
566	500	0
567	500	0
568	500	1
569	500	0
570	500	0
571	500	0
572	500	0
573	500	0
574	500	0
575	500	0
576	500	0
577	500	0
578	500	0
579	500	0
580	500	0
581	500	0
582	500	0
583	500	0
584	500	0
585	500	0
586	500	0
587	500	1
588	500	3
589	500	1
590	500	1
591	500	1
592	500	1
593	500	0
594	500	0
595	500	0
596	500	0
597	500	0
598	500	1
599	500	0
600	500	0
601	500	0
602	500	1
603	500	2
604	500	0
605	500	0
606	500	0
607	500	0
608	500	0
609	500	0
610	500	1
611	500	0
612	500	0
613	500	0
614	500	0
615	500	0
616	500	0
617	500	1
618	500	1
619	500	0
620	500	1
621	500	1
622	500	0
623	500	0
624	500	0
625	500	0
626	500	0
627	500	0
628	500	0
629	500	0
630	500	0
631	500	0
632	500	0
633	500	0
634	500	0
635	500	0
636	500	0
637	500	0
638	500	0
639	500	0
640	500	0
641	500	0
642	500	0
643	500	0
644	500	0
645	500	0
646	500	0
647	500	0
648	500	0
649	500	1
650	500	0
651	500	0
652	500	0
653	500	0
654	500	0
655	500	0
656	500	0
657	500	0
658	500	0
659	500	0
660	500	0
661	500	0
662	500	0
663	500	0
664	500	0
665	500	0
666	500	1
667	500	0
668	500	0
669	500	0
670	500	0
671	500	0
672	500	0
673	500	0
674	500	0
675	500	0
676	500	1
677	500	0
678	500	0
679	500	0
680	500	0
681	500	0
682	500	0
683	500	0
684	500	1
685	500	0
686	500	0
687	500	0
688	500	1
689	500	1
690	500	0
691	500	1
692	500	2
693	500	1
694	500	0
695	500	0
696	500	0
697	500	0
698	500	1
699	500	0
700	500	0
701	500	0
702	500	1
703	500	0
704	500	0
705	500	0
706	500	0
707	500	0
708	500	0
709	500	0
710	500	0
711	500	0
712	500	1
713	500	0
714	500	1
715	500	0
716	500	0
717	500	0
718	500	0
719	500	0
720	500	0
721	500	0
722	500	2
723	500	0
724	500	0
725	500	0
726	500	0
727	500	0
728	500	1
729	500	0
730	500	0
731	500	0
732	500	1
733	500	2
734	500	1
735	500	0
736	500	0
737	500	0
738	500	1
739	500	0
740	500	0
741	500	0
742	500	2
743	500	1
744	500	1
745	500	0
746	500	0
747	500	0
748	500	0
749	500	1
750	500	0
751	500	1
752	500	0
753	500	2
754	500	0
755	500	1
756	500	0
757	500	0
758	500	0
759	500	0
760	500	0
761	500	1
762	500	0
763	500	0
764	500	1
765	500	0
766	500	0
767	500	1
768	500	1
769	500	0
770	500	0
771	500	0
772	500	0
773	500	0
774	500	0
775	500	0
776	500	0
777	500	0
778	500	0
779	500	0
780	500	0
781	500	1
782	500	0
783	500	0
784	500	0
785	500	0
786	500	1
787	500	0
788	500	0
789	500	0
790	500	0
791	500	0
792	500	0
793	500	0
794	500	0
795	500	0
796	500	0
797	500	0
798	500	0
799	500	0
800	500	0
801	500	0
802	500	5
803	500	0
804	500	0
805	500	0
806	500	1
807	500	1
808	500	1
809	500	1
810	500	0
811	500	1
812	500	1
813	500	1
814	500	0
815	500	0
816	500	0
817	500	0
818	500	0
819	500	0
820	500	1
821	500	0
822	500	0
823	500	1
824	500	0
825	500	0
826	500	0
827	500	0
828	500	1
829	500	3
830	500	0
831	500	1
832	500	0
833	500	0
834	500	0
835	500	1
836	500	0
837	500	1
838	500	0
839	500	0
840	500	1
841	500	2
842	500	0
843	500	0
844	500	0
845	500	0
846	500	0
847	500	2
848	500	2
849	500	0
850	500	0
851	500	0
852	500	1
853	500	0
854	500	0
855	500	0
856	500	3
857	500	2
858	500	3
859	500	3
860	500	2
861	500	0
862	500	0
863	500	0
864	500	1
865	500	0
866	500	0
867	500	0
868	500	0
869	500	0
870	500	0
871	500	0
872	500	0
873	500	0
874	500	0
875	500	0
876	500	0
877	500	0
878	500	0
879	500	0
880	500	0
881	500	0
882	500	0
883	500	0
884	500	0
885	500	0
886	500	1
887	500	1
888	500	2
889	500	1
890	500	0
891	500	1
892	500	1
893	500	1
894	500	0
895	500	0
896	500	0
897	500	0
898	500	0
899	500	2
900	500	0
901	500	0
902	500	0
903	500	0
904	500	0
905	500	0
906	500	0
907	500	0
908	500	0
909	500	1
910	500	0
911	500	0
912	500	0
913	500	0
914	500	0
915	500	0
916	500	0
917	500	0
918	500	2
919	500	0
920	500	0
921	500	0
922	500	1
923	500	0
924	500	1
925	500	0
926	500	0
927	500	0
928	500	0
929	500	0
930	500	0
931	500	0
932	500	1
933	500	1
934	500	0
935	500	0
936	500	0
937	500	0
938	500	0
939	500	0
940	500	0
941	500	2
942	500	3
943	500	0
944	500	0
945	500	1
946	500	0
947	500	2
948	500	0
949	500	0
950	500	1
951	500	0
952	500	0
953	500	0
954	500	0
955	500	0
956	500	1
957	500	0
958	500	0
959	500	0
960	500	0
961	500	0
962	500	0
963	500	0
964	500	0
965	500	0
966	500	0
967	500	0
968	500	1
969	500	0
970	500	0
971	500	0
972	500	0
973	500	0
974	500	0
975	500	0
976	500	1
977	500	0
978	500	0
979	500	0
980	500	0
981	500	1
982	500	0
983	500	0
984	500	0
985	500	0
986	500	3
987	500	0
988	500	0
989	500	0
990	500	0
991	500	0
992	500	0
993	500	0
994	500	0
995	500	1
996	500	0
997	500	0
998	500	1
999	500	0
