0	500	0
1	500	0
2	500	0
3	500	0
4	500	0
5	500	1
6	500	0
7	500	0
8	500	0
9	500	0
10	500	0
11	500	0
12	500	0
13	500	0
14	500	0
15	500	0
16	500	1
17	500	0
18	500	0
19	500	0
20	500	0
21	500	0
22	500	0
23	500	0
24	500	0
25	500	0
26	500	0
27	500	3
28	500	0
29	500	0
30	500	1
31	500	0
32	500	0
33	500	0
34	500	0
35	500	0
36	500	1
37	500	0
38	500	0
39	500	2
40	500	0
41	500	1
42	500	2
43	500	1
44	500	1
45	500	0
46	500	1
47	500	1
48	500	0
49	500	0
50	500	0
51	500	0
52	500	6
53	500	1
54	500	0
55	500	0
56	500	0
57	500	0
58	500	0
59	500	0
60	500	0
61	500	0
62	500	0
63	500	0
64	500	0
65	500	0
66	500	0
67	500	0
68	500	0
69	500	0
70	500	0
71	500	1
72	500	1
73	500	0
74	500	0
75	500	1
76	500	2
77	500	2
78	500	1
79	500	0
80	500	0
81	500	0
82	500	2
83	500	2
84	500	0
85	500	0
86	500	0
87	500	0
88	500	0
89	500	0
90	500	0
91	500	1
92	500	0
93	500	0
94	500	0
95	500	0
96	500	0
97	500	0
98	500	0
99	500	0
100	500	0
101	500	0
102	500	1
103	500	1
104	500	0
105	500	0
106	500	0
107	500	0
108	500	0
109	500	0
110	500	0
111	500	0
112	500	0
113	500	0
114	500	0
115	500	2
116	500	0
117	500	0
118	500	1
119	500	2
120	500	2
121	500	0
122	500	0
123	500	0
124	500	0
125	500	1
126	500	0
127	500	0
128	500	1
129	500	0
130	500	1
131	500	0
132	500	1
133	500	1
134	500	2
135	500	0
136	500	1
137	500	0
138	500	0
139	500	0
140	500	1
141	500	2
142	500	2
143	500	1
144	500	0
145	500	0
146	500	0
147	500	0
148	500	0
149	500	0
150	500	0
151	500	0
152	500	4
153	500	1
154	500	0
155	500	1
156	500	0
157	500	0
158	500	0
159	500	1
160	500	0
161	500	0
162	500	0
163	500	0
164	500	0
165	500	0
166	500	0
167	500	0
168	500	1
169	500	0
170	500	0
171	500	0
172	500	0
173	500	0
174	500	0
175	500	0
176	500	3
177	500	0
178	500	1
179	500	1
180	500	1
181	500	0
182	500	0
183	500	0
184	500	0
185	500	0
186	500	0
187	500	1
188	500	0
189	500	0
190	500	1
191	500	0
192	500	0
193	500	0
194	500	0
195	500	0
196	500	0
197	500	0
198	500	1
199	500	0
200	500	0
201	500	0
202	500	5
203	500	1
204	500	0
205	500	0
206	500	0
207	500	0
208	500	1
209	500	0
210	500	0
211	500	0
212	500	0
213	500	0
214	500	2
215	500	0
216	500	1
217	500	1
218	500	0
219	500	1
220	500	1
221	500	1
222	500	0
223	500	0
224	500	0
225	500	0
226	500	0
227	500	0
228	500	0
229	500	0
230	500	0
231	500	0
232	500	0
233	500	0
234	500	0
235	500	2
236	500	0
237	500	0
238	500	0
239	500	0
240	500	0
241	500	1
242	500	1
243	500	0
244	500	0
245	500	0
246	500	0
247	500	0
248	500	0
249	500	1
250	500	0
251	500	0
252	500	3
253	500	0
254	500	0
255	500	0
256	500	0
257	500	0
258	500	1
259	500	0
260	500	0
261	500	1
262	500	1
263	500	0
264	500	1
265	500	2
266	500	0
267	500	0
268	500	0
269	500	0
270	500	0
271	500	0
272	500	0
273	500	0
274	500	2
275	500	0
276	500	0
277	500	0
278	500	1
279	500	0
280	500	0
281	500	1
282	500	2
283	500	0
284	500	0
285	500	2
286	500	1
287	500	0
288	500	0
289	500	0
290	500	0
291	500	1
292	500	0
293	500	0
294	500	0
295	500	0
296	500	0
297	500	0
298	500	2
299	500	0
300	500	0
301	500	0
302	500	4
303	500	0
304	500	0
305	500	0
306	500	0
307	500	0
308	500	1
309	500	1
310	500	1
311	500	0
312	500	0
313	500	0
314	500	2
315	500	2
316	500	0
317	500	1
318	500	2
319	500	1
320	500	0
321	500	0
322	500	1
323	500	2
324	500	0
325	500	0
326	500	0
327	500	0
328	500	1
329	500	1
330	500	2
331	500	0
332	500	0
333	500	0
334	500	1
335	500	1
336	500	0
337	500	0
338	500	0
339	500	0
340	500	0
341	500	0
342	500	0
343	500	0
344	500	0
345	500	0
346	500	0
347	500	1
348	500	0
349	500	0
350	500	0
351	500	0
352	500	2
353	500	2
354	500	0
355	500	0
356	500	0
357	500	0
358	500	0
359	500	0
360	500	0
361	500	0
362	500	0
363	500	1
364	500	1
365	500	1
366	500	2
367	500	3
368	500	2
369	500	3
370	500	0
371	500	1
372	500	0
373	500	1
374	500	2
375	500	0
376	500	0
377	500	0
378	500	0
379	500	0
380	500	0
381	500	0
382	500	0
383	500	0
384	500	0
385	500	0
386	500	1
387	500	1
388	500	2
389	500	1
390	500	0
391	500	0
392	500	0
393	500	0
394	500	0
395	500	2
396	500	0
397	500	0
398	500	0
399	500	0
400	500	0
401	500	0
402	500	6
403	500	3
404	500	1
405	500	0
406	500	0
407	500	0
408	500	0
409	500	0
410	500	0
411	500	0
412	500	0
413	500	1
414	500	0
415	500	1
416	500	0
417	500	1
418	500	0
419	500	0
420	500	0
421	500	0
422	500	1
423	500	0
424	500	1
425	500	0
426	500	0
427	500	0
428	500	0
429	500	0
430	500	0
431	500	1
432	500	0
433	500	0
434	500	1
435	500	0
436	500	0
437	500	0
438	500	0
439	500	0
440	500	0
441	500	0
442	500	0
443	500	0
444	500	0
445	500	2
446	500	0
447	500	0
448	500	0
449	500	0
450	500	0
451	500	0
452	500	5
453	500	0
454	500	0
455	500	1
456	500	0
457	500	0
458	500	0
459	500	0
460	500	0
461	500	0
462	500	0
463	500	0
464	500	2
465	500	0
466	500	0
467	500	0
468	500	0
469	500	1
470	500	2
471	500	1
472	500	0
473	500	0
474	500	0
475	500	0
476	500	0
477	500	0
478	500	0
479	500	0
480	500	0
481	500	0
482	500	2
483	500	0
484	500	0
485	500	0
486	500	0
487	500	1
488	500	2
489	500	1
490	500	3
491	500	0
492	500	0
493	500	0
494	500	0
495	500	0
496	500	0
497	500	0
498	500	0
499	500	0
500	500	0
501	500	0
502	500	2
503	500	1
504	500	0
505	500	0
506	500	0
507	500	0
508	500	0
509	500	0
510	500	0
511	500	0
512	500	0
513	500	1
514	500	0
515	500	0
516	500	1
517	500	0
518	500	0
519	500	0
520	500	0
521	500	0
522	500	1
523	500	0
524	500	1
525	500	0
526	500	0
527	500	0
528	500	0
529	500	0
530	500	0
531	500	0
532	500	0
533	500	1
534	500	0
535	500	0
536	500	0
537	500	0
538	500	0
539	500	1
540	500	0
541	500	0
542	500	0
543	500	0
544	500	0
545	500	0
546	500	0
547	500	0
548	500	0
549	500	0
550	500	0
551	500	0
552	500	5
553	500	3
554	500	0
555	500	0
556	500	1
557	500	0
558	500	0
559	500	0
560	500	0
561	500	1
562	500	1
563	500	0
564	500	1
565	500	0
566	500	3
567	500	0
568	500	1
569	500	0
570	500	0
571	500	0
572	500	0
573	500	2
574	500	0
575	500	0
576	500	0
577	500	0
578	500	0
579	500	0
580	500	0
581	500	1
582	500	2
583	500	1
584	500	1
585	500	0
586	500	0
587	500	0
588	500	0
589	500	0
590	500	0
591	500	0
592	500	1
593	500	0
594	500	0
595	500	1
596	500	0
597	500	0
598	500	0
599	500	0
600	500	0
601	500	0
602	500	1
603	500	0
604	500	0
605	500	1
606	500	0
607	500	0
608	500	0
609	500	0
610	500	0
611	500	0
612	500	0
613	500	1
614	500	0
615	500	0
616	500	0
617	500	0
618	500	0
619	500	1
620	500	1
621	500	0
622	500	0
623	500	1
624	500	0
625	500	1
626	500	2
627	500	1
628	500	0
629	500	0
630	500	0
631	500	0
632	500	2
633	500	1
634	500	0
635	500	2
636	500	1
637	500	0
638	500	0
639	500	0
640	500	0
641	500	0
642	500	0
643	500	0
644	500	0
645	500	0
646	500	0
647	500	0
648	500	0
649	500	0
650	500	0
651	500	0
652	500	5
653	500	0
654	500	0
655	500	0
656	500	1
657	500	1
658	500	0
659	500	0
660	500	0
661	500	0
662	500	0
663	500	0
664	500	0
665	500	0
666	500	0
667	500	0
668	500	0
669	500	0
670	500	0
671	500	0
672	500	0
673	500	0
674	500	0
675	500	1
676	500	0
677	500	0
678	500	0
679	500	1
680	500	0
681	500	0
682	500	0
683	500	0
684	500	0
685	500	0
686	500	1
687	500	0
688	500	0
689	500	0
690	500	1
691	500	0
692	500	0
693	500	0
694	500	0
695	500	0
696	500	1
697	500	1
698	500	0
699	500	0
700	500	0
701	500	1
702	500	2
703	500	1
704	500	0
705	500	0
706	500	0
707	500	0
708	500	0
709	500	1
710	500	0
711	500	0
712	500	0
713	500	1
714	500	2
715	500	1
716	500	0
717	500	1
718	500	2
719	500	1
720	500	0
721	500	3
722	500	0
723	500	0
724	500	1
725	500	0
726	500	1
727	500	0
728	500	0
729	500	0
730	500	0
731	500	0
732	500	0
733	500	0
734	500	0
735	500	0
736	500	2
737	500	1
738	500	0
739	500	0
740	500	0
741	500	2
742	500	0
743	500	0
744	500	1
745	500	0
746	500	1
747	500	0
748	500	0
749	500	0
750	500	0
751	500	0
752	500	4
753	500	0
754	500	0
755	500	2
756	500	0
757	500	0
758	500	0
759	500	0
760	500	0
761	500	1
762	500	0
763	500	0
764	500	0
765	500	0
766	500	0
767	500	0
768	500	0
769	500	0
770	500	0
771	500	0
772	500	0
773	500	0
774	500	3
775	500	1
776	500	0
777	500	0
778	500	0
779	500	0
780	500	0
781	500	0
782	500	0
783	500	0
784	500	0
785	500	0
786	500	0
787	500	0
788	500	0
789	500	0
790	500	1
791	500	1
792	500	0
793	500	2
794	500	1
795	500	0
796	500	0
797	500	0
798	500	0
799	500	0
800	500	0
801	500	0
802	500	2
803	500	2
804	500	1
805	500	0
806	500	0
807	500	2
808	500	1
809	500	0
810	500	0
811	500	0
812	500	0
813	500	0
814	500	0
815	500	0
816	500	0
817	500	0
818	500	0
819	500	0
820	500	0
821	500	0
822	500	1
823	500	0
824	500	0
825	500	0
826	500	1
827	500	1
828	500	0
829	500	0
830	500	0
831	500	0
832	500	0
833	500	0
834	500	0
835	500	0
836	500	0
837	500	0
838	500	0
839	500	0
840	500	0
841	500	0
842	500	0
843	500	0
844	500	0
845	500	2
846	500	1
847	500	0
848	500	0
849	500	0
850	500	0
851	500	1
852	500	2
853	500	1
854	500	0
855	500	0
856	500	0
857	500	0
858	500	0
859	500	0
860	500	2
861	500	0
862	500	1
863	500	0
864	500	0
865	500	1
866	500	1
867	500	0
868	500	0
869	500	2
870	500	1
871	500	0
872	500	0
873	500	0
874	500	0
875	500	0
876	500	0
877	500	0
878	500	0
879	500	1
880	500	0
881	500	0
882	500	0
883	500	1
884	500	0
885	500	1
886	500	2
887	500	1
888	500	1
889	500	1
890	500	1
891	500	0
892	500	0
893	500	2
894	500	0
895	500	0
896	500	0
897	500	0
898	500	0
899	500	0
900	500	0
901	500	0
902	500	5
903	500	1
904	500	0
905	500	0
906	500	0
907	500	2
908	500	0
909	500	0
910	500	0
911	500	0
912	500	0
913	500	0
914	500	0
915	500	0
916	500	0
917	500	0
918	500	1
919	500	0
920	500	0
921	500	0
922	500	0
923	500	0
924	500	0
925	500	0
926	500	0
927	500	0
928	500	0
929	500	0
930	500	2
931	500	4
932	500	1
933	500	0
934	500	1
935	500	1
936	500	2
937	500	1
938	500	0
939	500	3
940	500	1
941	500	0
942	500	0
943	500	0
944	500	0
945	500	0
946	500	0
947	500	0
948	500	0
949	500	0
950	500	0
951	500	0
952	500	1
953	500	2
954	500	0
955	500	0
956	500	0
957	500	0
958	500	0
959	500	0
960	500	0
961	500	0
962	500	1
963	500	0
964	500	0
965	500	0
966	500	0
967	500	0
968	500	0
969	500	0
970	500	1
971	500	0
972	500	0
973	500	0
974	500	0
975	500	1
976	500	0
977	500	1
978	500	1
979	500	1
980	500	0
981	500	1
982	500	0
983	500	1
984	500	1
985	500	0
986	500	0
987	500	0
988	500	1
989	500	3
990	500	2
991	500	0
992	500	1
993	500	0
994	500	0
995	500	1
996	500	1
997	500	0
998	500	0
999	500	0
