0	2000	0
1	2000	9
2	2000	0
3	2000	36
4	2000	0
5	2000	6
6	2000	0
7	2000	0
8	2000	6
9	2000	0
10	2000	1
11	2000	6
12	2000	1
13	2000	0
14	2000	0
15	2000	0
16	2000	23
17	2000	0
18	2000	10
19	2000	18
20	2000	0
21	2000	0
22	2000	0
23	2000	14
24	2000	0
25	2000	3
26	2000	0
27	2000	0
28	2000	0
29	2000	4
30	2000	8
31	2000	0
32	2000	0
33	2000	0
34	2000	13
35	2000	31
36	2000	12
37	2000	3
38	2000	1
39	2000	0
40	2000	0
41	2000	14
42	2000	0
43	2000	0
44	2000	14
45	2000	8
46	2000	0
47	2000	0
48	2000	0
49	2000	3
50	2000	0
51	2000	0
52	2000	0
53	2000	0
54	2000	0
55	2000	47
56	2000	59
57	2000	12
58	2000	0
59	2000	0
60	2000	0
61	2000	31
62	2000	19
63	2000	3
64	2000	33
65	2000	32
66	2000	8
67	2000	5
68	2000	0
69	2000	0
70	2000	16
71	2000	44
72	2000	0
73	2000	26
74	2000	2
75	2000	0
76	2000	0
77	2000	28
78	2000	16
79	2000	0
80	2000	4
81	2000	4
82	2000	25
83	2000	49
84	2000	2
85	2000	0
86	2000	21
87	2000	0
88	2000	0
89	2000	0
90	2000	0
91	2000	6
92	2000	0
93	2000	32
94	2000	12
95	2000	1
96	2000	0
97	2000	0
98	2000	0
99	2000	18
100	2000	1
101	2000	1
102	2000	0
103	2000	0
104	2000	10
105	2000	0
106	2000	0
107	2000	12
108	2000	1
109	2000	0
110	2000	0
111	2000	1
112	2000	3
113	2000	0
114	2000	35
115	2000	12
116	2000	0
117	2000	17
118	2000	0
119	2000	0
120	2000	6
121	2000	48
122	2000	58
123	2000	20
124	2000	0
125	2000	25
126	2000	9
127	2000	0
128	2000	0
129	2000	6
130	2000	42
131	2000	0
132	2000	0
133	2000	14
134	2000	13
135	2000	3
136	2000	0
137	2000	5
138	2000	0
139	2000	13
140	2000	29
141	2000	24
142	2000	1
143	2000	15
144	2000	35
145	2000	20
146	2000	5
147	2000	51
148	2000	32
149	2000	12
150	2000	0
151	2000	5
152	2000	0
153	2000	0
154	2000	0
155	2000	0
156	2000	0
157	2000	0
158	2000	0
159	2000	0
160	2000	0
161	2000	5
162	2000	0
163	2000	0
164	2000	0
165	2000	0
166	2000	18
167	2000	49
168	2000	29
169	2000	28
170	2000	29
171	2000	2
172	2000	0
173	2000	32
174	2000	1
175	2000	4
176	2000	16
177	2000	0
178	2000	2
179	2000	9
180	2000	0
181	2000	3
182	2000	4
183	2000	0
184	2000	0
185	2000	0
186	2000	0
187	2000	20
188	2000	9
189	2000	0
190	2000	0
191	2000	0
192	2000	8
193	2000	5
194	2000	2
195	2000	0
196	2000	32
197	2000	6
198	2000	5
199	2000	12
200	2000	52
201	2000	0
202	2000	696
203	2000	190
204	2000	10
205	2000	0
206	2000	0
207	2000	0
208	2000	18
209	2000	28
210	2000	0
211	2000	0
212	2000	0
213	2000	1
214	2000	4
215	2000	0
216	2000	0
217	2000	0
218	2000	0
219	2000	5
220	2000	46
221	2000	40
222	2000	28
223	2000	7
224	2000	0
225	2000	17
226	2000	2
227	2000	36
228	2000	8
229	2000	3
230	2000	8
231	2000	4
232	2000	1
233	2000	3
234	2000	0
235	2000	4
236	2000	1
237	2000	33
238	2000	20
239	2000	0
240	2000	0
241	2000	19
242	2000	2
243	2000	0
244	2000	7
245	2000	0
246	2000	0
247	2000	29
248	2000	43
249	2000	12
250	2000	0
251	2000	9
252	2000	0
253	2000	0
254	2000	5
255	2000	16
256	2000	1
257	2000	0
258	2000	0
259	2000	30
260	2000	81
261	2000	22
262	2000	0
263	2000	0
264	2000	0
265	2000	33
266	2000	3
267	2000	0
268	2000	0
269	2000	5
270	2000	5
271	2000	2
272	2000	18
273	2000	0
274	2000	5
275	2000	3
276	2000	32
277	2000	28
278	2000	3
279	2000	33
280	2000	9
281	2000	9
282	2000	18
283	2000	0
284	2000	2
285	2000	7
286	2000	0
287	2000	0
288	2000	2
289	2000	0
290	2000	0
291	2000	0
292	2000	0
293	2000	0
294	2000	15
295	2000	2
296	2000	10
297	2000	6
298	2000	0
299	2000	0
300	2000	0
301	2000	0
302	2000	0
303	2000	29
304	2000	1
305	2000	0
306	2000	15
307	2000	9
308	2000	0
309	2000	10
310	2000	0
311	2000	1
312	2000	0
313	2000	32
314	2000	0
315	2000	3
316	2000	7
317	2000	27
318	2000	28
319	2000	2
320	2000	0
321	2000	0
322	2000	0
323	2000	25
324	2000	12
325	2000	0
326	2000	1
327	2000	0
328	2000	0
329	2000	18
330	2000	49
331	2000	39
332	2000	7
333	2000	0
334	2000	0
335	2000	0
336	2000	0
337	2000	0
338	2000	7
339	2000	0
340	2000	1
341	2000	8
342	2000	0
343	2000	0
344	2000	0
345	2000	1
346	2000	2
347	2000	3
348	2000	0
349	2000	0
350	2000	0
351	2000	0
352	2000	0
353	2000	0
354	2000	0
355	2000	0
356	2000	0
357	2000	2
358	2000	4
359	2000	13
360	2000	0
361	2000	2
362	2000	17
363	2000	1
364	2000	0
365	2000	0
366	2000	0
367	2000	6
368	2000	0
369	2000	3
370	2000	0
371	2000	0
372	2000	0
373	2000	0
374	2000	0
375	2000	0
376	2000	0
377	2000	0
378	2000	0
379	2000	0
380	2000	6
381	2000	0
382	2000	0
383	2000	12
384	2000	11
385	2000	8
386	2000	3
387	2000	18
388	2000	1
389	2000	21
390	2000	2
391	2000	0
392	2000	0
393	2000	0
394	2000	0
395	2000	0
396	2000	0
397	2000	0
398	2000	0
399	2000	0
400	2000	36
401	2000	0
402	2000	612
403	2000	117
404	2000	3
405	2000	0
406	2000	0
407	2000	32
408	2000	2
409	2000	8
410	2000	2
411	2000	0
412	2000	0
413	2000	0
414	2000	0
415	2000	35
416	2000	21
417	2000	0
418	2000	0
419	2000	6
420	2000	0
421	2000	0
422	2000	9
423	2000	25
424	2000	8
425	2000	13
426	2000	20
427	2000	0
428	2000	0
429	2000	73
430	2000	3
431	2000	0
432	2000	7
433	2000	3
434	2000	4
435	2000	10
436	2000	19
437	2000	0
438	2000	0
439	2000	0
440	2000	25
441	2000	43
442	2000	32
443	2000	12
444	2000	0
445	2000	2
446	2000	3
447	2000	19
448	2000	29
449	2000	0
450	2000	2
451	2000	0
452	2000	0
453	2000	0
454	2000	0
455	2000	2
456	2000	8
457	2000	0
458	2000	0
459	2000	42
460	2000	26
461	2000	0
462	2000	0
463	2000	0
464	2000	0
465	2000	4
466	2000	24
467	2000	14
468	2000	16
469	2000	37
470	2000	8
471	2000	18
472	2000	4
473	2000	6
474	2000	0
475	2000	25
476	2000	41
477	2000	1
478	2000	0
479	2000	0
480	2000	2
481	2000	1
482	2000	0
483	2000	1
484	2000	0
485	2000	0
486	2000	15
487	2000	18
488	2000	59
489	2000	24
490	2000	0
491	2000	0
492	2000	0
493	2000	4
494	2000	10
495	2000	0
496	2000	2
497	2000	0
498	2000	0
499	2000	2
500	2000	1
501	2000	17
502	2000	0
503	2000	0
504	2000	0
505	2000	1
506	2000	0
507	2000	5
508	2000	36
509	2000	20
510	2000	0
511	2000	24
512	2000	29
513	2000	6
514	2000	3
515	2000	0
516	2000	0
517	2000	0
518	2000	0
519	2000	0
520	2000	0
521	2000	24
522	2000	0
523	2000	0
524	2000	11
525	2000	47
526	2000	2
527	2000	0
528	2000	0
529	2000	2
530	2000	1
531	2000	0
532	2000	0
533	2000	0
534	2000	5
535	2000	46
536	2000	0
537	2000	0
538	2000	7
539	2000	2
540	2000	0
541	2000	0
542	2000	28
543	2000	10
544	2000	14
545	2000	7
546	2000	20
547	2000	1
548	2000	0
549	2000	0
550	2000	0
551	2000	2
552	2000	1
553	2000	9
554	2000	0
555	2000	0
556	2000	0
557	2000	62
558	2000	15
559	2000	0
560	2000	0
561	2000	0
562	2000	0
563	2000	17
564	2000	5
565	2000	0
566	2000	3
567	2000	1
568	2000	0
569	2000	0
570	2000	0
571	2000	3
572	2000	0
573	2000	0
574	2000	0
575	2000	0
576	2000	0
577	2000	13
578	2000	7
579	2000	0
580	2000	0
581	2000	6
582	2000	1
583	2000	7
584	2000	7
585	2000	0
586	2000	13
587	2000	5
588	2000	21
589	2000	0
590	2000	2
591	2000	52
592	2000	22
593	2000	0
594	2000	0
595	2000	11
596	2000	52
597	2000	71
598	2000	46
599	2000	12
600	2000	0
601	2000	0
602	2000	640
603	2000	121
604	2000	0
605	2000	2
606	2000	0
607	2000	0
608	2000	1
609	2000	0
610	2000	0
611	2000	0
612	2000	5
613	2000	0
614	2000	2
615	2000	3
616	2000	3
617	2000	10
618	2000	0
619	2000	0
620	2000	0
621	2000	13
622	2000	32
623	2000	0
624	2000	0
625	2000	3
626	2000	0
627	2000	0
628	2000	0
629	2000	0
630	2000	14
631	2000	0
632	2000	0
633	2000	0
634	2000	0
635	2000	0
636	2000	6
637	2000	18
638	2000	3
639	2000	19
640	2000	0
641	2000	31
642	2000	8
643	2000	18
644	2000	0
645	2000	0
646	2000	0
647	2000	42
648	2000	11
649	2000	0
650	2000	7
651	2000	0
652	2000	17
653	2000	43
654	2000	36
655	2000	26
656	2000	4
657	2000	0
658	2000	0
659	2000	13
660	2000	42
661	2000	1
662	2000	0
663	2000	0
664	2000	0
665	2000	0
666	2000	21
667	2000	0
668	2000	12
669	2000	28
670	2000	1
671	2000	0
672	2000	27
673	2000	46
674	2000	19
675	2000	24
676	2000	26
677	2000	0
678	2000	5
679	2000	9
680	2000	2
681	2000	0
682	2000	0
683	2000	5
684	2000	0
685	2000	6
686	2000	0
687	2000	4
688	2000	14
689	2000	0
690	2000	0
691	2000	0
692	2000	0
693	2000	0
694	2000	22
695	2000	21
696	2000	0
697	2000	3
698	2000	17
699	2000	2
700	2000	25
701	2000	5
702	2000	8
703	2000	16
704	2000	4
705	2000	0
706	2000	0
707	2000	0
708	2000	0
709	2000	24
710	2000	32
711	2000	0
712	2000	13
713	2000	20
714	2000	0
715	2000	3
716	2000	13
717	2000	0
718	2000	0
719	2000	0
720	2000	35
721	2000	17
722	2000	0
723	2000	0
724	2000	0
725	2000	2
726	2000	0
727	2000	0
728	2000	25
729	2000	6
730	2000	0
731	2000	0
732	2000	0
733	2000	0
734	2000	0
735	2000	0
736	2000	0
737	2000	0
738	2000	0
739	2000	0
740	2000	0
741	2000	5
742	2000	0
743	2000	0
744	2000	0
745	2000	9
746	2000	24
747	2000	0
748	2000	0
749	2000	0
750	2000	0
751	2000	0
752	2000	0
753	2000	1
754	2000	0
755	2000	0
756	2000	3
757	2000	0
758	2000	0
759	2000	0
760	2000	0
761	2000	12
762	2000	8
763	2000	3
764	2000	0
765	2000	29
766	2000	25
767	2000	34
768	2000	4
769	2000	0
770	2000	0
771	2000	39
772	2000	8
773	2000	0
774	2000	30
775	2000	9
776	2000	0
777	2000	0
778	2000	27
779	2000	4
780	2000	0
781	2000	0
782	2000	0
783	2000	0
784	2000	20
785	2000	1
786	2000	0
787	2000	0
788	2000	0
789	2000	0
790	2000	0
791	2000	0
792	2000	10
793	2000	2
794	2000	8
795	2000	20
796	2000	3
797	2000	0
798	2000	0
799	2000	0
800	2000	7
801	2000	0
802	2000	644
803	2000	152
804	2000	39
805	2000	31
806	2000	0
807	2000	3
808	2000	0
809	2000	1
810	2000	4
811	2000	1
812	2000	0
813	2000	8
814	2000	1
815	2000	0
816	2000	0
817	2000	0
818	2000	0
819	2000	39
820	2000	4
821	2000	0
822	2000	0
823	2000	0
824	2000	10
825	2000	12
826	2000	17
827	2000	1
828	2000	0
829	2000	17
830	2000	2
831	2000	39
832	2000	16
833	2000	0
834	2000	18
835	2000	2
836	2000	11
837	2000	35
838	2000	24
839	2000	6
840	2000	0
841	2000	0
842	2000	0
843	2000	2
844	2000	0
845	2000	0
846	2000	0
847	2000	0
848	2000	0
849	2000	6
850	2000	27
851	2000	17
852	2000	22
853	2000	0
854	2000	0
855	2000	0
856	2000	28
857	2000	0
858	2000	12
859	2000	0
860	2000	0
861	2000	39
862	2000	3
863	2000	4
864	2000	0
865	2000	0
866	2000	4
867	2000	0
868	2000	0
869	2000	3
870	2000	46
871	2000	5
872	2000	22
873	2000	59
874	2000	0
875	2000	0
876	2000	0
877	2000	0
878	2000	0
879	2000	0
880	2000	0
881	2000	3
882	2000	41
883	2000	3
884	2000	0
885	2000	0
886	2000	0
887	2000	0
888	2000	56
889	2000	33
890	2000	10
891	2000	0
892	2000	0
893	2000	0
894	2000	0
895	2000	12
896	2000	0
897	2000	0
898	2000	0
899	2000	0
900	2000	0
901	2000	6
902	2000	1
903	2000	10
904	2000	0
905	2000	0
906	2000	26
907	2000	6
908	2000	0
909	2000	0
910	2000	15
911	2000	22
912	2000	0
913	2000	0
914	2000	0
915	2000	0
916	2000	0
917	2000	0
918	2000	1
919	2000	8
920	2000	21
921	2000	0
922	2000	8
923	2000	8
924	2000	1
925	2000	3
926	2000	0
927	2000	38
928	2000	26
929	2000	2
930	2000	24
931	2000	18
932	2000	0
933	2000	0
934	2000	1
935	2000	0
936	2000	0
937	2000	16
938	2000	11
939	2000	9
940	2000	1
941	2000	0
942	2000	0
943	2000	8
944	2000	0
945	2000	0
946	2000	2
947	2000	3
948	2000	0
949	2000	0
950	2000	0
951	2000	0
952	2000	0
953	2000	0
954	2000	0
955	2000	0
956	2000	1
957	2000	16
958	2000	6
959	2000	5
960	2000	7
961	2000	10
962	2000	14
963	2000	9
964	2000	3
965	2000	0
966	2000	0
967	2000	1
968	2000	0
969	2000	0
970	2000	17
971	2000	8
972	2000	0
973	2000	5
974	2000	0
975	2000	2
976	2000	0
977	2000	0
978	2000	0
979	2000	0
980	2000	0
981	2000	12
982	2000	22
983	2000	31
984	2000	4
985	2000	19
986	2000	54
987	2000	3
988	2000	3
989	2000	0
990	2000	2
991	2000	3
992	2000	0
993	2000	0
994	2000	0
995	2000	0
996	2000	0
997	2000	0
998	2000	1
999	2000	0
