0	2000	0
1	2000	0
2	2000	0
3	2000	0
4	2000	10
5	2000	2
6	2000	14
7	2000	9
8	2000	5
9	2000	12
10	2000	0
11	2000	0
12	2000	2
13	2000	0
14	2000	11
15	2000	24
16	2000	13
17	2000	23
18	2000	7
19	2000	0
20	2000	0
21	2000	0
22	2000	0
23	2000	0
24	2000	0
25	2000	1
26	2000	17
27	2000	4
28	2000	2
29	2000	23
30	2000	29
31	2000	13
32	2000	0
33	2000	1
34	2000	4
35	2000	7
36	2000	5
37	2000	0
38	2000	0
39	2000	0
40	2000	0
41	2000	23
42	2000	17
43	2000	17
44	2000	8
45	2000	0
46	2000	4
47	2000	0
48	2000	1
49	2000	3
50	2000	0
51	2000	1
52	2000	304
53	2000	91
54	2000	3
55	2000	0
56	2000	0
57	2000	0
58	2000	1
59	2000	0
60	2000	4
61	2000	2
62	2000	25
63	2000	18
64	2000	5
65	2000	0
66	2000	1
67	2000	0
68	2000	6
69	2000	7
70	2000	0
71	2000	9
72	2000	0
73	2000	0
74	2000	6
75	2000	20
76	2000	0
77	2000	14
78	2000	28
79	2000	39
80	2000	33
81	2000	16
82	2000	0
83	2000	11
84	2000	0
85	2000	7
86	2000	27
87	2000	20
88	2000	6
89	2000	10
90	2000	0
91	2000	2
92	2000	9
93	2000	0
94	2000	5
95	2000	0
96	2000	2
97	2000	1
98	2000	0
99	2000	1
100	2000	10
101	2000	0
102	2000	335
103	2000	109
104	2000	23
105	2000	5
106	2000	17
107	2000	9
108	2000	25
109	2000	0
110	2000	0
111	2000	4
112	2000	0
113	2000	1
114	2000	0
115	2000	1
116	2000	0
117	2000	3
118	2000	1
119	2000	0
120	2000	0
121	2000	0
122	2000	2
123	2000	2
124	2000	0
125	2000	0
126	2000	1
127	2000	2
128	2000	2
129	2000	0
130	2000	0
131	2000	0
132	2000	0
133	2000	1
134	2000	0
135	2000	18
136	2000	27
137	2000	13
138	2000	1
139	2000	0
140	2000	0
141	2000	2
142	2000	17
143	2000	28
144	2000	11
145	2000	5
146	2000	6
147	2000	13
148	2000	0
149	2000	0
150	2000	0
151	2000	0
152	2000	312
153	2000	125
154	2000	28
155	2000	0
156	2000	0
157	2000	9
158	2000	11
159	2000	1
160	2000	16
161	2000	2
162	2000	0
163	2000	0
164	2000	0
165	2000	6
166	2000	9
167	2000	0
168	2000	0
169	2000	0
170	2000	7
171	2000	5
172	2000	1
173	2000	0
174	2000	0
175	2000	5
176	2000	15
177	2000	12
178	2000	12
179	2000	30
180	2000	1
181	2000	0
182	2000	0
183	2000	30
184	2000	10
185	2000	0
186	2000	0
187	2000	0
188	2000	0
189	2000	0
190	2000	0
191	2000	1
192	2000	0
193	2000	1
194	2000	7
195	2000	0
196	2000	5
197	2000	2
198	2000	0
199	2000	0
200	2000	0
201	2000	0
202	2000	329
203	2000	77
204	2000	17
205	2000	29
206	2000	2
207	2000	0
208	2000	15
209	2000	6
210	2000	18
211	2000	1
212	2000	0
213	2000	5
214	2000	12
215	2000	0
216	2000	6
217	2000	13
218	2000	6
219	2000	9
220	2000	4
221	2000	9
222	2000	12
223	2000	0
224	2000	6
225	2000	2
226	2000	0
227	2000	13
228	2000	10
229	2000	1
230	2000	0
231	2000	6
232	2000	0
233	2000	0
234	2000	2
235	2000	32
236	2000	34
237	2000	0
238	2000	2
239	2000	2
240	2000	0
241	2000	0
242	2000	0
243	2000	2
244	2000	0
245	2000	5
246	2000	0
247	2000	2
248	2000	0
249	2000	8
250	2000	21
251	2000	0
252	2000	280
253	2000	111
254	2000	48
255	2000	10
256	2000	0
257	2000	3
258	2000	0
259	2000	0
260	2000	4
261	2000	8
262	2000	17
263	2000	0
264	2000	0
265	2000	0
266	2000	0
267	2000	1
268	2000	0
269	2000	0
270	2000	4
271	2000	4
272	2000	0
273	2000	0
274	2000	8
275	2000	0
276	2000	0
277	2000	0
278	2000	0
279	2000	0
280	2000	2
281	2000	0
282	2000	0
283	2000	4
284	2000	0
285	2000	1
286	2000	5
287	2000	10
288	2000	17
289	2000	4
290	2000	1
291	2000	4
292	2000	20
293	2000	7
294	2000	0
295	2000	3
296	2000	7
297	2000	0
298	2000	2
299	2000	0
300	2000	0
301	2000	0
302	2000	314
303	2000	92
304	2000	1
305	2000	9
306	2000	1
307	2000	0
308	2000	0
309	2000	14
310	2000	17
311	2000	1
312	2000	0
313	2000	3
314	2000	0
315	2000	4
316	2000	0
317	2000	0
318	2000	7
319	2000	4
320	2000	0
321	2000	0
322	2000	2
323	2000	3
324	2000	0
325	2000	0
326	2000	0
327	2000	0
328	2000	0
329	2000	0
330	2000	1
331	2000	0
332	2000	0
333	2000	12
334	2000	6
335	2000	0
336	2000	1
337	2000	0
338	2000	0
339	2000	0
340	2000	0
341	2000	0
342	2000	0
343	2000	0
344	2000	5
345	2000	0
346	2000	0
347	2000	0
348	2000	0
349	2000	1
350	2000	0
351	2000	0
352	2000	350
353	2000	105
354	2000	18
355	2000	0
356	2000	0
357	2000	3
358	2000	0
359	2000	17
360	2000	0
361	2000	0
362	2000	0
363	2000	0
364	2000	0
365	2000	0
366	2000	8
367	2000	5
368	2000	0
369	2000	12
370	2000	2
371	2000	9
372	2000	8
373	2000	0
374	2000	13
375	2000	3
376	2000	0
377	2000	0
378	2000	0
379	2000	1
380	2000	9
381	2000	13
382	2000	10
383	2000	0
384	2000	0
385	2000	0
386	2000	0
387	2000	0
388	2000	0
389	2000	0
390	2000	11
391	2000	12
392	2000	6
393	2000	0
394	2000	8
395	2000	3
396	2000	0
397	2000	0
398	2000	8
399	2000	4
400	2000	0
401	2000	0
402	2000	323
403	2000	148
404	2000	52
405	2000	0
406	2000	0
407	2000	0
408	2000	2
409	2000	0
410	2000	11
411	2000	0
412	2000	3
413	2000	12
414	2000	10
415	2000	12
416	2000	5
417	2000	0
418	2000	0
419	2000	0
420	2000	5
421	2000	6
422	2000	27
423	2000	15
424	2000	10
425	2000	4
426	2000	0
427	2000	0
428	2000	0
429	2000	0
430	2000	0
431	2000	0
432	2000	0
433	2000	2
434	2000	2
435	2000	0
436	2000	2
437	2000	10
438	2000	29
439	2000	1
440	2000	0
441	2000	0
442	2000	6
443	2000	0
444	2000	4
445	2000	0
446	2000	8
447	2000	6
448	2000	3
449	2000	24
450	2000	18
451	2000	0
452	2000	299
453	2000	81
454	2000	24
455	2000	0
456	2000	6
457	2000	2
458	2000	27
459	2000	9
460	2000	0
461	2000	0
462	2000	0
463	2000	6
464	2000	13
465	2000	0
466	2000	8
467	2000	0
468	2000	0
469	2000	0
470	2000	0
471	2000	0
472	2000	0
473	2000	10
474	2000	27
475	2000	2
476	2000	0
477	2000	7
478	2000	0
479	2000	0
480	2000	0
481	2000	2
482	2000	5
483	2000	2
484	2000	0
485	2000	0
486	2000	0
487	2000	4
488	2000	3
489	2000	0
490	2000	8
491	2000	14
492	2000	3
493	2000	0
494	2000	0
495	2000	26
496	2000	19
497	2000	0
498	2000	0
499	2000	0
500	2000	17
501	2000	0
502	2000	288
503	2000	108
504	2000	1
505	2000	0
506	2000	1
507	2000	0
508	2000	0
509	2000	0
510	2000	0
511	2000	2
512	2000	14
513	2000	13
514	2000	14
515	2000	18
516	2000	11
517	2000	0
518	2000	0
519	2000	4
520	2000	6
521	2000	1
522	2000	0
523	2000	0
524	2000	0
525	2000	0
526	2000	0
527	2000	0
528	2000	1
529	2000	0
530	2000	0
531	2000	3
532	2000	4
533	2000	3
534	2000	0
535	2000	0
536	2000	3
537	2000	0
538	2000	0
539	2000	0
540	2000	0
541	2000	0
542	2000	0
543	2000	5
544	2000	12
545	2000	12
546	2000	0
547	2000	0
548	2000	0
549	2000	0
550	2000	0
551	2000	0
552	2000	282
553	2000	56
554	2000	0
555	2000	0
556	2000	0
557	2000	0
558	2000	0
559	2000	5
560	2000	9
561	2000	0
562	2000	1
563	2000	1
564	2000	23
565	2000	17
566	2000	4
567	2000	4
568	2000	0
569	2000	0
570	2000	3
571	2000	10
572	2000	0
573	2000	6
574	2000	3
575	2000	0
576	2000	10
577	2000	0
578	2000	31
579	2000	6
580	2000	0
581	2000	15
582	2000	0
583	2000	0
584	2000	0
585	2000	0
586	2000	0
587	2000	4
588	2000	0
589	2000	0
590	2000	0
591	2000	0
592	2000	0
593	2000	0
594	2000	0
595	2000	0
596	2000	13
597	2000	1
598	2000	0
599	2000	1
600	2000	8
601	2000	0
602	2000	335
603	2000	65
604	2000	0
605	2000	2
606	2000	1
607	2000	0
608	2000	2
609	2000	0
610	2000	0
611	2000	1
612	2000	0
613	2000	0
614	2000	0
615	2000	4
616	2000	11
617	2000	13
618	2000	0
619	2000	0
620	2000	0
621	2000	0
622	2000	66
623	2000	15
624	2000	0
625	2000	0
626	2000	0
627	2000	0
628	2000	0
629	2000	0
630	2000	0
631	2000	10
632	2000	1
633	2000	0
634	2000	15
635	2000	19
636	2000	14
637	2000	1
638	2000	2
639	2000	0
640	2000	0
641	2000	3
642	2000	13
643	2000	0
644	2000	2
645	2000	0
646	2000	0
647	2000	2
648	2000	1
649	2000	0
650	2000	0
651	2000	0
652	2000	225
653	2000	72
654	2000	6
655	2000	0
656	2000	14
657	2000	9
658	2000	0
659	2000	0
660	2000	0
661	2000	0
662	2000	0
663	2000	0
664	2000	4
665	2000	0
666	2000	2
667	2000	1
668	2000	15
669	2000	4
670	2000	0
671	2000	22
672	2000	13
673	2000	0
674	2000	23
675	2000	18
676	2000	9
677	2000	0
678	2000	0
679	2000	0
680	2000	18
681	2000	23
682	2000	13
683	2000	0
684	2000	0
685	2000	1
686	2000	0
687	2000	0
688	2000	0
689	2000	7
690	2000	19
691	2000	4
692	2000	0
693	2000	0
694	2000	0
695	2000	3
696	2000	3
697	2000	0
698	2000	17
699	2000	4
700	2000	0
701	2000	0
702	2000	279
703	2000	90
704	2000	2
705	2000	0
706	2000	0
707	2000	1
708	2000	0
709	2000	0
710	2000	0
711	2000	0
712	2000	0
713	2000	1
714	2000	4
715	2000	2
716	2000	0
717	2000	4
718	2000	0
719	2000	0
720	2000	0
721	2000	0
722	2000	0
723	2000	0
724	2000	0
725	2000	22
726	2000	33
727	2000	1
728	2000	0
729	2000	9
730	2000	0
731	2000	0
732	2000	0
733	2000	0
734	2000	0
735	2000	0
736	2000	0
737	2000	0
738	2000	6
739	2000	37
740	2000	15
741	2000	0
742	2000	1
743	2000	0
744	2000	0
745	2000	0
746	2000	1
747	2000	25
748	2000	32
749	2000	6
750	2000	0
751	2000	0
752	2000	253
753	2000	68
754	2000	1
755	2000	0
756	2000	0
757	2000	0
758	2000	6
759	2000	6
760	2000	7
761	2000	0
762	2000	0
763	2000	30
764	2000	7
765	2000	13
766	2000	0
767	2000	0
768	2000	0
769	2000	0
770	2000	0
771	2000	12
772	2000	15
773	2000	2
774	2000	23
775	2000	31
776	2000	0
777	2000	0
778	2000	0
779	2000	0
780	2000	0
781	2000	0
782	2000	1
783	2000	0
784	2000	7
785	2000	3
786	2000	0
787	2000	0
788	2000	8
789	2000	21
790	2000	9
791	2000	2
792	2000	0
793	2000	0
794	2000	0
795	2000	12
796	2000	9
797	2000	0
798	2000	14
799	2000	17
800	2000	25
801	2000	0
802	2000	275
803	2000	81
804	2000	20
805	2000	0
806	2000	0
807	2000	0
808	2000	1
809	2000	13
810	2000	3
811	2000	0
812	2000	0
813	2000	11
814	2000	4
815	2000	0
816	2000	0
817	2000	0
818	2000	7
819	2000	14
820	2000	0
821	2000	0
822	2000	0
823	2000	0
824	2000	4
825	2000	0
826	2000	2
827	2000	17
828	2000	25
829	2000	1
830	2000	0
831	2000	0
832	2000	1
833	2000	7
834	2000	0
835	2000	1
836	2000	12
837	2000	3
838	2000	0
839	2000	8
840	2000	34
841	2000	17
842	2000	4
843	2000	0
844	2000	0
845	2000	3
846	2000	0
847	2000	0
848	2000	6
849	2000	16
850	2000	30
851	2000	0
852	2000	264
853	2000	64
854	2000	0
855	2000	0
856	2000	0
857	2000	7
858	2000	0
859	2000	0
860	2000	0
861	2000	0
862	2000	19
863	2000	12
864	2000	32
865	2000	5
866	2000	0
867	2000	0
868	2000	0
869	2000	0
870	2000	0
871	2000	0
872	2000	26
873	2000	1
874	2000	0
875	2000	0
876	2000	11
877	2000	0
878	2000	5
879	2000	9
880	2000	10
881	2000	2
882	2000	2
883	2000	11
884	2000	0
885	2000	0
886	2000	0
887	2000	15
888	2000	21
889	2000	0
890	2000	6
891	2000	6
892	2000	6
893	2000	0
894	2000	4
895	2000	17
896	2000	0
897	2000	0
898	2000	0
899	2000	0
900	2000	6
901	2000	0
902	2000	328
903	2000	94
904	2000	0
905	2000	0
906	2000	0
907	2000	2
908	2000	0
909	2000	1
910	2000	0
911	2000	0
912	2000	0
913	2000	26
914	2000	27
915	2000	3
916	2000	10
917	2000	9
918	2000	8
919	2000	1
920	2000	4
921	2000	6
922	2000	0
923	2000	5
924	2000	1
925	2000	2
926	2000	0
927	2000	0
928	2000	0
929	2000	10
930	2000	0
931	2000	0
932	2000	7
933	2000	13
934	2000	5
935	2000	18
936	2000	6
937	2000	1
938	2000	0
939	2000	14
940	2000	0
941	2000	0
942	2000	6
943	2000	16
944	2000	16
945	2000	2
946	2000	0
947	2000	0
948	2000	0
949	2000	0
950	2000	0
951	2000	0
952	2000	257
953	2000	63
954	2000	0
955	2000	34
956	2000	15
957	2000	1
958	2000	0
959	2000	2
960	2000	1
961	2000	0
962	2000	0
963	2000	0
964	2000	0
965	2000	0
966	2000	3
967	2000	0
968	2000	0
969	2000	0
970	2000	0
971	2000	0
972	2000	18
973	2000	31
974	2000	8
975	2000	0
976	2000	8
977	2000	0
978	2000	0
979	2000	8
980	2000	1
981	2000	0
982	2000	0
983	2000	0
984	2000	0
985	2000	22
986	2000	0
987	2000	0
988	2000	0
989	2000	34
990	2000	4
991	2000	1
992	2000	0
993	2000	0
994	2000	0
995	2000	1
996	2000	2
997	2000	0
998	2000	0
999	2000	0
