0	500	0
1	254	0
2	260	0
3	231	0
4	247	0
5	237	0
6	250	3
7	241	8
8	254	8
9	227	3
10	262	0
11	258	0
12	247	0
13	257	3
14	256	0
15	234	0
16	257	0
17	248	7
18	229	0
19	249	0
20	246	0
21	249	1
22	262	1
23	239	0
24	247	0
25	244	6
26	221	4
27	244	0
28	268	0
29	265	5
30	243	0
31	254	0
32	265	0
33	251	0
34	258	0
35	219	0
36	238	0
37	256	0
38	270	0
39	249	0
40	254	1
41	244	0
42	246	0
43	272	0
44	248	0
45	258	0
46	252	0
47	229	0
48	253	0
49	258	2
50	243	1
51	236	0
52	262	0
53	236	0
54	248	0
55	256	0
56	230	0
57	246	0
58	224	0
59	276	0
60	247	0
61	242	0
62	244	0
63	249	12
64	269	2
65	261	0
66	264	0
67	239	0
68	238	1
69	245	0
70	263	0
71	260	0
72	231	0
73	244	2
74	256	0
75	273	0
76	252	3
77	243	1
78	256	0
79	243	0
80	250	0
81	255	7
82	265	1
83	264	0
84	235	0
85	252	0
86	247	0
87	247	0
88	272	0
89	252	0
90	260	0
91	257	0
92	259	0
93	256	0
94	264	0
95	239	0
96	263	0
97	241	0
98	246	0
99	268	0
100	256	0
101	237	0
102	224	0
103	240	4
104	251	0
105	265	2
106	266	1
107	253	0
108	256	0
109	240	0
110	243	0
111	254	0
112	275	6
113	254	2
114	228	1
115	260	0
116	250	2
117	251	0
118	259	0
119	258	0
120	246	0
121	253	0
122	239	0
123	229	0
124	229	0
125	249	0
126	250	0
127	259	5
128	249	0
129	260	0
130	246	0
131	256	0
132	245	0
133	230	3
134	245	0
135	257	1
136	259	4
137	258	3
138	254	0
139	249	0
140	255	3
141	243	0
142	245	0
143	259	0
144	242	0
145	255	1
146	255	0
147	257	0
148	250	0
149	251	1
150	257	0
151	253	0
152	269	0
153	241	0
154	267	0
155	261	0
156	238	0
157	270	6
158	276	0
159	236	0
160	238	0
161	261	0
162	235	3
163	244	0
164	274	0
165	242	0
166	264	1
167	242	0
168	259	0
169	245	5
170	224	0
171	261	2
172	245	0
173	235	0
174	230	0
175	258	2
176	248	0
177	255	0
178	249	0
179	256	0
180	255	1
181	268	0
182	251	0
183	254	0
184	260	0
185	240	0
186	247	0
187	257	2
188	245	0
189	260	0
190	247	0
191	246	0
192	240	0
193	273	0
194	265	0
195	253	0
196	251	0
197	262	0
198	235	1
199	241	0
200	245	4
201	244	0
202	252	0
203	266	0
204	253	1
205	262	0
206	266	0
207	254	0
208	225	0
209	247	2
210	251	6
211	255	0
212	261	0
213	232	0
214	235	0
215	227	0
216	231	0
217	239	0
218	255	1
219	247	0
220	261	2
221	232	3
222	233	0
223	248	0
224	246	0
225	257	4
226	250	1
227	249	5
228	254	0
229	244	0
230	253	0
231	233	0
232	248	1
233	245	0
234	254	0
235	248	0
236	231	0
237	227	0
238	249	2
239	249	0
240	242	1
241	249	0
242	251	0
243	245	0
244	260	0
245	255	2
246	255	0
247	244	0
248	249	0
249	239	0
250	254	0
251	250	0
252	262	0
253	263	0
254	251	0
255	243	0
256	229	0
257	256	0
258	250	0
259	252	0
260	260	0
261	242	0
262	235	0
263	272	0
264	254	0
265	252	0
266	256	0
267	260	0
268	260	0
269	259	0
270	250	0
271	233	1
272	266	0
273	263	0
274	236	0
275	257	0
276	240	1
277	267	0
278	255	0
279	256	0
280	253	0
281	245	0
282	257	0
283	230	0
284	250	0
285	279	0
286	267	0
287	250	0
288	243	0
289	254	1
290	229	0
291	258	0
292	251	1
293	253	2
294	256	0
295	244	1
296	238	6
297	247	0
298	253	0
299	247	0
300	241	0
301	248	1
302	270	0
303	255	4
304	255	1
305	249	0
306	234	0
307	248	0
308	217	0
309	237	0
310	265	0
311	242	0
312	240	0
313	258	0
314	259	2
315	271	0
316	254	0
317	253	0
318	247	0
319	257	13
320	248	0
321	260	2
322	251	0
323	250	0
324	255	0
325	247	0
326	263	0
327	247	0
328	237	0
329	257	0
330	244	1
331	262	0
332	258	0
333	264	0
334	247	0
335	220	0
336	227	0
337	261	0
338	243	2
339	240	3
340	245	2
341	265	0
342	258	0
343	230	6
344	244	0
345	238	0
346	261	0
347	241	0
348	251	0
349	245	2
350	237	0
351	238	0
352	241	2
353	231	0
354	235	0
355	257	0
356	281	2
357	239	0
358	256	0
359	260	0
360	256	0
361	249	0
362	260	0
363	251	0
364	263	0
365	266	0
366	229	2
367	246	0
368	255	0
369	275	0
370	234	0
371	239	0
372	256	0
373	252	0
374	239	0
375	267	0
376	254	0
377	257	2
378	226	1
379	244	0
380	254	0
381	241	1
382	232	0
383	251	0
384	255	0
385	263	3
386	229	0
387	264	2
388	250	0
389	252	0
390	264	0
391	258	0
392	255	0
393	253	0
394	235	3
395	243	0
396	255	4
397	243	3
398	252	0
399	248	4
400	250	0
401	243	0
402	239	0
403	265	0
404	238	1
405	261	3
406	246	0
407	260	0
408	238	0
409	249	0
410	242	0
411	244	0
412	253	0
413	260	0
414	235	2
415	249	1
416	255	0
417	248	0
418	256	3
419	240	5
420	256	1
421	262	4
422	254	0
423	244	0
424	243	0
425	249	0
426	256	1
427	255	0
428	244	4
429	258	2
430	243	0
431	259	0
432	247	0
433	229	0
434	250	0
435	262	0
436	257	0
437	252	0
438	250	0
439	249	1
440	251	0
441	230	0
442	242	0
443	239	2
444	243	0
445	278	0
446	247	0
447	242	0
448	260	1
449	255	0
450	240	0
451	241	0
452	263	0
453	245	0
454	260	0
455	261	0
456	240	3
457	245	0
458	235	7
459	250	0
460	238	0
461	251	0
462	254	1
463	270	0
464	259	0
465	267	0
466	266	1
467	259	0
468	249	0
469	255	1
470	248	4
471	258	0
472	259	0
473	238	0
474	246	0
475	250	0
476	259	0
477	249	0
478	239	0
479	269	0
480	265	0
481	249	8
482	248	0
483	247	7
484	247	0
485	236	0
486	267	0
487	252	0
488	236	1
489	266	0
490	250	2
491	262	2
492	239	0
493	235	0
494	231	0
495	255	4
496	234	0
497	234	0
498	248	0
499	258	0
500	255	0
501	264	0
502	228	0
503	255	0
504	245	0
505	244	0
506	240	0
507	277	0
508	249	0
509	264	5
510	238	2
511	239	0
512	254	0
513	246	0
514	243	0
515	272	0
516	252	0
517	235	0
518	271	0
519	256	0
520	259	0
521	247	0
522	243	0
523	240	1
524	261	0
525	240	0
526	240	0
527	238	0
528	248	1
529	261	1
530	239	1
531	255	0
532	251	0
533	247	0
534	262	0
535	262	0
536	261	0
537	241	0
538	246	0
539	244	0
540	273	3
541	236	0
542	250	0
543	253	0
544	234	0
545	241	2
546	233	2
547	239	0
548	254	0
549	269	0
550	245	0
551	250	2
552	252	0
553	249	0
554	238	0
555	247	0
556	232	0
557	232	0
558	242	0
559	247	2
560	258	0
561	258	1
562	262	0
563	249	0
564	266	0
565	245	0
566	255	0
567	261	0
568	238	0
569	271	0
570	244	7
571	246	0
572	266	0
573	248	0
574	248	0
575	253	0
576	248	0
577	225	6
578	274	0
579	260	1
580	235	0
581	271	2
582	258	0
583	256	0
584	243	0
585	237	0
586	261	0
587	243	0
588	255	0
589	229	0
590	256	1
591	248	0
592	251	3
593	238	1
594	250	0
595	241	0
596	256	0
597	253	0
598	247	0
599	263	0
600	245	0
601	236	0
602	253	0
603	239	0
604	245	0
605	240	2
606	256	2
607	258	1
608	265	0
609	252	0
610	257	0
611	264	0
612	258	8
613	253	1
614	236	3
615	266	1
616	247	0
617	241	0
618	263	0
619	234	0
620	249	0
621	237	2
622	262	3
623	252	0
624	247	0
625	255	0
626	238	0
627	251	0
628	268	0
629	250	0
630	239	0
631	244	3
632	237	0
633	253	0
634	247	0
635	257	0
636	274	0
637	263	0
638	268	0
639	265	6
640	252	1
641	244	0
642	252	0
643	228	0
644	235	0
645	254	0
646	249	0
647	244	1
648	266	0
649	256	0
650	251	0
651	229	0
652	256	0
653	241	0
654	246	0
655	256	0
656	242	0
657	237	0
658	249	0
659	234	0
660	270	0
661	257	0
662	262	1
663	251	0
664	258	0
665	242	0
666	248	1
667	263	0
668	263	0
669	252	0
670	238	0
671	230	0
672	250	0
673	274	0
674	246	0
675	247	0
676	255	0
677	259	0
678	279	0
679	262	0
680	248	0
681	260	0
682	246	0
683	235	0
684	250	1
685	229	0
686	248	4
687	244	0
688	259	0
689	253	0
690	232	0
691	257	0
692	254	0
693	247	0
694	236	2
695	238	0
696	254	0
697	250	0
698	246	1
699	248	0
700	257	0
701	250	0
702	241	0
703	249	0
704	267	0
705	237	0
706	265	0
707	250	1
708	259	0
709	230	0
710	261	3
711	262	3
712	251	0
713	259	0
714	240	3
715	243	0
716	253	2
717	256	0
718	255	0
719	239	0
720	250	0
721	245	1
722	240	1
723	265	0
724	263	0
725	238	0
726	246	0
727	252	0
728	254	2
729	260	1
730	240	0
731	261	1
732	234	0
733	234	0
734	270	0
735	256	0
736	261	0
737	240	1
738	258	0
739	254	0
740	245	0
741	247	0
742	240	0
743	248	0
744	251	0
745	235	0
746	239	0
747	253	0
748	242	0
749	246	4
750	270	1
751	262	0
752	247	0
753	229	0
754	234	0
755	261	0
756	222	0
757	236	0
758	238	0
759	252	1
760	253	2
761	247	0
762	256	0
763	263	0
764	261	0
765	243	4
766	260	0
767	236	0
768	257	0
769	250	0
770	263	2
771	249	0
772	241	0
773	249	0
774	269	0
775	271	0
776	241	0
777	256	0
778	263	0
779	258	0
780	265	0
781	230	0
782	242	0
783	278	0
784	250	1
785	271	0
786	252	0
787	251	1
788	252	0
789	236	1
790	231	0
791	252	4
792	263	0
793	271	0
794	262	1
795	259	0
796	264	3
797	257	0
798	234	0
799	249	0
800	253	0
801	257	0
802	234	0
803	251	0
804	247	1
805	263	0
806	243	2
807	238	1
808	250	0
809	252	0
810	237	1
811	244	1
812	253	0
813	239	0
814	249	0
815	260	0
816	242	0
817	231	4
818	259	0
819	268	0
820	249	1
821	237	8
822	253	0
823	263	0
824	247	0
825	253	0
826	241	0
827	237	0
828	233	3
829	245	1
830	240	0
831	253	0
832	253	0
833	268	0
834	243	0
835	269	0
836	242	0
837	246	0
838	257	2
839	240	0
840	253	0
841	249	0
842	234	0
843	268	0
844	251	0
845	262	0
846	249	0
847	250	5
848	261	1
849	243	0
850	243	0
851	228	1
852	269	1
853	219	0
854	238	0
855	251	0
856	245	0
857	253	0
858	250	0
859	251	0
860	228	0
861	256	0
862	244	0
863	261	0
864	243	0
865	223	0
866	254	0
867	226	0
868	257	0
869	245	0
870	236	0
871	239	0
872	251	14
873	252	4
874	236	0
875	247	2
876	273	7
877	258	11
878	250	0
879	242	0
880	250	0
881	240	0
882	271	0
883	255	0
884	253	11
885	250	11
886	260	5
887	266	3
888	273	2
889	237	1
890	244	1
891	270	0
892	248	1
893	252	0
894	252	0
895	255	2
896	248	2
897	257	4
898	257	0
899	233	0
900	254	0
901	237	1
902	247	0
903	264	0
904	265	0
905	264	0
906	245	0
907	257	1
908	242	0
909	236	2
910	269	2
911	253	0
912	254	0
913	223	0
914	222	0
915	268	0
916	257	0
917	271	0
918	254	0
919	256	0
920	239	0
921	226	0
922	256	0
923	239	0
924	264	0
925	245	0
926	241	0
927	259	2
928	257	0
929	261	0
930	262	0
931	227	0
932	248	0
933	253	0
934	258	1
935	253	5
936	270	0
937	237	0
938	238	0
939	271	0
940	243	0
941	268	0
942	265	7
943	249	1
944	237	0
945	253	0
946	261	0
947	262	0
948	262	0
949	247	3
950	257	1
951	240	0
952	251	0
953	245	0
954	231	0
955	274	4
956	255	0
957	243	0
958	239	0
959	242	1
960	259	4
961	243	0
962	254	0
963	246	0
964	263	4
965	236	0
966	243	0
967	248	0
968	253	0
969	241	0
970	250	0
971	242	0
972	246	0
973	246	6
974	225	0
975	252	0
976	239	0
977	247	0
978	276	0
979	236	0
980	264	0
981	235	0
982	261	0
983	256	0
984	255	2
985	256	0
986	247	0
987	268	0
988	235	0
989	252	0
990	225	0
991	253	0
992	239	0
993	268	0
994	234	0
995	261	6
996	239	8
997	225	0
998	252	0
999	252	2
