0	500	0
1	262	11
2	262	5
3	231	0
4	248	3
5	241	6
6	251	14
7	247	20
8	254	22
9	230	12
10	261	7
11	259	1
12	247	0
13	254	0
14	252	4
15	235	3
16	256	1
17	243	20
18	229	2
19	249	0
20	246	0
21	250	0
22	263	0
23	239	0
24	247	0
25	245	1
26	219	0
27	244	0
28	268	0
29	260	22
30	243	4
31	256	6
32	265	2
33	251	2
34	259	1
35	219	0
36	237	1
37	254	4
38	269	3
39	251	2
40	255	0
41	244	0
42	247	5
43	272	2
44	248	2
45	258	0
46	251	5
47	228	1
48	253	0
49	256	6
50	262	2
51	248	0
52	262	0
53	237	3
54	248	0
55	256	0
56	232	2
57	246	4
58	224	0
59	276	4
60	250	5
61	242	0
62	247	7
63	249	24
64	271	8
65	261	0
66	267	9
67	239	0
68	239	0
69	245	0
70	264	1
71	263	5
72	231	4
73	242	0
74	256	2
75	273	0
76	251	0
77	242	0
78	256	0
79	243	2
80	250	0
81	254	0
82	264	0
83	264	0
84	235	0
85	252	0
86	248	1
87	247	0
88	272	6
89	252	0
90	259	1
91	259	4
92	260	1
93	255	1
94	264	0
95	244	9
96	262	3
97	244	3
98	246	0
99	264	8
100	248	0
101	251	0
102	223	3
103	236	22
104	251	4
105	264	9
106	263	6
107	254	1
108	256	0
109	237	9
110	242	1
111	253	1
112	276	17
113	257	13
114	229	0
115	260	0
116	248	0
117	251	0
118	260	3
119	258	0
120	247	1
121	255	2
122	239	0
123	229	0
124	229	0
125	249	0
126	250	2
127	260	0
128	250	1
129	259	5
130	247	1
131	256	0
132	246	7
133	225	8
134	245	0
135	260	10
136	257	16
137	262	15
138	256	2
139	249	0
140	252	6
141	244	1
142	245	0
143	259	0
144	237	5
145	256	14
146	252	5
147	255	6
148	249	7
149	251	11
150	249	0
151	257	0
152	269	2
153	238	5
154	267	0
155	260	5
156	238	0
157	266	0
158	276	0
159	234	4
160	238	0
161	261	0
162	238	0
163	244	0
164	274	0
165	245	7
166	265	10
167	244	8
168	259	0
169	246	0
170	224	0
171	263	0
172	245	0
173	238	9
174	229	9
175	259	13
176	251	7
177	255	0
178	249	0
179	256	0
180	256	0
181	270	6
182	252	5
183	254	0
184	258	2
185	238	2
186	247	4
187	256	13
188	247	4
189	259	1
190	244	9
191	246	4
192	241	1
193	273	0
194	265	0
195	253	0
196	252	1
197	262	0
198	236	0
199	241	0
200	259	0
201	256	0
202	252	0
203	266	0
204	254	0
205	262	0
206	267	5
207	254	0
208	226	3
209	246	15
210	249	16
211	252	5
212	261	0
213	232	0
214	235	4
215	227	6
216	231	0
217	239	0
218	251	7
219	248	1
220	261	0
221	233	0
222	234	1
223	248	0
224	246	0
225	259	0
226	249	0
227	250	0
228	254	2
229	244	0
230	253	0
231	233	0
232	247	0
233	246	1
234	254	0
235	248	0
236	231	0
237	227	0
238	251	0
239	250	5
240	243	0
241	249	0
242	253	4
243	246	1
244	260	4
245	249	14
246	255	0
247	244	0
248	248	3
249	239	0
250	239	0
251	247	0
252	262	0
253	263	0
254	250	1
255	248	7
256	229	4
257	256	0
258	250	0
259	253	1
260	260	2
261	242	0
262	235	0
263	272	6
264	252	2
265	252	2
266	256	0
267	260	0
268	258	2
269	259	0
270	251	5
271	234	0
272	266	0
273	263	0
274	234	6
275	257	0
276	243	4
277	264	5
278	255	0
279	257	7
280	251	6
281	246	5
282	264	7
283	231	13
284	251	1
285	279	2
286	268	3
287	250	0
288	244	7
289	255	10
290	230	1
291	258	6
292	250	10
293	251	0
294	256	0
295	251	10
296	243	21
297	246	5
298	253	6
299	249	4
300	237	0
301	255	0
302	270	0
303	253	0
304	256	0
305	249	0
306	235	1
307	246	2
308	215	4
309	240	7
310	266	3
311	239	3
312	240	0
313	257	3
314	261	14
315	269	6
316	254	8
317	250	5
318	249	6
319	256	22
320	246	2
321	258	0
322	251	0
323	250	0
324	255	0
325	253	14
326	263	2
327	247	4
328	237	6
329	257	4
330	243	0
331	262	0
332	258	0
333	264	4
334	247	0
335	223	3
336	225	2
337	262	1
338	241	8
339	245	14
340	244	13
341	263	8
342	258	0
343	230	0
344	244	4
345	236	2
346	264	7
347	241	8
348	252	11
349	250	11
350	257	10
351	230	0
352	239	0
353	231	0
354	236	11
355	257	4
356	283	0
357	239	0
358	256	0
359	262	6
360	255	7
361	250	5
362	257	7
363	251	0
364	264	1
365	264	2
366	229	0
367	246	0
368	255	0
369	275	2
370	234	0
371	244	5
372	256	10
373	251	5
374	242	3
375	267	0
376	254	0
377	262	9
378	221	14
379	243	5
380	254	0
381	240	0
382	232	0
383	251	0
384	255	2
385	260	8
386	230	11
387	263	11
388	250	8
389	252	0
390	262	2
391	258	0
392	255	0
393	253	0
394	236	0
395	243	2
396	257	0
397	244	0
398	253	5
399	245	13
400	257	7
401	257	0
402	239	0
403	265	0
404	238	11
405	261	9
406	246	8
407	259	1
408	238	2
409	246	5
410	242	0
411	244	4
412	253	2
413	260	0
414	233	0
415	250	0
416	255	0
417	248	0
418	255	0
419	243	0
420	257	0
421	262	0
422	253	3
423	243	1
424	243	0
425	249	0
426	260	11
427	257	4
428	243	11
429	259	7
430	241	2
431	258	3
432	253	12
433	230	11
434	248	2
435	262	0
436	255	2
437	252	0
438	248	8
439	246	10
440	253	2
441	230	0
442	242	0
443	239	0
444	243	6
445	277	5
446	247	0
447	242	0
448	259	0
449	255	8
450	266	0
451	249	0
452	265	4
453	243	8
454	260	0
455	261	0
456	245	10
457	246	7
458	236	16
459	249	9
460	238	0
461	249	10
462	250	19
463	264	8
464	259	0
465	267	0
466	265	0
467	259	0
468	250	1
469	252	8
470	250	0
471	257	3
472	260	5
473	238	10
474	245	3
475	250	8
476	258	1
477	249	0
478	239	0
479	268	5
480	269	12
481	245	14
482	246	4
483	243	17
484	242	7
485	236	4
486	267	0
487	252	4
488	237	0
489	266	2
490	252	0
491	260	0
492	239	8
493	235	0
494	231	0
495	255	0
496	234	0
497	232	2
498	248	0
499	258	2
500	255	0
501	244	0
502	228	0
503	254	5
504	245	0
505	241	5
506	239	1
507	277	0
508	246	3
509	261	0
510	238	0
511	239	0
512	254	2
513	246	0
514	244	5
515	272	0
516	252	0
517	234	3
518	273	6
519	259	3
520	259	0
521	244	3
522	242	5
523	242	9
524	261	0
525	240	0
526	244	6
527	237	1
528	249	0
529	260	0
530	238	0
531	255	0
532	251	0
533	248	3
534	264	2
535	265	3
536	262	1
537	250	15
538	247	7
539	248	10
540	269	15
541	236	2
542	249	3
543	253	0
544	234	0
545	241	0
546	233	0
547	240	5
548	253	1
549	268	1
550	258	9
551	246	0
552	252	0
553	252	5
554	237	1
555	247	0
556	232	4
557	232	0
558	244	2
559	245	0
560	258	0
561	259	12
562	263	1
563	249	0
564	270	4
565	245	0
566	255	0
567	263	2
568	239	1
569	271	2
570	246	1
571	246	0
572	265	1
573	247	1
574	248	0
575	253	0
576	248	0
577	223	0
578	274	0
579	261	0
580	235	0
581	275	12
582	259	11
583	255	9
584	245	4
585	236	5
586	262	1
587	249	10
588	257	4
589	229	0
590	259	12
591	248	0
592	250	0
593	239	0
594	250	0
595	243	2
596	256	0
597	253	0
598	248	1
599	264	5
600	245	0
601	236	0
602	253	0
603	239	0
604	243	2
605	240	0
606	256	0
607	260	9
608	265	0
609	252	0
610	258	5
611	264	0
612	258	0
613	254	0
614	239	0
615	267	0
616	246	3
617	242	9
618	262	7
619	232	6
620	250	3
621	238	13
622	264	5
623	252	0
624	247	0
625	255	2
626	239	3
627	251	0
628	267	9
629	250	0
630	239	2
631	243	16
632	238	3
