0	500	0
1	275	1
2	249	0
3	247	5
4	236	4
5	253	0
6	247	0
7	251	0
8	250	2
9	264	2
10	256	0
11	232	0
12	251	0
13	248	1
14	247	0
15	236	1
16	243	0
17	263	0
18	247	7
19	274	0
20	263	0
21	246	7
22	238	0
23	262	13
24	242	0
25	248	0
26	256	12
27	268	1
28	251	0
29	263	1
30	265	0
31	238	16
32	247	1
33	255	1
34	244	0
35	248	4
36	265	0
37	257	17
38	245	0
39	243	0
40	249	0
41	252	0
42	258	0
43	249	0
44	254	0
45	236	0
46	258	10
47	219	0
48	262	2
49	257	0
50	256	1
51	252	0
52	253	215
53	276	178
54	238	148
55	245	110
56	240	68
57	242	81
58	242	29
59	275	11
60	247	9
61	263	3
62	264	0
63	236	0
64	238	0
65	262	0
66	254	0
67	246	0
68	254	7
69	247	0
70	250	0
71	253	0
72	247	0
73	249	0
74	242	0
75	246	0
76	246	0
77	250	3
78	250	0
79	251	0
80	239	10
81	262	0
82	244	8
83	245	0
84	239	0
85	258	4
86	247	0
87	260	3
88	251	0
89	255	1
90	250	0
91	259	0
92	261	0
93	252	0
94	255	0
95	247	0
96	259	0
97	250	0
98	262	0
99	264	0
100	261	0
101	251	0
102	252	215
103	256	172
104	238	140
105	269	116
106	248	96
107	259	73
108	256	49
109	240	31
110	286	13
111	254	8
112	270	3
113	237	0
114	269	0
115	270	0
116	258	0
117	237	12
118	251	0
119	251	0
120	243	3
121	242	0
122	241	4
123	236	2
124	251	0
125	248	0
126	246	0
127	256	3
128	245	0
129	254	0
130	248	0
131	249	0
132	238	3
133	244	0
134	256	2
135	229	0
136	259	0
137	258	0
138	246	0
139	258	5
140	237	1
141	232	11
142	238	0
143	238	2
144	247	0
145	264	0
146	237	0
147	241	3
148	243	2
149	260	0
150	247	2
151	255	0
152	250	217
153	261	173
154	255	165
155	243	110
156	255	98
157	254	60
158	261	43
159	249	36
160	228	8
161	250	22
162	246	0
163	238	0
164	278	0
165	250	0
166	241	0
167	258	0
168	224	0
169	254	0
170	237	0
171	257	0
172	268	9
173	253	0
174	260	1
175	249	0
176	266	3
177	250	0
178	254	4
179	247	0
180	257	0
181	253	0
182	251	0
183	253	0
184	247	0
185	275	0
186	237	0
187	260	0
188	246	0
189	249	0
190	254	1
191	264	2
192	276	0
193	260	0
194	232	8
195	254	4
196	268	0
197	261	1
198	252	17
199	253	0
200	262	0
201	244	155
202	261	65
203	261	59
204	238	31
205	252	25
206	258	30
207	254	2
208	231	0
209	256	8
210	226	3
211	259	0
212	255	0
213	254	0
214	255	0
215	240	0
216	257	0
217	245	0
218	258	5
219	265	0
220	236	0
221	258	3
222	253	0
223	229	0
224	262	0
225	251	3
226	232	3
227	249	3
228	257	8
229	255	0
230	231	0
231	250	8
232	227	0
233	259	1
234	271	0
235	245	11
236	249	3
237	247	3
238	257	0
239	245	0
240	246	0
241	236	0
242	256	0
243	243	0
244	229	0
245	240	0
246	256	0
247	237	11
248	248	0
249	248	0
250	270	0
251	250	0
252	257	214
253	242	193
254	253	139
255	245	127
256	247	92
257	235	44
258	265	57
259	250	34
260	261	9
261	259	2
262	243	0
263	252	0
264	247	0
265	262	0
266	282	0
267	247	2
268	255	0
269	241	0
270	255	0
271	223	0
272	257	0
273	252	7
274	237	0
275	264	0
276	255	0
277	245	0
278	240	0
279	237	8
280	259	0
281	252	7
282	260	3
283	261	0
284	279	0
285	238	5
286	253	7
287	257	1
288	251	0
289	239	0
290	252	0
291	224	18
292	253	9
293	238	8
294	247	0
295	262	0
296	247	7
297	255	0
298	253	1
299	260	3
300	244	13
301	256	0
302	240	224
303	226	178
304	244	141
305	250	130
306	242	94
307	241	79
308	251	58
309	233	38
310	268	7
311	263	12
312	244	18
313	245	0
314	247	7
315	258	0
316	262	0
317	251	9
318	239	0
319	235	1
320	256	0
321	260	0
322	254	0
323	240	0
324	246	5
325	243	4
326	241	5
327	222	0
328	246	0
329	250	0
330	265	1
331	251	7
332	269	2
333	267	0
334	253	0
335	248	0
336	244	18
337	241	3
338	245	5
339	253	0
340	245	5
341	263	0
342	249	0
343	232	0
344	238	0
345	273	0
346	277	8
347	276	6
348	256	0
349	245	0
350	240	0
351	242	0
352	261	209
353	249	204
354	262	151
355	230	127
356	258	81
357	249	85
358	266	38
359	234	38
360	254	9
361	269	7
362	253	15
363	265	0
364	258	0
365	251	0
366	257	0
367	266	3
368	245	0
369	246	5
370	264	0
371	249	0
372	251	0
373	249	0
374	260	0
375	248	0
376	277	0
377	234	8
378	267	0
379	248	0
380	229	0
381	253	0
382	255	0
383	238	5
384	242	0
385	247	0
386	239	0
387	257	2
388	240	0
389	251	0
390	260	5
391	246	0
392	236	2
393	220	0
394	252	0
395	248	0
396	257	0
397	224	0
398	258	0
399	235	0
400	251	0
401	263	0
402	242	231
403	239	188
404	264	151
405	259	127
406	254	93
407	248	75
408	247	32
409	241	30
410	256	31
411	234	6
412	259	0
413	242	15
414	252	0
415	250	11
416	258	0
417	231	2
418	231	0
419	251	6
420	243	6
421	231	0
422	242	2
423	240	0
424	254	2
425	248	0
426	240	0
427	253	0
428	230	11
429	254	14
430	239	0
431	251	1
432	264	0
433	249	3
434	240	5
435	221	0
436	256	8
437	258	0
438	258	5
439	250	0
440	266	2
441	262	6
442	240	0
443	252	0
444	236	0
445	244	0
446	250	0
447	264	0
448	241	1
449	244	3
450	250	12
451	237	0
452	262	205
453	258	199
454	244	152
455	261	124
456	263	113
457	253	72
458	247	45
459	266	36
460	237	25
461	233	14
462	255	0
463	268	9
464	247	0
465	258	0
466	257	8
467	239	0
468	269	14
469	261	0
470	261	4
471	255	0
472	241	5
473	237	0
474	240	0
475	237	0
476	247	0
477	244	0
478	250	3
479	231	0
480	241	1
481	258	0
482	246	3
483	263	0
484	242	14
485	247	0
486	265	0
487	244	0
488	239	2
489	253	0
490	257	2
491	230	11
492	263	0
493	240	0
494	258	1
495	237	0
496	234	0
497	248	0
498	263	0
499	226	0
500	249	5
501	249	0
502	251	218
503	248	191
504	236	156
505	259	136
506	247	126
507	243	66
508	241	52
509	262	23
510	241	19
511	264	5
512	255	0
513	243	0
514	242	0
515	224	0
516	234	6
517	252	0
518	236	0
519	247	0
520	252	0
521	259	7
522	242	5
523	249	22
524	251	1
525	267	0
526	264	0
527	257	1
528	243	0
529	252	1
530	246	0
531	260	0
532	241	1
533	249	0
534	255	0
535	246	15
536	230	0
537	241	0
538	254	0
539	245	2
540	244	0
541	248	0
542	238	20
543	253	0
544	235	0
545	248	5
546	239	2
547	258	0
548	270	0
549	244	0
550	249	1
551	248	0
552	262	220
553	233	201
554	235	148
555	248	122
556	251	109
557	255	66
558	235	61
559	256	39
560	271	0
561	244	23
562	238	2
563	256	0
564	236	1
565	247	0
566	256	1
567	255	0
568	246	0
569	264	0
570	249	6
571	251	0
572	263	0
573	247	6
574	264	0
575	251	12
576	236	0
577	251	1
578	262	1
579	236	0
580	259	0
581	257	0
582	226	0
583	243	0
584	252	0
585	252	1
586	253	0
587	235	4
588	263	0
589	258	1
590	255	0
591	241	2
592	255	0
593	242	0
594	251	0
595	242	3
596	241	0
597	259	8
598	250	2
599	263	5
600	253	21
601	257	0
602	249	225
603	253	185
604	261	161
605	252	132
606	263	99
607	256	70
608	246	46
609	247	29
610	255	16
611	246	0
612	263	0
613	247	19
614	259	2
615	251	0
616	258	1
617	269	2
618	243	0
619	254	0
620	252	0
621	232	1
622	233	0
623	235	0
624	254	0
625	248	1
626	246	0
627	253	0
628	246	0
629	240	0
630	259	10
631	239	7
632	249	4
633	261	0
634	239	0
635	259	9
636	253	0
637	247	0
638	265	0
639	273	0
640	282	0
641	238	0
642	243	5
643	247	0
644	242	5
645	244	1
646	249	0
647	246	0
648	241	0
649	265	1
650	254	0
651	239	0
652	256	210
653	267	201
654	249	167
655	253	137
656	237	107
657	256	75
658	249	74
659	267	30
660	243	15
661	249	0
662	263	0
663	250	21
664	241	0
665	262	8
666	268	0
667	256	0
668	239	13
669	237	0
670	239	6
671	243	3
672	253	0
673	261	0
674	219	0
675	276	0
676	229	9
677	250	0
678	246	4
679	255	2
680	255	0
681	267	0
682	244	3
683	246	0
684	251	1
685	246	2
686	254	2
687	246	0
688	270	15
689	272	0
690	234	0
691	255	0
692	246	0
693	245	0
694	255	0
695	253	0
696	251	10
697	239	4
698	240	0
699	246	22
700	250	0
701	250	0
702	248	220
703	254	184
704	258	166
705	245	132
706	241	105
707	244	73
708	260	61
709	254	28
710	255	26
711	251	12
712	255	0
713	236	0
714	249	0
715	232	4
716	240	0
717	267	4
718	252	22
719	258	6
720	244	0
721	258	6
722	253	0
723	258	0
724	240	27
725	238	0
726	228	0
727	255	0
728	247	7
729	262	1
730	236	0
731	242	0
732	251	1
733	270	0
734	250	1
735	242	0
736	269	0
737	239	28
738	242	14
739	232	0
740	268	1
741	249	0
742	242	0
743	252	10
744	252	0
745	249	0
746	249	3
747	246	0
748	243	0
749	243	0
750	253	13
751	250	0
752	253	224
753	245	193
754	255	162
755	245	139
756	254	108
757	259	86
758	238	65
759	226	36
760	245	6
761	247	1
762	252	0
763	248	8
764	248	4
765	234	12
766	252	0
767	261	0
768	244	0
769	238	0
770	256	0
771	242	0
772	251	0
773	239	1
774	249	0
775	258	0
776	242	1
777	245	7
778	273	0
779	239	0
780	250	10
781	246	0
782	263	0
783	253	0
784	235	4
785	256	0
786	256	6
787	246	0
788	246	0
789	252	11
790	220	0
791	233	0
792	257	0
793	249	0
794	231	4
795	254	0
796	249	0
797	260	0
798	255	1
799	238	0
800	249	11
801	239	0
802	266	212
803	236	214
804	260	157
805	237	140
806	232	117
807	276	67
808	251	62
809	252	36
810	266	6
811	243	19
812	260	5
813	244	0
814	233	0
815	256	14
816	260	0
817	265	0
818	243	2
819	248	0
820	253	10
821	262	0
822	256	20
823	244	0
824	231	6
825	245	7
826	261	1
827	237	0
828	245	0
829	253	0
830	258	0
831	253	9
832	244	2
833	241	0
834	241	0
835	267	0
836	257	3
837	261	2
838	259	3
839	262	3
840	246	0
841	274	0
842	237	1
843	246	0
844	249	0
845	258	0
846	253	0
847	252	0
848	236	0
849	247	5
850	252	0
851	248	0
852	250	224
853	270	193
854	274	176
855	268	165
856	247	110
857	273	84
858	254	80
859	266	35
860	254	0
861	229	36
862	257	12
863	242	0
864	250	0
865	264	0
866	250	9
867	252	0
868	265	24
869	259	1
870	263	14
871	245	2
872	253	0
873	248	4
874	255	3
875	268	0
876	256	7
877	242	0
878	255	0
879	251	5
880	240	0
881	232	0
882	248	6
883	245	0
884	266	10
885	253	0
886	246	9
887	257	3
888	239	7
889	248	7
890	251	0
891	235	0
892	262	0
893	242	20
894	256	5
895	253	0
896	271	0
897	243	0
898	250	0
899	244	0
900	247	3
901	233	0
902	238	205
903	243	185
904	245	168
905	247	142
906	237	122
907	246	93
908	264	57
909	266	35
910	259	27
911	242	10
912	259	7
913	255	0
914	252	6
915	256	9
916	257	0
917	275	8
918	258	0
919	230	0
920	265	9
921	260	0
922	239	12
923	250	2
924	279	0
925	248	6
926	247	0
927	252	0
928	253	25
929	242	2
930	246	0
931	239	0
932	248	15
933	251	0
934	250	0
935	238	0
936	249	18
937	251	9
938	250	8
939	253	0
940	254	6
941	263	0
942	260	0
943	249	3
944	258	0
945	248	4
946	251	0
947	232	0
948	242	2
949	262	0
950	241	3
951	257	0
952	253	227
953	247	192
954	278	174
955	243	175
956	271	105
957	229	85
958	241	49
959	231	31
960	240	12
961	264	4
962	248	3
963	239	0
964	236	1
965	253	2
966	258	6
967	250	0
968	262	0
969	259	0
970	228	0
971	254	4
972	266	0
973	246	0
974	244	0
975	273	1
976	256	0
977	234	0
978	267	1
979	237	0
980	243	0
981	249	0
982	262	0
983	258	0
984	249	1
985	242	0
986	236	5
987	262	0
988	257	0
989	265	0
990	254	0
991	240	18
992	239	0
993	242	7
994	260	0
995	248	0
996	249	0
997	251	0
998	262	1
999	263	0
