0	500	0
1	252	3
2	250	0
3	251	0
4	251	0
5	234	0
6	243	0
7	238	8
8	247	1
9	244	0
10	241	0
11	260	0
12	208	0
13	263	0
14	258	1
15	242	5
16	257	0
17	253	0
18	240	0
19	251	1
20	227	0
21	246	0
22	245	0
23	239	2
24	264	0
25	227	0
26	215	0
27	237	0
28	261	2
29	251	1
30	259	0
31	244	0
32	242	0
33	252	0
34	244	0
35	246	0
36	246	0
37	226	0
38	236	0
39	243	0
40	260	0
41	260	0
42	249	0
43	230	0
44	258	0
45	236	0
46	228	1
47	262	0
48	245	0
49	280	0
50	251	0
51	250	0
52	254	0
53	245	0
54	246	0
55	276	0
56	256	0
57	231	0
58	220	0
59	259	0
60	246	4
61	252	0
62	254	0
63	244	0
64	269	0
65	260	0
66	267	2
67	268	2
68	274	2
69	274	0
70	257	0
71	244	0
72	216	1
73	277	4
74	256	0
75	245	0
76	247	0
77	236	0
78	241	2
79	255	1
80	254	0
81	238	1
82	243	0
83	239	0
84	242	1
85	252	0
86	257	1
87	248	1
88	255	0
89	226	0
90	237	0
91	244	0
92	237	0
93	250	0
94	234	0
95	246	1
96	244	0
97	247	3
98	257	2
99	238	0
100	263	0
101	237	0
102	245	0
103	247	0
104	246	0
105	241	0
106	255	1
107	248	0
108	254	0
109	245	0
110	256	3
111	266	1
112	263	0
113	258	0
114	248	2
115	260	0
116	249	0
117	240	0
118	241	0
119	239	0
120	236	0
121	252	0
122	260	0
123	235	0
124	246	1
125	252	0
126	266	0
127	242	0
128	267	0
129	257	0
130	264	2
131	255	0
132	258	0
133	266	0
134	246	0
135	249	0
136	252	0
137	252	0
138	254	0
139	231	2
140	251	1
141	253	0
142	257	0
143	251	0
144	249	0
145	242	0
146	233	0
147	245	0
148	251	0
149	260	0
150	251	0
151	262	0
152	251	0
153	254	0
154	239	0
155	264	0
156	255	0
157	253	0
158	240	0
159	255	0
160	247	0
161	242	0
162	249	1
163	266	2
164	233	1
165	252	0
166	241	6
167	262	6
168	258	0
169	252	0
170	259	3
171	246	5
172	244	2
173	260	0
174	288	0
175	243	0
176	240	0
177	234	0
178	244	0
179	259	0
180	244	0
181	239	0
182	240	0
183	264	0
184	253	0
185	240	1
186	257	0
187	255	0
188	254	0
189	261	0
190	248	0
191	255	0
192	228	0
193	267	6
194	239	0
195	236	0
196	248	0
197	276	0
198	256	6
199	266	0
200	236	0
201	269	13
202	248	0
203	253	0
204	236	0
205	260	0
206	257	0
207	244	0
208	245	0
209	251	0
210	253	0
211	247	0
212	227	0
213	259	0
214	249	0
215	230	1
216	236	0
217	267	0
218	250	0
219	248	0
220	277	0
221	251	0
222	244	1
223	249	0
224	250	0
225	245	0
226	247	0
227	249	0
228	248	0
229	224	0
230	277	0
231	237	1
232	234	0
233	244	2
234	256	0
235	272	0
236	252	1
237	230	0
238	241	0
239	260	0
240	255	0
241	253	0
242	247	0
243	245	0
244	256	5
245	256	4
246	241	0
247	243	0
248	255	0
249	257	0
250	252	1
251	253	0
252	255	0
253	229	2
254	257	0
255	264	0
256	251	0
257	251	0
258	240	0
259	260	1
260	245	0
261	245	0
262	255	0
263	248	0
264	235	1
265	255	1
266	256	6
267	256	0
268	229	1
269	252	5
270	257	0
271	257	0
272	243	2
273	245	3
274	251	0
275	259	0
276	253	0
277	259	0
278	248	0
279	259	0
280	264	0
281	251	0
282	243	1
283	246	0
284	225	0
285	251	0
286	246	3
287	257	0
288	243	0
289	267	0
290	276	0
291	237	0
292	251	0
293	256	0
294	261	0
295	245	2
296	250	0
297	249	0
298	247	0
299	236	1
300	250	1
301	263	0
302	245	0
303	263	0
304	254	0
305	254	0
306	251	0
307	240	0
308	244	0
309	234	3
310	264	4
311	254	1
312	246	1
313	251	0
314	244	1
315	265	0
316	223	0
317	256	0
318	268	0
319	246	0
320	240	0
321	256	0
322	230	0
323	253	2
324	270	0
325	245	0
326	249	0
327	255	0
328	262	0
329	245	0
330	234	0
331	259	0
332	242	0
333	244	0
334	255	0
335	231	0
336	243	0
337	234	0
338	251	0
339	239	1
340	267	1
341	258	0
342	237	0
343	242	0
344	252	0
345	262	0
346	244	0
347	245	0
348	248	3
349	269	0
350	241	0
351	243	0
352	236	0
353	243	0
354	245	0
355	260	0
356	251	1
357	272	0
358	256	2
359	257	1
360	258	0
361	235	0
362	261	0
363	247	1
364	238	1
365	247	0
366	242	0
367	222	0
368	246	1
369	251	0
370	245	2
371	246	1
372	247	0
373	240	1
374	241	0
375	266	0
376	234	0
377	267	1
378	265	5
379	265	1
380	246	0
381	270	0
382	242	0
383	246	1
384	271	0
385	254	0
386	258	0
387	272	0
388	271	0
389	265	0
390	272	0
391	262	0
392	246	4
393	255	0
394	259	0
395	243	0
396	250	0
397	245	0
398	253	0
399	246	0
400	239	4
401	274	0
402	238	0
403	232	0
404	262	0
405	249	0
406	245	0
407	256	0
408	242	1
409	257	0
410	225	0
411	258	0
412	258	0
413	257	1
414	247	0
415	238	2
416	251	0
417	246	0
418	250	0
419	240	0
420	240	0
421	235	2
422	273	0
423	251	1
424	234	0
425	244	0
426	260	0
427	239	0
428	240	3
429	248	0
430	248	0
431	272	0
432	249	0
433	252	0
434	251	5
435	250	0
436	255	0
437	228	0
438	229	0
439	246	1
440	251	0
441	239	0
442	256	2
443	241	0
444	253	0
445	264	0
446	244	0
447	257	0
448	252	0
449	255	0
450	235	8
451	244	0
452	256	0
453	245	0
454	242	0
455	244	0
456	246	0
457	257	0
458	247	0
459	259	0
460	263	0
461	232	0
462	255	0
463	232	0
464	242	0
465	238	0
466	237	0
467	252	0
468	250	0
469	243	6
470	244	0
471	261	0
472	255	0
473	239	0
474	261	0
475	251	0
476	270	1
477	265	4
478	233	1
479	233	0
480	248	1
481	234	0
482	245	0
483	237	0
484	252	0
485	239	1
486	256	0
487	259	0
488	256	4
489	242	0
490	255	0
491	264	0
492	250	0
493	236	1
494	269	0
495	243	0
496	240	2
497	249	0
498	263	0
499	262	0
500	234	4
501	252	0
502	254	0
503	244	0
504	241	4
505	244	0
506	245	0
507	264	0
508	260	0
509	250	0
510	232	0
511	261	0
512	254	0
513	234	1
514	245	1
515	242	0
516	260	0
517	258	0
518	271	0
519	256	0
520	251	0
521	251	0
522	237	0
523	236	0
524	247	0
525	234	0
526	236	0
527	251	0
528	248	4
529	254	0
530	247	0
531	246	0
532	266	0
533	253	0
534	241	2
535	248	0
536	252	0
537	240	0
538	263	0
539	242	0
540	253	0
541	245	0
542	252	0
543	237	0
544	251	0
545	250	0
546	241	0
547	228	0
548	255	0
549	245	0
550	237	7
551	236	3
552	240	0
553	246	0
554	243	0
555	218	0
556	248	0
557	254	0
558	239	5
559	250	1
560	239	2
561	247	0
562	247	0
563	254	0
564	236	0
565	247	0
566	244	0
567	254	0
568	259	0
569	247	0
570	230	2
571	272	0
572	241	0
573	254	0
574	248	0
575	248	0
576	278	0
577	244	0
578	278	0
579	253	0
580	264	0
581	243	0
582	258	0
583	241	0
584	229	0
585	231	0
586	252	0
587	264	0
588	254	2
589	245	0
590	240	0
591	254	0
592	260	0
593	259	0
594	260	0
595	248	0
596	221	0
597	244	0
598	250	3
599	239	4
600	242	5
601	255	0
602	273	0
603	252	0
604	273	0
605	240	0
606	272	1
607	240	0
608	247	0
609	256	0
610	261	0
611	229	0
612	260	0
613	242	0
614	299	0
615	239	0
616	239	0
617	269	0
618	250	0
619	282	0
620	247	4
621	275	1
622	249	0
623	247	0
624	243	0
625	252	0
626	268	0
627	247	0
628	250	0
629	250	0
630	262	2
631	269	0
632	251	0
633	243	0
634	248	0
635	260	0
636	250	0
637	244	0
638	234	0
639	252	0
640	260	0
641	241	0
642	243	0
643	247	0
644	249	0
645	241	0
646	265	0
647	255	3
648	258	0
649	242	0
650	236	3
651	242	0
652	243	0
653	246	0
654	236	2
655	252	0
656	250	0
657	267	0
658	246	3
659	245	1
660	248	0
661	258	1
662	257	0
663	240	1
664	253	7
665	248	0
666	250	0
667	263	3
668	249	0
669	238	1
670	252	0
671	247	1
672	252	0
673	263	1
674	272	0
675	239	0
676	273	0
677	260	0
678	267	0
679	253	0
680	272	0
681	270	0
682	246	0
683	226	0
684	246	0
685	256	0
686	252	0
687	244	3
688	267	1
689	264	0
690	244	0
691	255	0
692	232	0
693	264	0
694	275	0
695	258	0
696	243	0
697	255	0
698	251	0
699	259	3
700	235	0
701	259	7
702	227	1
703	237	0
704	240	2
705	240	0
706	247	0
707	240	0
708	253	0
709	255	0
710	263	0
711	227	2
712	249	0
713	260	0
714	232	1
715	249	0
716	220	0
717	267	0
718	260	0
719	259	0
720	250	0
721	258	0
722	257	0
723	265	0
724	238	0
725	262	0
726	246	0
727	253	0
728	264	1
729	266	0
730	250	0
731	253	0
732	259	1
733	270	6
734	252	0
735	238	0
736	224	3
737	237	0
738	245	0
739	270	0
740	253	0
741	234	0
742	246	2
743	243	1
744	232	0
745	269	0
746	248	0
747	252	3
748	258	0
749	255	0
750	247	5
751	254	0
752	250	0
753	225	0
754	228	2
755	258	0
756	261	0
757	258	4
758	256	4
759	244	1
760	247	0
761	268	0
762	264	0
763	259	0
764	245	0
765	236	0
766	262	0
767	255	0
768	262	0
769	264	0
770	271	2
771	243	1
772	238	2
773	262	2
774	250	1
775	256	1
776	255	0
777	264	1
778	255	0
779	244	0
780	261	1
781	234	0
782	263	2
783	224	0
784	249	0
785	254	0
786	247	0
787	256	1
788	259	3
789	239	0
790	240	0
791	261	0
792	243	0
793	253	0
794	232	0
795	276	0
796	257	0
797	257	2
798	280	0
799	258	0
800	263	0
801	241	0
802	234	0
803	267	0
804	258	0
805	222	0
806	260	0
807	252	0
808	252	0
809	244	3
810	235	1
811	236	0
812	252	0
813	264	1
814	252	0
815	242	0
816	264	0
817	248	0
818	240	0
819	244	0
820	238	1
821	253	0
822	257	0
823	236	0
824	244	0
825	263	0
826	250	0
827	259	0
828	248	0
829	272	0
830	258	0
831	248	0
832	252	0
833	245	0
834	241	3
835	247	8
836	239	0
837	241	0
838	228	0
839	243	1
840	237	0
841	247	0
842	230	0
843	254	1
844	241	0
845	265	0
846	267	3
847	240	1
848	235	0
849	247	0
850	259	4
851	227	0
852	246	0
853	252	0
854	254	0
855	240	0
856	248	0
857	222	0
858	230	0
859	246	0
860	254	0
861	261	0
862	237	0
863	251	0
864	254	1
865	225	1
866	247	0
867	264	0
868	242	0
869	254	0
870	231	3
871	242	0
872	249	1
873	251	2
874	239	4
875	254	0
876	243	0
877	258	0
878	252	0
879	252	0
880	253	0
881	238	0
882	227	0
883	236	1
884	245	1
885	246	0
886	261	0
887	247	3
888	255	0
889	259	0
890	241	0
891	252	0
892	272	3
893	208	1
894	262	6
895	248	2
896	261	0
897	254	0
898	245	0
899	256	0
900	250	0
901	243	0
902	259	0
903	252	0
904	226	0
905	224	0
906	247	0
907	251	0
908	245	0
909	254	1
910	246	0
911	245	0
912	231	0
913	254	0
914	255	0
915	256	0
916	262	2
917	250	2
918	250	1
919	248	0
920	261	0
921	259	0
922	267	0
923	235	0
924	239	0
925	256	0
926	236	0
927	257	0
928	247	0
929	249	0
930	254	0
931	250	0
932	245	0
933	252	0
934	266	0
935	265	0
936	270	0
937	232	0
938	265	0
939	247	0
940	245	1
941	249	0
942	237	0
943	246	0
944	263	2
945	249	0
946	242	0
947	265	0
948	266	4
949	249	2
950	244	0
951	249	0
952	261	0
953	249	0
954	251	1
955	261	2
956	237	0
957	255	0
958	243	0
959	238	0
960	237	0
961	251	0
962	246	2
963	232	0
964	239	0
965	246	1
966	250	0
967	228	0
968	250	0
969	258	5
970	247	3
971	255	0
972	253	0
973	257	0
974	244	0
975	243	2
976	272	0
977	251	0
978	247	0
979	233	0
980	275	0
981	265	0
982	251	0
983	260	0
984	260	0
985	234	0
986	252	0
987	277	0
988	244	0
989	249	0
990	245	0
991	257	0
992	248	0
993	267	2
994	246	0
995	246	4
996	252	6
997	232	0
998	240	0
999	261	0
