0	2000	0
1	995	0
2	1013	0
3	954	0
4	970	0
5	1001	0
6	1035	0
7	978	0
8	991	0
9	1017	0
10	1008	0
11	1049	0
12	1040	0
13	993	1
14	1061	0
15	1050	0
16	983	0
17	964	0
18	1004	0
19	1008	0
20	956	0
21	960	1
22	993	0
23	974	0
24	987	0
25	993	0
26	962	0
27	1005	0
28	1013	0
29	1046	0
30	1026	0
31	984	0
32	1028	0
33	1017	0
34	1025	0
35	997	1
36	1008	0
37	966	0
38	1020	0
39	995	0
40	981	1
41	1015	0
42	1006	0
43	1019	0
44	973	0
45	989	0
46	972	0
47	1014	0
48	986	0
49	987	0
50	1025	1
51	1025	0
52	1014	0
53	999	0
54	995	0
55	971	0
56	977	0
57	988	0
58	969	0
59	1016	0
60	1005	2
61	1016	0
62	981	0
63	1001	0
64	978	0
65	960	1
66	962	0
67	1001	0
68	1042	0
69	966	3
70	1021	0
71	987	0
72	1000	3
73	1032	0
74	973	0
75	1011	1
76	1021	0
77	1002	1
78	1027	0
79	998	0
80	966	0
81	1016	3
82	992	0
83	975	0
84	988	0
85	1000	0
86	956	0
87	978	0
88	997	0
89	992	0
90	970	0
91	1001	0
92	1024	0
93	968	0
94	1019	0
95	1016	0
96	1022	0
97	991	0
98	959	0
99	1024	0
100	1038	0
101	1009	0
102	1018	0
103	1017	0
104	1011	0
105	1017	0
106	995	0
107	999	3
108	994	2
109	1013	4
110	1006	1
111	1016	0
112	1021	0
113	1031	1
114	967	0
115	981	0
116	1017	0
117	986	0
118	988	1
119	1016	0
120	1008	0
121	1030	0
122	995	0
123	987	0
124	999	0
125	982	0
126	991	3
127	988	0
128	1005	0
129	981	0
130	1016	1
131	1006	0
132	987	2
133	1034	1
134	1018	0
135	996	0
136	1005	0
137	1026	0
138	1020	0
139	984	1
140	1000	0
141	1007	0
142	1038	0
143	1012	0
144	1008	0
145	1003	0
146	994	0
147	1021	0
148	989	0
149	931	0
150	970	0
151	1039	0
152	969	0
153	1016	0
154	1018	1
155	1032	0
156	1001	2
157	1006	0
158	1023	0
159	1018	1
160	1026	0
161	982	0
162	995	0
163	990	0
164	988	0
165	1020	0
166	1007	0
167	941	0
168	1006	0
169	997	0
170	1011	0
171	1032	0
172	1028	0
173	986	0
174	1044	0
175	982	2
176	1006	0
177	1007	0
178	964	1
179	1019	5
180	1011	1
181	990	0
182	1010	0
183	1019	0
184	1051	0
185	973	0
186	1006	0
187	1028	0
188	967	0
189	1016	0
190	980	0
191	1015	0
192	987	1
193	1036	0
194	1010	0
195	1020	0
196	1034	0
197	971	0
198	1007	0
199	1029	0
200	1027	0
201	1033	0
202	971	0
203	981	0
204	1006	0
205	984	0
206	996	0
207	1027	0
208	985	0
209	1017	0
210	966	0
211	978	0
212	998	0
213	1021	0
214	967	1
215	1009	0
216	1022	1
217	1003	0
218	1024	0
219	949	0
220	1016	0
221	1022	0
222	1003	0
223	991	0
224	981	0
225	1028	0
226	1013	0
227	1017	0
228	1015	0
229	1008	0
230	983	0
231	984	0
232	991	0
233	994	3
234	973	0
235	985	0
236	1029	0
237	1003	0
238	983	0
239	984	0
240	1020	0
241	1007	0
242	1004	0
243	1008	0
244	994	0
245	980	0
246	964	0
247	996	2
248	994	0
249	1051	0
250	1024	1
251	979	1
252	983	2
253	995	1
254	994	0
255	979	2
256	1040	0
257	988	0
258	989	0
259	979	0
260	995	0
261	1011	0
262	968	0
263	1019	2
264	995	0
265	977	0
266	956	0
267	976	0
268	1010	0
269	985	0
270	1064	0
271	973	0
272	1022	0
273	971	0
274	1022	0
275	946	0
276	1006	0
277	1014	0
278	1000	1
279	977	0
280	999	0
281	1009	4
282	997	0
283	1010	0
284	997	0
285	980	0
286	985	0
287	1015	0
288	977	0
289	972	0
290	991	0
291	1000	0
292	981	0
293	1017	0
294	1060	1
295	1026	0
296	1027	0
297	991	0
298	991	0
299	1007	0
300	982	0
301	1040	0
302	996	3
303	996	0
304	1000	0
305	992	0
306	1011	0
307	1004	0
308	1032	0
309	1013	0
310	1039	0
311	1025	0
312	985	0
313	1018	0
314	997	0
315	1021	0
316	1031	0
317	1024	2
318	1044	0
319	968	0
320	996	0
321	1010	1
322	1000	2
323	971	0
324	996	1
325	1006	0
326	980	0
327	1030	1
328	1030	1
329	994	0
330	984	0
331	1003	0
332	988	0
333	1014	0
334	990	0
335	1008	0
336	1030	1
337	984	0
338	1009	0
339	1040	0
340	970	1
341	1008	0
342	1009	0
343	998	0
344	1033	0
345	984	0
346	960	0
347	991	0
348	1003	1
349	977	0
350	1042	0
351	961	0
352	995	0
353	1002	0
354	987	2
355	1034	0
356	1029	0
357	981	0
358	976	0
359	1031	0
360	987	0
361	1026	0
362	1027	0
363	1029	0
364	996	0
365	972	0
366	991	0
367	1002	0
368	1057	0
369	991	0
370	1005	0
371	993	0
372	999	0
373	990	0
374	1039	0
375	981	0
376	1019	0
377	965	0
378	995	0
379	1015	0
380	966	0
381	1017	0
382	1043	0
383	1037	0
384	1026	0
385	1034	0
386	1000	0
387	1006	0
388	1011	0
389	977	0
390	994	1
391	1020	0
392	1031	0
393	1001	0
394	1003	0
395	1012	0
396	954	1
397	982	0
398	1017	0
399	975	0
400	1016	0
401	1019	0
402	976	0
403	995	0
404	1030	0
405	995	0
406	988	0
407	976	0
408	993	0
409	984	0
410	965	0
411	981	0
412	1008	0
413	988	0
414	1011	0
415	1044	0
416	999	0
417	987	0
418	1012	0
419	1012	0
420	1022	0
421	999	0
422	1011	0
423	1009	0
424	949	0
425	998	0
426	975	0
427	970	0
428	954	0
429	1024	0
430	1013	0
431	960	0
432	971	1
433	1048	0
434	985	0
435	978	0
436	998	0
437	1025	0
438	991	0
439	1053	2
440	1037	0
441	984	0
442	964	0
443	1005	0
444	995	0
445	1007	0
446	992	0
447	1001	0
448	980	0
449	997	0
450	995	0
451	988	1
452	980	0
453	1002	1
454	978	0
455	994	0
456	982	0
457	996	0
458	999	1
459	964	3
460	995	2
461	1037	0
462	1003	0
463	1008	0
464	1001	0
465	1009	0
466	1032	0
467	1012	0
468	1017	0
469	994	1
470	1001	0
471	998	0
472	966	0
473	1006	0
474	1030	0
475	1009	0
476	1032	0
477	1026	0
478	992	0
479	1008	0
480	998	0
481	1036	0
482	973	0
483	990	0
484	1020	0
485	1001	0
486	958	0
487	966	0
488	992	0
489	997	0
490	990	0
491	1015	0
492	998	0
493	989	0
494	985	0
495	994	0
496	1016	0
497	1039	0
498	1005	1
499	951	0
500	1019	0
501	1010	0
502	963	0
503	1015	0
504	1000	0
505	1027	0
506	1005	0
507	1019	0
508	989	0
509	977	0
510	1004	0
511	955	0
512	1027	0
513	1011	0
514	1025	0
515	1040	0
516	994	0
517	1010	0
518	987	0
519	983	0
520	998	0
521	996	0
522	992	0
523	987	0
524	971	0
525	1001	0
526	1021	0
527	991	0
528	1011	0
529	1019	0
530	998	0
531	996	0
532	996	0
533	988	0
534	1027	0
535	1016	0
536	1027	0
537	1027	0
538	981	0
539	1043	0
540	951	0
541	999	0
542	998	0
543	957	0
544	1030	0
545	1010	0
546	1001	0
547	975	0
548	1014	0
549	949	0
550	976	0
551	1007	0
552	991	0
553	1018	0
554	1005	0
555	999	0
556	999	1
557	1022	1
558	981	0
559	969	0
560	1032	3
561	996	0
562	999	2
563	1026	2
564	985	0
565	1021	0
566	1019	0
567	1007	0
568	1035	0
569	992	0
570	995	0
571	1011	0
572	1047	2
573	1000	1
574	1011	0
575	1012	0
576	989	0
577	997	1
578	993	4
579	1007	0
580	1031	0
581	976	0
582	970	0
583	984	0
584	1015	0
585	1027	0
586	984	0
587	970	0
588	1003	0
589	1024	0
590	998	0
591	1007	0
592	1004	0
593	984	0
594	1008	0
595	994	0
596	1006	0
597	1007	0
598	983	0
599	1022	0
600	1020	0
601	1005	3
602	1035	2
603	985	0
604	999	0
605	994	0
606	997	0
607	1022	0
608	959	0
609	1031	0
610	1034	0
611	954	0
612	995	0
613	992	0
614	1013	0
615	969	0
616	976	0
617	1012	0
618	1022	0
619	996	0
620	959	0
621	1018	0
622	976	0
623	1017	0
624	1001	0
625	939	0
626	1000	0
627	1023	1
628	1003	0
629	1017	0
630	990	0
631	977	0
632	1010	0
633	1001	0
634	1018	1
635	958	0
636	987	0
637	990	2
638	979	0
639	978	0
640	993	0
641	986	0
642	966	0
643	1004	0
644	989	0
645	951	0
646	988	0
647	1000	0
648	985	0
649	1013	0
650	1010	2
651	981	0
652	990	0
653	1010	0
654	1009	0
655	1019	0
656	1007	0
657	987	2
658	1004	0
659	989	0
660	1002	0
661	1049	0
662	1030	0
663	1016	0
664	973	0
665	1009	0
666	992	0
667	997	0
668	973	0
669	1027	0
670	1016	0
671	1029	0
672	1000	0
673	991	0
674	1020	0
675	1010	0
676	967	0
677	997	0
678	1015	0
679	1018	0
680	993	0
681	990	1
682	977	0
683	1039	0
684	1010	0
685	996	0
686	979	0
687	983	0
688	985	0
689	992	0
690	1020	0
691	988	0
692	1007	0
693	1017	0
694	1011	0
695	1000	0
696	1024	0
697	982	0
698	996	0
699	953	0
700	1055	2
701	993	0
702	1013	0
703	1047	0
704	1023	0
705	965	0
706	1014	2
707	1012	4
708	1027	0
709	994	0
710	978	0
711	975	0
712	973	2
713	989	0
714	981	0
715	1017	0
716	983	0
717	1002	0
718	1027	0
719	1009	0
720	1017	0
721	984	0
722	967	0
723	975	0
724	976	3
725	1036	0
726	988	0
727	1009	1
728	1063	0
729	998	0
730	1002	0
731	986	0
732	1011	0
733	992	0
734	992	0
735	970	0
736	980	0
737	1026	0
738	999	0
739	965	0
740	997	1
741	997	0
742	990	1
743	949	0
744	957	0
745	1016	0
746	992	0
747	1007	0
748	1009	0
749	1000	0
750	1000	0
751	1025	0
752	1010	0
753	995	0
754	1003	0
755	964	3
756	995	3
757	1005	1
758	1001	0
759	975	0
760	1028	0
761	1032	0
762	1024	0
763	982	0
764	1040	0
765	990	0
766	967	0
767	965	0
768	1043	0
769	1001	0
770	1009	0
771	950	0
772	983	0
773	1020	0
774	975	0
775	1020	0
776	1009	2
777	969	0
778	1013	0
779	1008	0
780	1040	0
781	1004	0
782	979	0
783	1006	0
784	1041	0
785	1011	0
786	1006	2
787	1005	0
788	998	0
789	965	1
790	966	0
791	990	3
792	1023	0
793	1013	0
794	1019	0
795	990	1
796	991	0
797	983	0
798	977	0
799	1024	0
800	1021	0
801	1003	0
802	1012	0
803	1015	0
804	1048	0
805	1010	0
806	984	0
807	1022	1
808	1017	0
809	1035	0
810	1025	0
811	970	2
812	971	0
813	989	0
814	1018	0
815	1009	0
816	1013	1
817	1031	0
818	1005	0
819	985	0
820	1014	0
821	1017	0
822	1045	0
823	978	0
824	1031	1
825	997	0
826	1007	0
827	1046	4
828	955	0
829	994	2
830	1016	0
831	1011	0
832	1022	1
833	994	0
834	985	2
835	997	0
836	970	0
837	990	0
838	1011	0
839	993	0
840	955	3
841	963	0
842	969	0
843	965	0
844	1024	0
845	1020	1
846	1026	0
847	979	0
848	1012	0
849	976	0
850	1011	0
851	1038	0
852	1019	0
853	994	0
854	998	0
855	989	0
856	968	0
857	1003	0
858	995	0
859	1007	0
860	1031	0
861	1011	0
862	1011	0
863	1002	0
864	997	0
865	967	1
866	1000	2
867	981	0
868	998	0
869	991	0
870	1023	0
871	977	0
872	1036	0
873	966	0
874	1001	0
875	987	0
876	989	0
877	982	0
878	999	0
879	1024	0
880	1005	0
881	956	0
882	994	0
883	979	0
884	970	0
885	962	0
886	981	0
887	1000	0
888	989	1
889	1028	0
890	978	0
891	993	1
892	974	0
893	982	2
894	1005	0
895	1021	0
896	999	0
897	999	1
898	981	0
899	989	0
900	1002	0
901	998	0
902	1007	0
903	994	0
904	989	0
905	1030	1
906	1030	0
907	993	0
908	1001	0
909	1041	0
910	986	0
911	955	0
912	1013	0
913	974	0
914	1011	0
915	1012	1
916	966	1
917	1013	0
918	1019	0
919	964	0
920	1001	0
921	994	1
922	957	0
923	986	0
924	1016	0
925	997	0
926	990	0
927	981	0
928	973	0
929	1007	0
930	1017	0
931	1030	0
932	1000	0
933	1017	0
934	1013	4
935	990	0
936	1055	2
937	990	0
938	1021	0
939	986	1
940	1020	1
941	1036	0
942	1002	0
943	1017	0
944	1004	0
945	1038	0
946	1028	0
947	1047	0
948	979	2
949	988	0
950	1008	0
951	989	0
952	1013	0
953	1015	0
954	1031	2
955	1016	0
956	1018	0
957	1049	0
958	1006	0
959	963	0
960	1002	1
961	1008	0
962	1006	0
963	970	1
964	1045	0
965	1002	0
966	986	0
967	1030	0
968	997	0
969	1016	0
970	989	0
971	978	0
972	979	0
973	987	0
974	986	0
975	1013	0
976	1001	0
977	966	0
978	1008	1
979	989	0
980	996	0
981	972	0
982	1016	0
983	984	0
984	1022	0
985	960	0
986	1014	0
987	1023	0
988	969	0
989	975	0
990	945	1
991	1017	0
992	1012	0
993	1012	0
994	1015	0
995	1031	0
996	1031	0
997	1015	0
998	999	0
999	1020	0
