0	500	0
1	259	8
2	261	5
3	231	0
4	248	1
5	240	3
6	249	6
7	242	9
8	254	6
9	227	5
10	260	6
11	258	2
12	247	0
13	254	0
14	254	4
15	236	4
16	255	2
17	246	7
18	230	3
19	248	1
20	246	2
21	250	0
22	263	0
23	239	0
24	247	0
25	244	0
26	219	0
27	246	4
28	268	0
29	260	12
30	243	2
31	256	6
32	266	3
33	251	2
34	259	3
35	219	2
36	237	1
37	257	5
38	269	3
39	248	5
40	256	1
41	244	0
42	245	3
43	271	3
44	247	3
45	258	0
46	251	5
47	227	2
48	253	0
49	258	4
50	263	1
51	248	0
52	262	0
53	237	3
54	247	1
55	257	1
56	232	2
57	247	3
58	228	4
59	277	3
60	251	6
61	244	2
62	245	5
63	252	11
64	269	4
65	262	3
66	268	8
67	238	3
68	239	0
69	246	1
70	265	2
71	262	4
72	231	4
73	242	0
74	255	1
75	274	1
76	251	0
77	242	0
78	256	0
79	243	4
80	252	2
81	254	0
82	264	0
83	264	2
84	235	0
85	253	1
86	248	1
87	247	0
88	273	7
89	252	0
90	260	0
91	258	3
92	258	3
93	254	2
94	264	0
95	241	6
96	263	4
97	244	3
98	244	2
99	264	8
100	248	0
101	252	1
102	225	1
103	237	9
104	254	7
105	265	4
106	265	6
107	255	2
108	257	1
109	239	7
110	242	1
111	253	1
112	275	8
113	255	5
114	229	0
115	260	0
116	248	0
117	252	1
118	260	5
119	259	1
120	248	2
121	255	4
122	241	2
123	229	0
124	229	0
125	249	0
126	248	2
127	260	0
128	250	1
129	259	7
130	248	2
131	256	0
132	248	5
133	229	4
134	248	3
135	256	6
136	259	8
137	259	8
138	256	2
139	249	0
140	253	5
141	246	5
142	244	1
143	258	1
144	239	5
145	253	9
146	254	5
147	255	2
148	249	5
149	248	6
150	248	1
151	257	0
152	269	2
153	240	5
154	267	2
155	258	7
156	238	0
157	266	0
158	276	0
159	235	5
160	238	0
161	262	1
162	238	0
163	244	2
164	273	1
165	245	5
166	266	9
167	243	5
168	259	0
169	246	0
170	225	1
171	263	0
172	244	1
173	236	3
174	231	5
175	257	9
176	249	5
177	253	2
178	249	0
179	257	1
180	257	1
181	267	3
182	251	4
183	254	4
184	258	4
185	238	4
186	247	4
187	257	8
188	247	4
189	260	2
190	248	7
191	246	2
192	241	1
193	275	4
194	263	2
195	254	1
196	254	5
197	263	1
198	236	0
199	242	1
200	241	0
201	244	0
202	252	4
203	265	3
204	254	0
205	261	3
206	265	5
207	254	2
208	227	4
209	246	9
210	250	7
211	252	5
212	263	2
213	233	1
214	234	3
215	228	5
216	231	2
217	241	2
218	255	3
219	246	9
220	260	1
221	233	0
222	235	2
223	249	3
224	246	4
225	259	0
226	249	0
227	250	0
228	254	2
229	245	1
230	253	0
231	233	0
232	248	1
233	245	4
234	254	0
235	248	0
236	231	0
237	227	0
238	251	0
239	252	5
240	243	0
241	249	2
242	252	5
243	245	2
244	260	2
245	254	5
246	255	0
247	243	1
248	248	3
249	238	1
250	239	0
251	247	0
252	263	1
253	262	1
254	249	4
255	244	3
256	229	4
257	258	2
258	252	2
259	254	4
260	259	3
261	242	0
262	235	2
263	269	5
264	255	5
265	251	3
266	255	1
267	261	1
268	258	4
269	257	2
270	249	3
271	235	1
272	266	0
273	263	0
274	236	4
275	257	0
276	242	3
277	265	6
278	255	2
279	255	7
280	252	3
281	246	5
282	262	5
283	231	11
284	252	8
285	277	4
286	268	1
287	250	0
288	243	6
289	255	4
290	231	4
291	257	5
292	251	5
293	251	0
294	254	2
295	249	6
296	241	11
297	246	5
298	258	7
299	248	5
300	237	0
301	255	0
302	270	0
303	253	0
304	256	0
305	250	3
306	236	4
307	246	2
308	212	5
309	237	4
310	266	3
311	239	5
312	240	0
313	258	2
314	262	9
315	268	3
316	254	4
317	249	4
318	248	5
319	257	13
320	247	1
321	258	0
322	251	2
323	251	1
324	256	1
325	251	6
326	261	4
327	246	3
328	236	3
329	258	3
330	243	0
331	262	0
332	258	0
333	266	2
334	245	2
335	223	3
336	225	2
337	262	1
338	241	6
339	241	10
340	245	8
341	263	6
342	258	0
343	230	0
344	247	5
345	236	2
346	265	6
347	242	7
348	250	5
349	249	6
350	253	0
351	270	0
352	239	0
353	230	3
354	236	9
355	259	6
356	282	1
357	239	0
358	256	0
359	263	5
360	256	8
361	251	4
362	259	5
363	251	0
364	264	5
365	266	2
366	229	0
367	246	0
368	255	0
369	273	4
370	233	1
371	242	3
372	256	6
373	252	4
374	240	5
375	265	2
376	254	0
377	263	8
378	221	10
379	245	5
380	253	1
381	240	0
382	232	0
383	251	0
384	256	1
385	261	7
386	230	5
387	264	6
388	251	5
389	252	6
390	263	5
391	258	2
392	255	0
393	253	0
394	236	0
395	243	2
396	257	0
397	243	1
398	252	6
399	246	6
400	250	0
401	243	0
402	238	1
403	265	2
404	242	9
405	260	10
406	247	7
407	262	4
408	240	2
409	247	6
410	243	1
411	244	6
412	253	2
413	260	0
414	233	0
415	250	0
416	255	0
417	248	0
418	255	0
419	242	1
420	257	2
421	262	0
422	252	4
423	244	2
424	243	0
425	249	0
426	259	6
427	255	4
428	243	5
429	259	5
430	243	4
431	258	3
432	252	9
433	230	9
434	248	4
435	263	1
436	254	3
437	252	2
438	248	10
439	247	9
440	254	3
441	228	2
442	242	0
443	239	0
444	245	2
445	276	4
446	247	0
447	241	3
448	259	0
449	256	7
450	243	8
451	249	1
452	263	0
453	244	7
454	259	1
455	261	2
456	244	9
457	247	6
458	232	12
459	250	6
460	238	2
461	250	5
462	252	11
463	268	4
464	259	0
465	267	0
466	264	1
467	259	0
468	251	2
469	252	4
470	250	0
471	257	3
472	259	4
473	238	10
474	246	2
475	250	8
476	260	3
477	249	0
478	240	1
479	269	4
480	266	7
481	246	9
482	246	4
483	245	11
484	243	6
485	236	2
486	268	1
487	251	5
488	237	0
489	264	2
490	252	0
491	260	0
492	239	6
493	235	0
494	230	1
495	255	0
496	232	2
497	233	1
498	248	0
499	258	4
500	254	1
501	244	0
502	228	0
503	255	6
504	245	2
505	242	4
506	236	4
507	279	2
508	249	4
509	261	0
510	238	0
511	239	0
512	256	4
513	247	1
514	245	6
515	273	1
516	251	1
517	234	3
518	274	5
519	261	5
520	258	1
521	244	3
522	241	4
523	241	6
524	260	1
525	240	0
526	243	5
527	237	1
528	249	0
529	260	0
530	238	2
531	256	3
532	251	0
533	253	6
534	265	3
535	262	6
536	262	1
537	249	10
538	245	5
539	250	14
540	273	5
541	236	4
542	250	0
543	252	1
544	233	1
545	241	0
546	233	0
547	240	5
548	252	4
549	267	2
550	251	0
551	254	0
552	252	0
553	251	4
554	239	5
555	247	0
556	228	6
557	230	2
558	246	4
559	245	0
560	258	0
561	257	6
562	266	4
563	251	2
564	268	4
565	246	1
566	256	1
567	260	3
568	238	4
569	270	1
570	247	0
571	246	2
572	266	4
573	246	6
574	249	1
575	253	2
576	247	3
577	223	0
578	274	0
579	261	0
580	233	2
581	273	8
582	257	11
583	253	7
584	246	3
585	237	4
586	261	0
587	245	2
588	256	3
589	229	0
590	260	7
591	246	2
592	250	0
593	239	0
594	251	1
595	245	6
596	254	2
597	251	4
598	246	3
599	263	4
600	245	0
601	236	0
602	253	0
603	240	1
604	246	3
605	240	0
606	256	0
607	260	5
608	265	0
609	252	0
610	257	6
611	264	4
612	258	0
613	253	1
614	239	0
615	267	0
616	246	3
617	242	7
618	263	4
619	231	3
620	250	3
621	238	9
622	265	6
623	252	2
624	249	2
625	256	5
626	239	3
627	251	0
628	264	10
629	249	1
630	241	4
631	242	7
632	237	4
633	254	5
634	251	10
635	257	2
636	273	1
637	262	5
638	268	0
639	265	0
640	253	0
641	244	0
642	254	4
643	226	6
644	236	1
645	254	0
646	249	0
647	243	0
648	267	1
649	256	0
650	243	0
651	255	0
652	257	1
653	242	1
654	246	4
655	256	2
656	247	5
657	238	7
658	248	9
659	236	4
660	271	5
661	258	1
662	260	5
663	251	0
664	256	2
665	243	3
666	249	0
667	263	2
668	263	0
669	253	1
670	239	5
671	232	2
672	250	0
673	273	1
674	243	5
675	247	2
676	257	6
677	262	7
678	279	0
679	262	0
680	248	0
681	258	2
682	246	2
683	235	0
684	251	0
685	233	8
686	245	11
687	244	0
688	259	0
689	255	4
690	230	6
691	257	0
692	252	2
693	247	0
694	236	0
695	237	3
696	255	1
697	249	1
698	248	5
699	246	8
700	259	6
701	249	17
702	240	1
703	249	2
704	267	2
705	236	1
706	265	0
707	249	0
708	257	2
709	225	7
710	260	10
711	263	6
712	251	0
713	262	3
714	236	9
715	244	1
716	255	0
717	258	4
718	254	11
719	238	3
720	253	7
721	246	0
722	241	0
723	267	2
724	261	4
725	238	4
726	246	2
727	252	4
728	255	1
729	259	0
730	241	3
731	262	0
732	234	2
733	233	1
734	271	3
735	258	2
736	262	3
737	238	5
738	256	2
739	254	0
740	246	3
741	247	2
742	242	2
743	247	1
744	251	0
745	235	0
746	238	3
747	254	1
748	241	3
749	246	0
750	225	3
751	241	0
752	246	1
753	227	4
754	234	0
755	261	0
756	224	2
757	236	0
758	240	2
759	253	0
760	251	6
761	246	1
762	255	1
763	263	2
764	261	0
765	245	0
766	258	6
767	235	5
768	260	3
769	251	1
770	265	0
771	249	0
772	242	1
773	248	3
774	269	0
775	268	5
776	239	6
777	257	5
778	263	0
779	258	4
780	265	0
781	230	6
782	240	2
783	278	0
784	249	0
785	272	1
786	252	0
787	250	0
788	252	0
789	235	0
790	231	0
791	248	0
792	263	0
793	271	0
794	264	1
795	259	0
796	265	0
797	258	3
798	234	2
799	250	1
800	252	1
801	257	0
802	235	3
803	251	0
804	243	5
805	263	6
806	242	3
807	239	0
808	250	0
809	252	0
810	238	6
811	241	4
812	252	3
813	238	7
814	248	1
815	260	0
816	242	0
817	233	8
818	260	1
819	268	4
820	247	3
821	241	0
822	253	0
823	263	0
824	247	0
825	252	1
826	240	1
827	238	3
828	232	4
829	244	2
830	240	0
831	253	2
832	251	4
833	268	0
834	243	0
835	267	8
836	242	0
837	246	2
838	255	12
839	239	3
840	253	0
841	248	3
842	237	5
843	269	3
844	251	2
845	261	3
846	249	0
847	251	0
848	260	0
849	249	10
850	235	0
851	243	0
852	271	3
853	217	6
854	238	8
855	253	4
856	249	4
857	253	2
858	251	1
859	249	2
860	227	3
861	254	4
862	243	3
863	259	4
864	242	1
865	224	3
866	254	4
867	226	2
868	254	5
869	244	3
870	237	7
871	243	4
872	253	8
873	254	6
874	235	1
875	247	6
876	273	7
877	257	16
878	246	8
879	242	4
880	254	4
881	241	3
882	271	0
883	255	0
884	250	0
885	249	0
886	259	0
887	267	0
888	273	0
889	238	0
890	245	0
891	271	3
892	248	1
893	252	0
894	252	0
895	257	0
896	246	6
897	258	7
898	257	0
899	234	5
900	231	0
901	249	0
902	244	3
903	263	1
904	265	2
905	268	6
906	245	0
907	258	0
908	242	0
909	235	1
910	268	3
911	256	7
912	252	2
913	223	0
914	221	1
915	268	0
916	253	8
917	271	2
918	256	8
919	255	11
920	239	0
921	226	0
922	256	2
923	239	0
924	263	3
925	248	5
926	242	1
927	260	1
928	257	2
929	255	8
930	261	7
931	227	2
932	248	0
933	254	1
934	259	0
935	254	0
936	268	4
937	239	6
938	238	0
939	267	4
940	243	0
941	268	0
942	260	0
943	251	1
944	237	0
945	255	4
946	260	3
947	261	1
948	262	0
949	248	4
950	253	14
951	257	0
952	251	0
953	246	1
954	230	5
955	276	0
956	255	0
957	244	1
958	239	2
959	244	5
960	256	11
961	241	4
962	255	1
963	245	3
964	257	12
965	237	5
966	244	1
967	248	0
968	253	4
969	243	12
970	250	2
971	242	0
972	246	8
973	246	14
974	225	0
975	254	4
976	239	2
977	243	6
978	280	8
979	239	3
980	264	0
981	237	2
982	261	0
983	254	2
984	253	4
985	255	3
986	246	5
987	267	1
988	234	5
989	252	0
990	224	3
991	253	0
992	241	4
993	265	3
994	234	0
995	261	0
996	239	0
997	225	0
998	252	0
999	252	0
