0	500	0
1	258	0
2	239	2
3	258	2
4	248	2
5	246	0
6	257	0
7	243	0
8	268	0
9	243	0
10	251	0
11	255	0
12	254	0
13	244	0
14	241	1
15	259	8
16	270	2
17	249	0
18	239	0
19	254	8
20	257	2
21	253	0
22	242	0
23	236	6
24	245	14
25	249	5
26	246	0
27	259	4
28	269	7
29	241	4
30	250	1
31	220	5
32	240	6
33	247	1
34	269	0
35	239	0
36	256	0
37	239	0
38	236	1
39	250	13
40	240	4
41	254	0
42	272	2
43	252	7
44	248	4
45	253	0
46	254	0
47	244	0
48	235	2
49	258	11
50	241	0
51	247	10
52	244	0
53	254	0
54	258	0
55	247	0
56	258	0
57	248	0
58	245	0
59	238	0
60	251	3
61	253	0
62	257	0
63	252	2
64	251	2
65	230	4
66	245	2
67	241	7
68	269	12
69	244	0
70	239	3
71	241	0
72	247	0
73	268	2
74	274	0
75	259	1
76	273	0
77	253	1
78	258	0
79	247	0
80	267	0
81	259	9
82	270	0
83	251	6
84	250	1
85	259	0
86	237	0
87	233	0
88	258	0
89	251	1
90	256	1
91	247	0
92	239	0
93	225	0
94	273	3
95	230	0
96	251	0
97	244	0
98	259	0
99	242	0
100	256	0
101	237	0
102	229	0
103	232	0
104	242	3
105	243	3
106	234	1
107	260	0
108	275	3
109	259	0
110	236	1
111	242	1
112	243	2
113	234	0
114	258	0
115	242	0
116	254	0
117	251	0
118	255	0
119	252	0
120	246	0
121	254	0
122	240	1
123	232	0
124	230	0
125	263	1
126	260	0
127	229	1
128	265	4
129	261	0
130	230	0
131	245	1
132	244	5
133	253	3
134	241	0
135	248	0
136	257	0
137	265	0
138	242	1
139	242	0
140	242	0
141	237	0
142	256	1
143	239	2
144	268	0
145	243	0
146	239	0
147	233	0
148	263	1
149	253	0
150	258	0
151	263	0
152	256	5
153	242	2
154	250	4
155	249	0
156	253	0
157	238	0
158	236	0
159	253	0
160	258	0
161	245	0
162	261	8
163	246	0
164	246	0
165	232	0
166	248	0
167	254	1
168	261	0
169	250	0
170	255	0
171	275	1
172	251	0
173	237	0
174	254	0
175	260	0
176	255	3
177	260	0
178	249	0
179	268	0
180	255	0
181	251	0
182	242	5
183	254	2
184	252	1
185	247	5
186	250	7
187	248	9
188	250	6
189	263	0
190	235	3
191	254	2
192	246	5
193	261	0
194	249	2
195	261	1
196	249	10
197	253	0
198	243	0
199	275	0
200	255	12
201	261	0
202	223	0
203	262	0
204	266	3
205	264	0
206	247	2
207	263	0
208	246	2
209	241	1
210	242	0
211	265	1
212	246	0
213	250	0
214	256	11
215	223	3
216	251	0
217	260	0
218	253	8
219	247	9
220	239	3
221	247	0
222	244	2
223	241	2
224	232	5
225	240	3
226	253	0
227	227	0
228	247	0
229	241	0
230	244	0
231	237	0
232	239	2
233	247	0
234	245	0
235	235	0
236	255	3
237	239	0
238	252	0
239	253	0
240	235	0
241	249	3
242	229	0
243	240	4
244	240	1
245	250	9
246	248	0
247	244	0
248	241	0
249	250	1
250	248	11
251	254	14
252	259	1
253	229	0
254	257	0
255	267	0
256	262	2
257	272	10
258	263	6
259	247	0
260	257	0
261	237	0
262	256	0
263	245	0
264	256	4
265	253	10
266	247	0
267	255	0
268	239	1
269	235	0
270	245	0
271	254	0
272	248	0
273	267	1
274	234	0
275	249	0
276	256	0
277	269	0
278	252	0
279	257	0
280	260	0
281	246	0
282	242	2
283	257	1
284	263	12
285	245	13
286	254	1
287	255	6
288	241	0
289	251	0
290	242	0
291	259	1
292	254	0
293	227	2
294	249	10
295	248	0
296	270	2
297	264	0
298	249	0
299	272	2
300	233	0
301	253	2
302	249	0
303	240	0
304	255	2
305	261	0
306	257	0
307	240	0
308	264	1
309	271	1
310	245	0
311	250	0
312	243	3
313	253	0
314	275	0
315	256	0
316	244	0
317	253	0
318	244	0
319	259	2
320	262	4
321	248	0
322	238	0
323	252	0
324	257	0
325	241	0
326	251	5
327	248	1
328	232	0
329	262	0
330	240	0
331	237	0
332	256	0
333	267	0
334	241	2
335	277	0
336	241	0
337	268	1
338	249	0
339	248	0
340	241	6
341	220	12
342	248	7
343	242	0
344	251	0
345	266	1
346	267	0
347	251	0
348	231	4
349	242	0
350	252	0
351	244	0
352	236	2
353	237	5
354	248	0
355	250	0
356	245	0
357	248	0
358	236	3
359	239	3
360	243	6
361	252	0
362	262	0
363	237	0
364	243	1
365	253	0
366	261	1
367	236	0
368	252	0
369	239	0
370	269	0
371	257	1
372	268	0
373	250	4
374	249	3
375	260	1
376	252	1
377	244	8
378	242	4
379	248	0
380	246	0
381	275	7
382	242	11
383	246	6
384	271	9
385	247	5
386	252	3
387	239	3
388	257	3
389	244	0
390	219	2
391	250	3
392	244	5
393	233	0
394	253	0
395	267	0
396	251	2
397	236	1
398	253	0
399	252	5
400	269	1
401	249	0
402	228	0
403	242	0
404	257	0
405	237	0
406	256	0
407	237	0
408	248	1
409	245	0
410	265	1
411	255	0
412	261	0
413	250	0
414	258	0
415	285	2
416	252	4
417	256	0
418	239	0
419	249	0
420	260	0
421	260	0
422	232	0
423	246	0
424	236	0
425	254	0
426	238	5
427	247	5
428	233	3
429	258	0
430	259	0
431	233	0
432	240	0
433	250	1
434	280	0
435	242	3
436	251	6
437	258	0
438	231	0
439	255	0
440	266	0
441	259	0
442	233	0
443	227	0
444	241	0
445	244	0
446	240	1
447	255	0
448	241	0
449	243	2
450	238	0
451	233	11
452	248	1
453	252	4
454	256	0
455	247	0
456	253	0
457	250	0
458	252	0
459	247	0
460	259	0
461	234	2
462	233	0
463	238	0
464	242	0
465	264	6
466	253	0
467	247	3
468	251	0
469	273	1
470	268	0
471	238	0
472	251	0
473	255	2
474	248	0
475	253	0
476	254	0
477	254	0
478	256	0
479	253	0
480	261	0
481	253	1
482	254	10
483	243	1
484	274	4
485	250	0
486	246	0
487	257	2
488	237	2
489	260	0
490	263	0
491	249	8
492	240	0
493	252	0
494	268	0
495	253	0
496	262	0
497	269	0
498	256	0
499	256	0
500	227	13
501	248	0
502	246	3
503	264	3
504	264	2
505	237	0
506	243	2
507	246	0
508	226	3
509	257	0
510	260	0
511	246	0
512	256	2
513	254	0
514	258	0
515	226	0
516	232	0
517	249	0
518	245	8
519	240	12
520	243	2
521	265	0
522	273	0
523	255	0
524	250	10
525	252	6
526	239	0
527	248	0
528	276	0
529	233	0
530	254	0
531	235	0
532	247	0
533	237	0
534	242	3
535	242	0
536	258	3
537	241	0
538	265	0
539	279	0
540	255	2
541	264	0
542	248	1
543	253	0
544	221	0
545	248	0
546	267	0
547	248	0
548	246	0
549	250	8
550	262	10
551	239	22
552	255	3
553	242	0
554	265	0
555	271	0
556	228	0
557	262	0
558	249	0
559	239	2
560	238	4
561	254	2
562	249	0
563	252	0
564	254	4
565	239	1
566	261	0
567	253	0
568	248	0
569	236	0
570	243	0
571	256	0
572	246	0
573	255	0
574	262	0
575	237	8
576	254	10
577	262	0
578	271	0
579	242	0
580	246	4
581	258	6
582	235	6
583	246	13
584	224	1
585	273	0
586	250	0
587	236	7
588	243	1
589	252	0
590	248	0
591	250	0
592	231	0
593	258	0
594	225	1
595	244	1
596	237	2
597	237	3
598	256	1
599	246	1
600	253	28
601	230	0
602	245	0
603	253	6
604	247	8
605	247	4
606	257	3
607	251	7
608	237	3
609	240	0
610	252	0
611	273	0
612	257	4
613	250	0
614	264	0
615	241	0
616	249	0
617	245	1
618	257	0
619	256	0
620	256	8
621	237	4
622	244	6
623	250	3
624	246	2
625	248	1
626	244	0
627	252	0
628	237	0
629	258	0
630	238	0
631	254	0
632	256	0
633	246	0
634	252	0
635	247	0
636	234	0
637	242	0
638	251	0
639	267	0
640	271	0
641	258	0
642	252	0
643	256	0
644	241	8
645	260	2
646	246	1
647	246	11
648	269	0
649	246	0
650	233	0
651	244	0
652	261	0
653	235	0
654	244	0
655	263	0
656	240	1
657	260	10
658	257	2
659	250	0
660	245	4
661	232	0
662	237	0
663	228	0
664	254	0
665	239	0
666	244	5
667	247	1
668	265	0
669	253	1
670	244	3
671	266	9
672	250	0
673	236	0
674	242	0
675	252	0
676	266	0
677	253	0
678	244	0
679	252	5
680	255	0
681	249	0
682	241	0
683	256	0
684	237	0
685	279	1
686	258	0
687	244	2
688	240	4
689	247	3
690	248	2
691	250	0
692	258	0
693	245	1
694	256	0
695	244	3
696	261	0
697	256	0
698	251	0
699	243	0
700	253	0
701	242	0
702	253	0
703	245	0
704	260	0
705	271	1
706	242	6
707	254	0
708	245	0
709	242	0
710	253	0
711	250	0
712	261	1
713	245	1
714	239	0
715	255	0
716	258	0
717	239	1
718	254	13
719	224	0
720	258	0
721	226	4
722	248	4
723	242	1
724	269	0
725	255	3
726	263	0
727	285	0
728	227	0
729	250	0
730	269	0
731	253	1
732	232	1
733	238	0
734	242	0
735	247	0
736	242	4
737	237	0
738	238	0
739	244	17
740	265	2
741	258	0
742	253	5
743	243	0
744	241	0
745	236	0
746	247	0
747	229	0
748	249	2
749	236	0
750	240	3
751	257	0
752	239	1
753	250	0
754	253	0
755	259	2
756	251	0
757	249	15
758	248	0
759	236	0
760	258	0
761	231	0
762	272	4
763	254	0
764	254	0
765	250	2
766	230	2
767	260	0
768	245	0
769	261	0
770	243	0
771	263	0
772	235	1
773	229	0
774	248	0
775	244	0
776	236	0
777	234	0
778	251	0
779	233	0
780	254	2
781	231	0
782	260	0
783	266	0
784	252	4
785	257	5
786	267	3
787	261	0
788	243	4
789	257	0
790	247	0
791	246	0
792	247	6
793	237	2
794	258	0
795	243	0
796	255	0
797	242	0
798	245	3
799	241	7
800	256	0
801	239	0
802	248	0
803	273	8
804	244	6
805	248	1
806	241	4
807	230	2
808	259	5
809	253	0
810	251	7
811	248	0
812	263	0
813	274	0
814	252	2
815	257	2
816	252	10
817	246	0
818	217	1
819	234	0
820	263	15
821	254	0
822	237	0
823	257	0
824	257	0
825	255	0
826	258	0
827	240	1
828	247	0
829	256	0
830	239	10
831	247	0
832	242	0
833	238	0
834	257	0
835	264	3
836	256	3
837	242	0
838	250	0
839	242	0
840	233	0
841	243	0
842	254	0
843	233	0
844	238	0
845	260	0
846	257	6
847	251	1
848	249	1
849	224	1
850	258	0
851	228	0
852	250	0
853	236	0
854	252	5
855	250	0
856	271	0
857	247	0
858	251	2
859	259	12
860	247	3
861	240	0
862	245	2
863	255	0
864	257	0
865	248	0
866	267	9
867	233	1
868	259	0
869	234	3
870	274	0
871	242	1
872	242	0
873	241	0
874	249	0
875	264	0
876	267	0
877	263	0
878	248	0
879	235	0
880	257	0
881	250	0
882	262	0
883	241	1
884	253	12
885	254	1
886	262	0
887	238	0
888	255	0
889	234	0
890	248	5
891	255	9
892	236	9
893	240	3
894	264	0
895	239	0
896	260	0
897	240	7
898	255	4
899	237	1
900	237	0
901	256	0
902	258	1
903	226	0
904	254	1
905	243	0
906	261	0
907	243	10
908	269	1
909	261	0
910	264	0
911	262	0
912	235	0
913	243	0
914	221	0
915	246	0
916	246	0
917	264	0
918	255	0
919	228	0
920	245	0
921	256	0
922	258	0
923	239	0
924	250	0
925	261	6
926	266	3
927	243	0
928	238	6
929	241	0
930	226	0
931	228	0
932	247	0
933	264	0
934	241	0
935	263	0
936	255	10
937	225	9
938	236	5
939	251	1
940	245	0
941	248	3
942	234	8
943	250	0
944	238	3
945	245	4
946	248	0
947	246	1
948	242	0
949	254	0
950	252	0
951	232	1
952	230	0
953	254	0
954	250	5
955	255	0
956	246	0
957	254	12
958	239	1
959	249	0
960	251	0
961	259	0
962	254	2
963	221	0
964	242	0
965	251	0
966	253	0
967	228	1
968	250	0
969	268	0
970	233	0
971	249	0
972	242	1
973	254	6
974	238	0
975	275	0
976	251	0
977	241	1
978	242	0
979	250	3
980	252	10
981	265	12
982	247	4
983	267	4
984	242	3
985	267	3
986	251	0
987	271	0
988	271	2
989	232	3
990	234	8
991	227	6
992	259	9
993	233	0
994	264	2
995	270	2
996	232	1
997	250	0
998	238	4
999	246	2
