0	2000	0
1	2000	6
2	2000	2
3	2000	7
4	2000	6
5	2000	10
6	2000	7
7	2000	6
8	2000	0
9	2000	0
10	2000	2
11	2000	16
12	2000	7
13	2000	5
14	2000	4
15	2000	4
16	2000	13
17	2000	12
18	2000	8
19	2000	9
20	2000	9
21	2000	2
22	2000	7
23	2000	9
24	2000	0
25	2000	3
26	2000	4
27	2000	0
28	2000	8
29	2000	12
30	2000	9
31	2000	4
32	2000	9
33	2000	2
34	2000	4
35	2000	4
36	2000	2
37	2000	0
38	2000	0
39	2000	0
40	2000	0
41	2000	0
42	2000	1
43	2000	2
44	2000	3
45	2000	8
46	2000	11
47	2000	1
48	2000	2
49	2000	7
50	2000	5
51	2000	0
52	2000	5
53	2000	1
54	2000	3
55	2000	2
56	2000	1
57	2000	5
58	2000	8
59	2000	4
60	2000	1
61	2000	1
62	2000	8
63	2000	1
64	2000	3
65	2000	0
66	2000	0
67	2000	2
68	2000	0
69	2000	0
70	2000	0
71	2000	1
72	2000	2
73	2000	6
74	2000	6
75	2000	5
76	2000	4
77	2000	5
78	2000	10
79	2000	9
80	2000	6
81	2000	4
82	2000	2
83	2000	0
84	2000	3
85	2000	13
86	2000	10
87	2000	13
88	2000	9
89	2000	4
90	2000	0
91	2000	6
92	2000	10
93	2000	11
94	2000	13
95	2000	7
96	2000	3
97	2000	3
98	2000	2
99	2000	11
100	2000	3
101	2000	9
102	2000	7
103	2000	4
104	2000	4
105	2000	3
106	2000	0
107	2000	0
108	2000	2
109	2000	2
110	2000	4
111	2000	5
112	2000	4
113	2000	4
114	2000	5
115	2000	4
116	2000	1
117	2000	0
118	2000	0
119	2000	2
120	2000	2
121	2000	0
122	2000	0
123	2000	0
124	2000	0
125	2000	0
126	2000	5
127	2000	10
128	2000	17
129	2000	9
130	2000	2
131	2000	0
132	2000	2
133	2000	0
134	2000	3
135	2000	6
136	2000	4
137	2000	4
138	2000	5
139	2000	1
140	2000	2
141	2000	1
142	2000	0
143	2000	0
144	2000	7
145	2000	1
146	2000	0
147	2000	0
148	2000	2
149	2000	5
150	2000	8
151	2000	2
152	2000	0
153	2000	1
154	2000	4
155	2000	3
156	2000	3
157	2000	2
158	2000	4
159	2000	7
160	2000	3
161	2000	8
162	2000	5
163	2000	5
164	2000	0
165	2000	0
166	2000	4
167	2000	7
168	2000	3
169	2000	2
170	2000	3
171	2000	2
172	2000	4
173	2000	2
174	2000	0
175	2000	5
176	2000	8
177	2000	4
178	2000	0
179	2000	0
180	2000	4
181	2000	0
182	2000	0
183	2000	4
184	2000	6
185	2000	6
186	2000	5
187	2000	4
188	2000	0
189	2000	5
190	2000	4
191	2000	5
192	2000	9
193	2000	17
194	2000	12
195	2000	3
196	2000	9
197	2000	0
198	2000	1
199	2000	5
200	2000	10
201	2000	29
202	2000	25
203	2000	16
204	2000	7
205	2000	0
206	2000	0
207	2000	0
208	2000	0
209	2000	3
210	2000	6
211	2000	4
212	2000	7
213	2000	1
214	2000	1
215	2000	1
216	2000	5
217	2000	4
218	2000	4
219	2000	6
220	2000	5
221	2000	4
222	2000	5
223	2000	0
224	2000	3
225	2000	4
226	2000	6
227	2000	6
228	2000	2
229	2000	0
230	2000	3
231	2000	7
232	2000	9
233	2000	2
234	2000	0
235	2000	0
236	2000	0
237	2000	6
238	2000	14
239	2000	4
240	2000	3
241	2000	2
242	2000	5
243	2000	6
244	2000	2
245	2000	0
246	2000	0
247	2000	5
248	2000	13
249	2000	0
250	2000	0
251	2000	0
252	2000	3
253	2000	3
254	2000	0
255	2000	5
256	2000	5
257	2000	9
258	2000	0
259	2000	3
260	2000	1
261	2000	3
262	2000	6
263	2000	1
264	2000	0
265	2000	0
266	2000	5
267	2000	10
268	2000	16
269	2000	8
270	2000	6
271	2000	0
272	2000	1
273	2000	6
274	2000	3
275	2000	4
276	2000	0
277	2000	1
278	2000	0
279	2000	1
280	2000	5
281	2000	0
282	2000	0
283	2000	0
284	2000	0
285	2000	4
286	2000	9
287	2000	2
288	2000	4
289	2000	0
290	2000	2
291	2000	0
292	2000	0
293	2000	0
294	2000	5
295	2000	6
296	2000	10
297	2000	9
298	2000	7
299	2000	11
300	2000	6
301	2000	5
302	2000	0
303	2000	1
304	2000	2
305	2000	0
306	2000	1
307	2000	1
308	2000	1
309	2000	3
310	2000	3
311	2000	0
312	2000	0
313	2000	1
314	2000	1
315	2000	6
316	2000	5
317	2000	8
318	2000	15
319	2000	15
320	2000	8
321	2000	2
322	2000	0
323	2000	3
324	2000	2
325	2000	0
326	2000	8
327	2000	5
328	2000	3
329	2000	12
330	2000	5
331	2000	3
332	2000	6
333	2000	6
334	2000	11
335	2000	6
336	2000	8
337	2000	0
338	2000	2
339	2000	5
340	2000	2
341	2000	6
342	2000	5
343	2000	1
344	2000	2
345	2000	3
346	2000	1
347	2000	4
348	2000	7
349	2000	5
350	2000	7
351	2000	6
352	2000	0
353	2000	0
354	2000	4
355	2000	6
356	2000	0
357	2000	0
358	2000	1
359	2000	0
360	2000	0
361	2000	1
362	2000	1
363	2000	1
364	2000	1
365	2000	1
366	2000	0
367	2000	1
368	2000	5
369	2000	1
370	2000	4
371	2000	3
372	2000	0
373	2000	2
374	2000	1
375	2000	0
376	2000	0
377	2000	0
378	2000	0
379	2000	0
380	2000	1
381	2000	3
382	2000	0
383	2000	0
384	2000	0
385	2000	0
386	2000	1
387	2000	6
388	2000	6
389	2000	1
390	2000	4
391	2000	11
392	2000	12
393	2000	1
394	2000	0
395	2000	0
396	2000	0
397	2000	3
398	2000	2
399	2000	12
400	2000	1
401	2000	0
402	2000	31
403	2000	6
404	2000	1
405	2000	1
406	2000	0
407	2000	6
408	2000	7
409	2000	0
410	2000	0
411	2000	1
412	2000	2
413	2000	14
414	2000	5
415	2000	9
416	2000	13
417	2000	4
418	2000	0
419	2000	1
420	2000	1
421	2000	2
422	2000	3
423	2000	1
424	2000	0
425	2000	0
426	2000	2
427	2000	5
428	2000	5
429	2000	13
430	2000	13
431	2000	2
432	2000	9
433	2000	5
434	2000	6
435	2000	8
436	2000	4
437	2000	3
438	2000	2
439	2000	1
440	2000	0
441	2000	1
442	2000	0
443	2000	3
444	2000	5
445	2000	2
446	2000	1
447	2000	10
448	2000	10
449	2000	9
450	2000	6
451	2000	4
452	2000	2
453	2000	8
454	2000	9
455	2000	4
456	2000	1
457	2000	4
458	2000	2
459	2000	4
460	2000	0
461	2000	0
462	2000	1
463	2000	3
464	2000	0
465	2000	2
466	2000	3
467	2000	1
468	2000	0
469	2000	6
470	2000	9
471	2000	1
472	2000	0
473	2000	2
474	2000	4
475	2000	0
476	2000	0
477	2000	1
478	2000	3
479	2000	2
480	2000	6
481	2000	1
482	2000	3
483	2000	5
484	2000	5
485	2000	11
486	2000	4
487	2000	9
488	2000	15
489	2000	8
490	2000	2
491	2000	5
492	2000	13
493	2000	3
494	2000	3
495	2000	0
496	2000	0
497	2000	0
498	2000	3
499	2000	7
500	2000	3
501	2000	1
502	2000	0
503	2000	5
504	2000	10
505	2000	5
506	2000	2
507	2000	2
508	2000	0
509	2000	0
510	2000	9
511	2000	2
512	2000	0
513	2000	3
514	2000	0
515	2000	6
516	2000	5
517	2000	11
518	2000	7
519	2000	1
520	2000	0
521	2000	1
522	2000	10
523	2000	0
524	2000	2
525	2000	0
526	2000	0
527	2000	7
528	2000	3
529	2000	2
530	2000	7
531	2000	13
532	2000	5
533	2000	3
534	2000	2
535	2000	0
536	2000	1
537	2000	3
538	2000	0
539	2000	0
540	2000	0
541	2000	1
542	2000	8
543	2000	4
544	2000	2
545	2000	8
546	2000	9
547	2000	7
548	2000	0
549	2000	0
550	2000	0
551	2000	0
552	2000	0
553	2000	9
554	2000	9
555	2000	10
556	2000	2
557	2000	5
558	2000	3
559	2000	3
560	2000	6
561	2000	2
562	2000	7
563	2000	4
564	2000	0
565	2000	5
566	2000	0
567	2000	0
568	2000	2
569	2000	6
570	2000	0
571	2000	1
572	2000	6
573	2000	8
574	2000	9
575	2000	9
576	2000	5
577	2000	5
578	2000	1
579	2000	3
580	2000	1
581	2000	1
582	2000	1
583	2000	6
584	2000	10
585	2000	9
586	2000	6
587	2000	2
588	2000	7
589	2000	8
590	2000	12
591	2000	11
592	2000	7
593	2000	6
594	2000	2
595	2000	1
596	2000	11
597	2000	11
598	2000	8
599	2000	2
600	2000	2
601	2000	0
602	2000	0
603	2000	0
604	2000	4
605	2000	5
606	2000	3
607	2000	5
608	2000	2
609	2000	0
610	2000	0
611	2000	0
612	2000	0
613	2000	8
614	2000	6
615	2000	7
616	2000	3
617	2000	1
618	2000	4
619	2000	7
620	2000	4
621	2000	1
622	2000	0
623	2000	0
624	2000	0
625	2000	7
626	2000	6
627	2000	4
628	2000	4
629	2000	0
630	2000	3
631	2000	9
632	2000	4
633	2000	5
634	2000	0
635	2000	0
636	2000	1
637	2000	0
638	2000	0
639	2000	0
640	2000	3
641	2000	3
642	2000	1
643	2000	0
644	2000	2
645	2000	6
646	2000	0
647	2000	3
648	2000	19
649	2000	11
650	2000	11
651	2000	3
652	2000	3
653	2000	0
654	2000	5
655	2000	6
656	2000	3
657	2000	2
658	2000	0
659	2000	1
660	2000	2
661	2000	7
662	2000	5
663	2000	1
664	2000	1
665	2000	0
666	2000	1
667	2000	0
668	2000	0
669	2000	0
670	2000	0
671	2000	4
672	2000	3
673	2000	3
674	2000	1
675	2000	0
676	2000	0
677	2000	3
678	2000	8
679	2000	4
680	2000	1
681	2000	0
682	2000	4
683	2000	2
684	2000	2
685	2000	1
686	2000	4
687	2000	5
688	2000	4
689	2000	5
690	2000	5
691	2000	0
692	2000	0
693	2000	6
694	2000	8
695	2000	2
696	2000	2
697	2000	0
698	2000	0
699	2000	4
700	2000	6
701	2000	13
702	2000	3
703	2000	13
704	2000	4
705	2000	0
706	2000	5
707	2000	2
708	2000	1
709	2000	6
710	2000	10
711	2000	8
712	2000	5
713	2000	4
714	2000	1
715	2000	1
716	2000	0
717	2000	1
718	2000	2
719	2000	10
720	2000	7
721	2000	3
722	2000	6
723	2000	12
724	2000	10
725	2000	10
726	2000	3
727	2000	4
728	2000	8
729	2000	9
730	2000	8
731	2000	6
732	2000	6
733	2000	3
734	2000	0
735	2000	0
736	2000	1
737	2000	0
738	2000	2
739	2000	0
740	2000	0
741	2000	4
742	2000	7
743	2000	0
744	2000	7
745	2000	16
746	2000	4
747	2000	3
748	2000	1
749	2000	1
750	2000	6
751	2000	3
752	2000	2
753	2000	4
754	2000	0
755	2000	5
756	2000	4
757	2000	8
758	2000	12
759	2000	2
760	2000	6
761	2000	6
762	2000	3
763	2000	6
764	2000	4
765	2000	9
766	2000	4
767	2000	3
768	2000	0
769	2000	0
770	2000	2
771	2000	7
772	2000	5
773	2000	6
774	2000	0
775	2000	0
776	2000	1
777	2000	6
778	2000	2
779	2000	6
780	2000	9
781	2000	7
782	2000	0
783	2000	0
784	2000	4
785	2000	1
786	2000	4
787	2000	5
788	2000	17
789	2000	5
790	2000	4
791	2000	7
792	2000	4
793	2000	9
794	2000	1
795	2000	5
796	2000	1
797	2000	2
798	2000	0
799	2000	1
800	2000	0
801	2000	29
802	2000	46
803	2000	23
804	2000	8
805	2000	0
806	2000	3
807	2000	6
808	2000	12
809	2000	11
810	2000	11
811	2000	2
812	2000	5
813	2000	2
814	2000	0
815	2000	0
816	2000	14
817	2000	4
818	2000	2
819	2000	3
820	2000	6
821	2000	7
822	2000	0
823	2000	0
824	2000	2
825	2000	2
826	2000	0
827	2000	0
828	2000	3
829	2000	1
830	2000	10
831	2000	6
832	2000	6
833	2000	1
834	2000	0
835	2000	3
836	2000	0
837	2000	3
838	2000	2
839	2000	4
840	2000	9
841	2000	7
842	2000	7
843	2000	0
844	2000	0
845	2000	6
846	2000	3
847	2000	0
848	2000	0
849	2000	0
850	2000	5
851	2000	2
852	2000	0
853	2000	0
854	2000	0
855	2000	2
856	2000	0
857	2000	2
858	2000	10
859	2000	2
860	2000	11
861	2000	12
862	2000	7
863	2000	7
864	2000	3
865	2000	9
866	2000	5
867	2000	2
868	2000	0
869	2000	0
870	2000	0
871	2000	3
872	2000	2
873	2000	0
874	2000	4
875	2000	3
876	2000	0
877	2000	0
878	2000	1
879	2000	4
880	2000	1
881	2000	1
882	2000	6
883	2000	4
884	2000	6
885	2000	3
886	2000	6
887	2000	6
888	2000	3
889	2000	4
890	2000	2
891	2000	0
892	2000	0
893	2000	0
894	2000	0
895	2000	4
896	2000	7
897	2000	2
898	2000	12
899	2000	4
900	2000	4
901	2000	6
902	2000	8
903	2000	3
904	2000	6
905	2000	2
906	2000	1
907	2000	8
908	2000	6
909	2000	2
910	2000	2
911	2000	0
912	2000	0
913	2000	0
914	2000	0
915	2000	0
916	2000	1
917	2000	5
918	2000	4
919	2000	2
920	2000	2
921	2000	5
922	2000	7
923	2000	0
924	2000	1
925	2000	0
926	2000	0
927	2000	1
928	2000	1
929	2000	0
930	2000	2
931	2000	0
932	2000	0
933	2000	0
934	2000	4
935	2000	10
936	2000	0
937	2000	0
938	2000	4
939	2000	13
940	2000	10
941	2000	9
942	2000	12
943	2000	8
944	2000	3
945	2000	2
946	2000	4
947	2000	9
948	2000	5
949	2000	3
950	2000	6
951	2000	0
952	2000	3
953	2000	13
954	2000	4
955	2000	0
956	2000	0
957	2000	0
958	2000	0
959	2000	5
960	2000	12
961	2000	2
962	2000	7
963	2000	15
964	2000	13
965	2000	5
966	2000	8
967	2000	11
968	2000	7
969	2000	11
970	2000	6
971	2000	5
972	2000	7
973	2000	4
974	2000	0
975	2000	0
976	2000	1
977	2000	1
978	2000	0
979	2000	0
980	2000	0
981	2000	5
982	2000	8
983	2000	7
984	2000	14
985	2000	7
986	2000	2
987	2000	0
988	2000	5
989	2000	6
990	2000	4
991	2000	2
992	2000	4
993	2000	2
994	2000	1
995	2000	0
996	2000	1
997	2000	0
998	2000	1
999	2000	0
