0	2000	0
1	2000	11
2	2000	6
3	2000	21
4	2000	21
5	2000	42
6	2000	29
7	2000	12
8	2000	1
9	2000	0
10	2000	10
11	2000	57
12	2000	35
13	2000	18
14	2000	14
15	2000	9
16	2000	61
17	2000	41
18	2000	35
19	2000	30
20	2000	38
21	2000	14
22	2000	14
23	2000	27
24	2000	0
25	2000	25
26	2000	11
27	2000	0
28	2000	32
29	2000	41
30	2000	36
31	2000	4
32	2000	27
33	2000	14
34	2000	20
35	2000	8
36	2000	3
37	2000	0
38	2000	0
39	2000	0
40	2000	0
41	2000	0
42	2000	7
43	2000	9
44	2000	15
45	2000	56
46	2000	47
47	2000	0
48	2000	18
49	2000	37
50	2000	22
51	2000	0
52	2000	11
53	2000	6
54	2000	5
55	2000	3
56	2000	8
57	2000	40
58	2000	29
59	2000	5
60	2000	0
61	2000	6
62	2000	27
63	2000	12
64	2000	8
65	2000	3
66	2000	0
67	2000	6
68	2000	0
69	2000	1
70	2000	0
71	2000	0
72	2000	12
73	2000	10
74	2000	34
75	2000	24
76	2000	10
77	2000	20
78	2000	20
79	2000	44
80	2000	28
81	2000	14
82	2000	19
83	2000	1
84	2000	11
85	2000	52
86	2000	39
87	2000	35
88	2000	21
89	2000	0
90	2000	1
91	2000	27
92	2000	38
93	2000	21
94	2000	43
95	2000	35
96	2000	13
97	2000	15
98	2000	11
99	2000	29
100	2000	14
101	2000	36
102	2000	23
103	2000	5
104	2000	21
105	2000	18
106	2000	0
107	2000	1
108	2000	2
109	2000	22
110	2000	17
111	2000	16
112	2000	16
113	2000	14
114	2000	26
115	2000	11
116	2000	6
117	2000	0
118	2000	4
119	2000	6
120	2000	10
121	2000	0
122	2000	0
123	2000	0
124	2000	0
125	2000	0
126	2000	17
127	2000	32
128	2000	64
129	2000	26
130	2000	9
131	2000	0
132	2000	2
133	2000	0
134	2000	15
135	2000	22
136	2000	12
137	2000	7
138	2000	14
139	2000	13
140	2000	5
141	2000	2
142	2000	0
143	2000	6
144	2000	25
145	2000	7
146	2000	4
147	2000	0
148	2000	4
149	2000	24
150	2000	30
151	2000	5
152	2000	0
153	2000	7
154	2000	14
155	2000	8
156	2000	12
157	2000	8
158	2000	7
159	2000	29
160	2000	22
161	2000	28
162	2000	25
163	2000	14
164	2000	0
165	2000	0
166	2000	13
167	2000	28
168	2000	14
169	2000	5
170	2000	7
171	2000	30
172	2000	27
173	2000	6
174	2000	0
175	2000	30
176	2000	34
177	2000	13
178	2000	1
179	2000	0
180	2000	21
181	2000	10
182	2000	0
183	2000	9
184	2000	13
185	2000	43
186	2000	26
187	2000	11
188	2000	0
189	2000	29
190	2000	20
191	2000	14
192	2000	47
193	2000	55
194	2000	37
195	2000	27
196	2000	11
197	2000	0
198	2000	8
199	2000	31
200	2000	44
201	2000	12
202	2000	370
203	2000	141
204	2000	47
205	2000	0
206	2000	0
207	2000	0
208	2000	0
209	2000	13
210	2000	14
211	2000	25
212	2000	19
213	2000	9
214	2000	1
215	2000	13
216	2000	17
217	2000	15
218	2000	15
219	2000	16
220	2000	13
221	2000	18
222	2000	18
223	2000	2
224	2000	14
225	2000	19
226	2000	17
227	2000	16
228	2000	5
229	2000	0
230	2000	14
231	2000	52
232	2000	28
233	2000	17
234	2000	0
235	2000	0
236	2000	0
237	2000	37
238	2000	71
239	2000	35
240	2000	22
241	2000	4
242	2000	17
243	2000	39
244	2000	10
245	2000	0
246	2000	0
247	2000	13
248	2000	31
249	2000	0
250	2000	0
251	2000	0
252	2000	19
253	2000	19
254	2000	0
255	2000	9
256	2000	20
257	2000	17
258	2000	0
259	2000	14
260	2000	0
261	2000	26
262	2000	22
263	2000	3
264	2000	0
265	2000	0
266	2000	21
267	2000	66
268	2000	72
269	2000	47
270	2000	23
271	2000	0
272	2000	8
273	2000	17
274	2000	19
275	2000	16
276	2000	0
277	2000	8
278	2000	1
279	2000	14
280	2000	10
281	2000	0
282	2000	0
283	2000	0
284	2000	0
285	2000	21
286	2000	35
287	2000	5
288	2000	11
289	2000	5
290	2000	5
291	2000	0
292	2000	0
293	2000	0
294	2000	9
295	2000	34
296	2000	33
297	2000	31
298	2000	24
299	2000	35
300	2000	10
301	2000	12
302	2000	6
303	2000	13
304	2000	8
305	2000	0
306	2000	8
307	2000	6
308	2000	0
309	2000	7
310	2000	5
311	2000	0
312	2000	5
313	2000	0
314	2000	16
315	2000	35
316	2000	40
317	2000	38
318	2000	52
319	2000	58
320	2000	30
321	2000	1
322	2000	0
323	2000	12
324	2000	10
325	2000	0
326	2000	39
327	2000	41
328	2000	22
329	2000	29
330	2000	24
331	2000	18
332	2000	18
333	2000	24
334	2000	21
335	2000	12
336	2000	15
337	2000	0
338	2000	6
339	2000	30
340	2000	16
341	2000	21
342	2000	15
343	2000	1
344	2000	11
345	2000	3
346	2000	0
347	2000	22
348	2000	33
349	2000	38
350	2000	17
351	2000	19
352	2000	0
353	2000	0
354	2000	10
355	2000	14
356	2000	0
357	2000	0
358	2000	0
359	2000	0
360	2000	0
361	2000	0
362	2000	1
363	2000	6
364	2000	4
365	2000	0
366	2000	0
367	2000	16
368	2000	8
369	2000	6
370	2000	15
371	2000	12
372	2000	11
373	2000	5
374	2000	7
375	2000	6
376	2000	0
377	2000	3
378	2000	0
379	2000	0
380	2000	6
381	2000	13
382	2000	0
383	2000	0
384	2000	0
385	2000	2
386	2000	4
387	2000	30
388	2000	24
389	2000	14
390	2000	17
391	2000	37
392	2000	53
393	2000	1
394	2000	0
395	2000	6
396	2000	0
397	2000	8
398	2000	35
399	2000	60
400	2000	3
401	2000	0
402	2000	217
403	2000	28
404	2000	6
405	2000	5
406	2000	2
407	2000	24
408	2000	15
409	2000	7
410	2000	0
411	2000	6
412	2000	24
413	2000	60
414	2000	27
415	2000	48
416	2000	30
417	2000	7
418	2000	0
419	2000	5
420	2000	11
421	2000	9
422	2000	7
423	2000	0
424	2000	4
425	2000	0
426	2000	16
427	2000	25
428	2000	33
429	2000	41
430	2000	38
431	2000	24
432	2000	28
433	2000	20
434	2000	13
435	2000	18
436	2000	12
437	2000	14
438	2000	3
439	2000	1
440	2000	0
441	2000	0
442	2000	0
443	2000	19
444	2000	9
445	2000	15
446	2000	2
447	2000	34
448	2000	50
449	2000	27
450	2000	13
451	2000	15
452	2000	6
453	2000	39
454	2000	43
455	2000	20
456	2000	9
457	2000	18
458	2000	7
459	2000	10
460	2000	0
461	2000	0
462	2000	5
463	2000	8
464	2000	11
465	2000	10
466	2000	8
467	2000	2
468	2000	4
469	2000	26
470	2000	30
471	2000	13
472	2000	0
473	2000	6
474	2000	25
475	2000	2
476	2000	0
477	2000	0
478	2000	33
479	2000	35
480	2000	26
481	2000	0
482	2000	8
483	2000	24
484	2000	29
485	2000	38
486	2000	34
487	2000	45
488	2000	54
489	2000	22
490	2000	2
491	2000	19
492	2000	42
493	2000	16
494	2000	6
495	2000	1
496	2000	0
497	2000	0
498	2000	14
499	2000	35
500	2000	9
501	2000	0
502	2000	0
503	2000	30
504	2000	41
505	2000	8
506	2000	11
507	2000	6
508	2000	0
509	2000	4
510	2000	44
511	2000	7
512	2000	1
513	2000	3
514	2000	0
515	2000	11
516	2000	21
517	2000	40
518	2000	34
519	2000	1
520	2000	0
521	2000	1
522	2000	30
523	2000	6
524	2000	7
525	2000	0
526	2000	22
527	2000	18
528	2000	18
529	2000	14
530	2000	21
531	2000	43
532	2000	21
533	2000	4
534	2000	4
535	2000	0
536	2000	0
537	2000	15
538	2000	0
539	2000	0
540	2000	1
541	2000	14
542	2000	25
543	2000	20
544	2000	7
545	2000	51
546	2000	41
547	2000	15
548	2000	3
549	2000	2
550	2000	0
551	2000	0
552	2000	4
553	2000	48
554	2000	29
555	2000	45
556	2000	17
557	2000	27
558	2000	2
559	2000	6
560	2000	17
561	2000	12
562	2000	29
563	2000	8
564	2000	0
565	2000	6
566	2000	0
567	2000	7
568	2000	26
569	2000	20
570	2000	0
571	2000	13
572	2000	31
573	2000	49
574	2000	42
575	2000	25
576	2000	8
577	2000	11
578	2000	9
579	2000	10
580	2000	7
581	2000	8
582	2000	1
583	2000	31
584	2000	37
585	2000	40
586	2000	22
587	2000	26
588	2000	28
589	2000	30
590	2000	52
591	2000	39
592	2000	19
593	2000	19
594	2000	24
595	2000	2
596	2000	31
597	2000	44
598	2000	36
599	2000	5
600	2000	0
601	2000	0
602	2000	285
603	2000	86
604	2000	3
605	2000	8
606	2000	2
607	2000	12
608	2000	16
609	2000	0
610	2000	0
611	2000	0
612	2000	0
613	2000	30
614	2000	21
615	2000	19
616	2000	8
617	2000	8
618	2000	19
619	2000	27
620	2000	22
621	2000	7
622	2000	8
623	2000	1
624	2000	1
625	2000	34
626	2000	33
627	2000	23
628	2000	10
629	2000	0
630	2000	10
631	2000	39
632	2000	22
633	2000	38
634	2000	0
635	2000	0
636	2000	1
637	2000	0
638	2000	1
639	2000	3
640	2000	12
641	2000	18
642	2000	6
643	2000	0
644	2000	11
645	2000	34
646	2000	0
647	2000	7
648	2000	56
649	2000	44
650	2000	37
651	2000	13
652	2000	8
653	2000	0
654	2000	9
655	2000	30
656	2000	11
657	2000	3
658	2000	0
659	2000	0
660	2000	8
661	2000	32
662	2000	15
663	2000	8
664	2000	0
665	2000	0
666	2000	0
667	2000	0
668	2000	0
669	2000	0
670	2000	0
671	2000	30
672	2000	5
673	2000	21
674	2000	4
675	2000	0
676	2000	0
677	2000	19
678	2000	41
679	2000	26
680	2000	1
681	2000	3
682	2000	16
683	2000	0
684	2000	6
685	2000	22
686	2000	13
687	2000	15
688	2000	21
689	2000	37
690	2000	24
691	2000	0
692	2000	0
693	2000	10
694	2000	32
695	2000	16
696	2000	0
697	2000	0
698	2000	5
699	2000	27
700	2000	27
701	2000	60
702	2000	30
703	2000	38
704	2000	14
705	2000	0
706	2000	22
707	2000	18
708	2000	21
709	2000	32
710	2000	41
711	2000	39
712	2000	24
713	2000	8
714	2000	4
715	2000	2
716	2000	0
717	2000	11
718	2000	32
719	2000	32
720	2000	17
721	2000	13
722	2000	10
723	2000	57
724	2000	42
725	2000	15
726	2000	6
727	2000	17
728	2000	30
729	2000	35
730	2000	27
731	2000	39
732	2000	19
733	2000	9
734	2000	0
735	2000	0
736	2000	2
737	2000	4
738	2000	1
739	2000	0
740	2000	5
741	2000	35
742	2000	18
743	2000	0
744	2000	22
745	2000	54
746	2000	15
747	2000	24
748	2000	10
749	2000	18
750	2000	25
751	2000	20
752	2000	10
753	2000	9
754	2000	0
755	2000	9
756	2000	17
757	2000	37
758	2000	37
759	2000	10
760	2000	23
761	2000	16
762	2000	12
763	2000	22
764	2000	21
765	2000	12
766	2000	8
767	2000	7
768	2000	2
769	2000	0
770	2000	15
771	2000	18
772	2000	16
773	2000	13
774	2000	0
775	2000	1
776	2000	10
777	2000	32
778	2000	18
779	2000	26
780	2000	37
781	2000	22
782	2000	0
783	2000	0
784	2000	15
785	2000	3
786	2000	10
787	2000	26
788	2000	62
789	2000	29
790	2000	14
791	2000	32
792	2000	12
793	2000	38
794	2000	5
795	2000	17
796	2000	7
797	2000	2
798	2000	0
799	2000	7
800	2000	0
801	2000	0
802	2000	355
803	2000	172
804	2000	37
805	2000	0
806	2000	17
807	2000	9
808	2000	53
809	2000	41
810	2000	38
811	2000	0
812	2000	39
813	2000	6
814	2000	0
815	2000	14
816	2000	54
817	2000	22
818	2000	2
819	2000	5
820	2000	18
821	2000	18
822	2000	0
823	2000	2
824	2000	21
825	2000	5
826	2000	0
827	2000	0
828	2000	25
829	2000	14
830	2000	41
831	2000	25
832	2000	8
833	2000	4
834	2000	7
835	2000	9
836	2000	0
837	2000	15
838	2000	12
839	2000	28
840	2000	30
841	2000	30
842	2000	15
843	2000	4
844	2000	3
845	2000	24
846	2000	8
847	2000	0
848	2000	0
849	2000	0
850	2000	22
851	2000	16
852	2000	0
853	2000	0
854	2000	0
855	2000	1
856	2000	0
857	2000	23
858	2000	39
859	2000	11
860	2000	43
861	2000	45
862	2000	30
863	2000	12
864	2000	21
865	2000	48
866	2000	16
867	2000	5
868	2000	0
869	2000	0
870	2000	0
871	2000	20
872	2000	12
873	2000	14
874	2000	19
875	2000	4
876	2000	0
877	2000	0
878	2000	17
879	2000	21
880	2000	2
881	2000	13
882	2000	19
883	2000	6
884	2000	17
885	2000	16
886	2000	28
887	2000	17
888	2000	6
889	2000	30
890	2000	8
891	2000	0
892	2000	0
893	2000	0
894	2000	0
895	2000	17
896	2000	10
897	2000	19
898	2000	43
899	2000	18
900	2000	14
901	2000	25
902	2000	28
903	2000	0
904	2000	34
905	2000	25
906	2000	44
907	2000	30
908	2000	29
909	2000	8
910	2000	5
911	2000	0
912	2000	0
913	2000	0
914	2000	0
915	2000	0
916	2000	5
917	2000	35
918	2000	22
919	2000	12
920	2000	10
921	2000	24
922	2000	33
923	2000	7
924	2000	2
925	2000	0
926	2000	0
927	2000	6
928	2000	7
929	2000	0
930	2000	1
931	2000	1
932	2000	0
933	2000	0
934	2000	16
935	2000	22
936	2000	0
937	2000	0
938	2000	17
939	2000	38
940	2000	45
941	2000	53
942	2000	38
943	2000	16
944	2000	2
945	2000	29
946	2000	21
947	2000	18
948	2000	17
949	2000	13
950	2000	7
951	2000	1
952	2000	18
953	2000	47
954	2000	4
955	2000	0
956	2000	0
957	2000	0
958	2000	0
959	2000	31
960	2000	26
961	2000	18
962	2000	28
963	2000	59
964	2000	39
965	2000	11
966	2000	18
967	2000	28
968	2000	20
969	2000	46
970	2000	39
971	2000	13
972	2000	16
973	2000	17
974	2000	0
975	2000	3
976	2000	1
977	2000	1
978	2000	0
979	2000	0
980	2000	0
981	2000	41
982	2000	45
983	2000	36
984	2000	37
985	2000	12
986	2000	2
987	2000	0
988	2000	18
989	2000	33
990	2000	17
991	2000	7
992	2000	5
993	2000	8
994	2000	0
995	2000	0
996	2000	3
997	2000	0
998	2000	4
999	2000	2
