0	2000	0
1	2000	9
2	2000	3
3	2000	1
4	2000	3
5	2000	0
6	2000	49
7	2000	34
8	2000	49
9	2000	71
10	2000	35
11	2000	24
12	2000	4
13	2000	14
14	2000	33
15	2000	27
16	2000	43
17	2000	18
18	2000	51
19	2000	60
20	2000	42
21	2000	48
22	2000	15
23	2000	6
24	2000	37
25	2000	36
26	2000	23
27	2000	12
28	2000	16
29	2000	6
30	2000	1
31	2000	26
32	2000	26
33	2000	22
34	2000	31
35	2000	19
36	2000	35
37	2000	20
38	2000	32
39	2000	25
40	2000	34
41	2000	48
42	2000	70
43	2000	46
44	2000	61
45	2000	51
46	2000	28
47	2000	10
48	2000	36
49	2000	18
50	2000	49
51	2000	47
52	2000	30
53	2000	31
54	2000	22
55	2000	45
56	2000	54
57	2000	11
58	2000	34
59	2000	24
60	2000	13
61	2000	17
62	2000	23
63	2000	38
64	2000	47
65	2000	68
66	2000	48
67	2000	42
68	2000	31
69	2000	33
70	2000	59
71	2000	32
72	2000	56
73	2000	18
74	2000	31
75	2000	37
76	2000	39
77	2000	55
78	2000	35
79	2000	14
80	2000	29
81	2000	27
82	2000	39
83	2000	11
84	2000	13
85	2000	20
86	2000	68
87	2000	31
88	2000	21
89	2000	7
90	2000	9
91	2000	51
92	2000	52
93	2000	31
94	2000	31
95	2000	4
96	2000	5
97	2000	13
98	2000	17
99	2000	12
100	2000	25
101	2000	23
102	2000	25
103	2000	8
104	2000	23
105	2000	20
106	2000	48
107	2000	48
108	2000	31
109	2000	2
110	2000	0
111	2000	4
112	2000	29
113	2000	45
114	2000	28
115	2000	25
116	2000	14
117	2000	12
118	2000	0
119	2000	0
120	2000	4
121	2000	6
122	2000	11
123	2000	26
124	2000	27
125	2000	11
126	2000	11
127	2000	1
128	2000	0
129	2000	1
130	2000	44
131	2000	40
132	2000	16
133	2000	18
134	2000	27
135	2000	40
136	2000	38
137	2000	41
138	2000	38
139	2000	56
140	2000	14
141	2000	5
142	2000	19
143	2000	25
144	2000	33
145	2000	4
146	2000	10
147	2000	30
148	2000	21
149	2000	14
150	2000	25
151	2000	11
152	2000	20
153	2000	15
154	2000	28
155	2000	33
156	2000	14
157	2000	29
158	2000	23
159	2000	5
160	2000	30
161	2000	39
162	2000	31
163	2000	5
164	2000	4
165	2000	5
166	2000	44
167	2000	62
168	2000	35
169	2000	45
170	2000	25
171	2000	32
172	2000	67
173	2000	53
174	2000	41
175	2000	50
176	2000	20
177	2000	30
178	2000	26
179	2000	32
180	2000	48
181	2000	19
182	2000	2
183	2000	28
184	2000	75
185	2000	62
186	2000	47
187	2000	39
188	2000	35
189	2000	75
190	2000	48
191	2000	49
192	2000	58
193	2000	9
194	2000	0
195	2000	0
196	2000	8
197	2000	12
198	2000	11
199	2000	35
200	2000	45
201	2000	0
202	2000	391
203	2000	141
204	2000	82
205	2000	49
206	2000	45
207	2000	67
208	2000	18
209	2000	17
210	2000	27
211	2000	17
212	2000	17
213	2000	10
214	2000	23
215	2000	5
216	2000	25
217	2000	40
218	2000	51
219	2000	59
220	2000	43
221	2000	49
222	2000	26
223	2000	27
224	2000	66
225	2000	56
226	2000	27
227	2000	30
228	2000	11
229	2000	28
230	2000	33
231	2000	17
232	2000	44
233	2000	44
234	2000	22
235	2000	19
236	2000	13
237	2000	10
238	2000	8
239	2000	28
240	2000	36
241	2000	23
242	2000	29
243	2000	34
244	2000	39
245	2000	74
246	2000	59
247	2000	59
248	2000	40
249	2000	12
250	2000	1
251	2000	32
252	2000	29
253	2000	28
254	2000	19
255	2000	17
256	2000	11
257	2000	19
258	2000	12
259	2000	44
260	2000	55
261	2000	49
262	2000	33
263	2000	45
264	2000	52
265	2000	37
266	2000	27
267	2000	12
268	2000	25
269	2000	13
270	2000	3
271	2000	3
272	2000	0
273	2000	16
274	2000	27
275	2000	40
276	2000	59
277	2000	58
278	2000	23
279	2000	23
280	2000	36
281	2000	48
282	2000	32
283	2000	31
284	2000	17
285	2000	0
286	2000	19
287	2000	16
288	2000	26
289	2000	12
290	2000	0
291	2000	11
292	2000	41
293	2000	28
294	2000	26
295	2000	28
296	2000	18
297	2000	45
298	2000	44
299	2000	19
300	2000	63
301	2000	62
302	2000	53
303	2000	34
304	2000	25
305	2000	22
306	2000	6
307	2000	46
308	2000	15
309	2000	3
310	2000	34
311	2000	55
312	2000	51
313	2000	16
314	2000	25
315	2000	44
316	2000	23
317	2000	23
318	2000	1
319	2000	13
320	2000	49
321	2000	33
322	2000	50
323	2000	35
324	2000	17
325	2000	22
326	2000	34
327	2000	56
328	2000	36
329	2000	15
330	2000	18
331	2000	22
332	2000	49
333	2000	24
334	2000	35
335	2000	48
336	2000	36
337	2000	38
338	2000	37
339	2000	29
340	2000	37
341	2000	25
342	2000	23
343	2000	38
344	2000	38
345	2000	25
346	2000	26
347	2000	83
348	2000	43
349	2000	21
350	2000	47
351	2000	15
352	2000	45
353	2000	76
354	2000	40
355	2000	37
356	2000	15
357	2000	15
358	2000	32
359	2000	26
360	2000	1
361	2000	13
362	2000	29
363	2000	42
364	2000	33
365	2000	40
366	2000	42
367	2000	35
368	2000	61
369	2000	30
370	2000	12
371	2000	16
372	2000	38
373	2000	40
374	2000	24
375	2000	4
376	2000	0
377	2000	44
378	2000	58
379	2000	53
380	2000	58
381	2000	35
382	2000	20
383	2000	38
384	2000	15
385	2000	13
386	2000	58
387	2000	46
388	2000	25
389	2000	9
390	2000	0
391	2000	0
392	2000	18
393	2000	32
394	2000	42
395	2000	25
396	2000	16
397	2000	36
398	2000	32
399	2000	61
400	2000	47
401	2000	0
402	2000	402
403	2000	173
404	2000	91
405	2000	48
406	2000	33
407	2000	42
408	2000	42
409	2000	33
410	2000	26
411	2000	20
412	2000	4
413	2000	0
414	2000	30
415	2000	23
416	2000	30
417	2000	28
418	2000	25
419	2000	26
420	2000	17
421	2000	18
422	2000	26
423	2000	24
424	2000	28
425	2000	59
426	2000	30
427	2000	35
428	2000	27
429	2000	16
430	2000	32
431	2000	25
432	2000	34
433	2000	32
434	2000	43
435	2000	35
436	2000	40
437	2000	12
438	2000	25
439	2000	7
440	2000	24
441	2000	19
442	2000	8
443	2000	9
444	2000	51
445	2000	35
446	2000	33
447	2000	19
448	2000	42
449	2000	55
450	2000	26
451	2000	33
452	2000	23
453	2000	0
454	2000	25
455	2000	58
456	2000	31
457	2000	49
458	2000	45
459	2000	19
460	2000	27
461	2000	38
462	2000	52
463	2000	32
464	2000	3
465	2000	4
466	2000	36
467	2000	13
468	2000	7
469	2000	0
470	2000	0
471	2000	28
472	2000	17
473	2000	24
474	2000	52
475	2000	48
476	2000	45
477	2000	40
478	2000	20
479	2000	52
480	2000	31
481	2000	24
482	2000	42
483	2000	27
484	2000	42
485	2000	28
486	2000	54
487	2000	51
488	2000	41
489	2000	23
490	2000	27
491	2000	1
492	2000	20
493	2000	45
494	2000	49
495	2000	27
496	2000	11
497	2000	12
498	2000	31
499	2000	39
500	2000	34
501	2000	31
502	2000	33
503	2000	32
504	2000	33
505	2000	17
506	2000	0
507	2000	8
508	2000	19
509	2000	53
510	2000	29
511	2000	33
512	2000	19
513	2000	1
514	2000	0
515	2000	0
516	2000	0
517	2000	13
518	2000	16
519	2000	22
520	2000	31
521	2000	36
522	2000	15
523	2000	50
524	2000	29
525	2000	45
526	2000	46
527	2000	19
528	2000	7
529	2000	0
530	2000	22
531	2000	18
532	2000	2
533	2000	0
534	2000	27
535	2000	9
536	2000	13
537	2000	17
538	2000	7
539	2000	4
540	2000	16
541	2000	52
542	2000	37
543	2000	34
544	2000	37
545	2000	18
546	2000	47
547	2000	41
548	2000	32
549	2000	41
550	2000	35
551	2000	59
552	2000	27
553	2000	5
554	2000	14
555	2000	34
556	2000	65
557	2000	14
558	2000	22
559	2000	40
560	2000	39
561	2000	25
562	2000	45
563	2000	47
564	2000	38
565	2000	11
566	2000	7
567	2000	48
568	2000	7
569	2000	0
570	2000	4
571	2000	0
572	2000	8
573	2000	32
574	2000	40
575	2000	32
576	2000	19
577	2000	22
578	2000	26
579	2000	38
580	2000	61
581	2000	65
582	2000	23
583	2000	37
584	2000	45
585	2000	57
586	2000	31
587	2000	27
588	2000	33
589	2000	50
590	2000	59
591	2000	60
592	2000	45
593	2000	46
594	2000	31
595	2000	29
596	2000	49
597	2000	72
598	2000	32
599	2000	31
600	2000	34
601	2000	0
602	2000	442
603	2000	164
604	2000	67
605	2000	69
606	2000	56
607	2000	27
608	2000	37
609	2000	64
610	2000	36
611	2000	35
612	2000	46
613	2000	22
614	2000	10
615	2000	14
616	2000	25
617	2000	53
618	2000	35
619	2000	33
620	2000	13
621	2000	26
622	2000	8
623	2000	24
624	2000	26
625	2000	17
626	2000	21
627	2000	48
628	2000	35
629	2000	18
630	2000	21
631	2000	42
632	2000	42
633	2000	29
634	2000	27
635	2000	33
636	2000	1
637	2000	3
638	2000	36
639	2000	24
640	2000	39
641	2000	8
642	2000	17
643	2000	27
644	2000	57
645	2000	23
646	2000	0
647	2000	6
648	2000	15
649	2000	38
650	2000	50
651	2000	28
652	2000	0
653	2000	13
654	2000	24
655	2000	23
656	2000	29
657	2000	5
658	2000	1
659	2000	33
660	2000	31
661	2000	45
662	2000	15
663	2000	23
664	2000	76
665	2000	45
666	2000	41
667	2000	22
668	2000	0
669	2000	18
670	2000	64
671	2000	16
672	2000	16
673	2000	13
674	2000	33
675	2000	38
676	2000	32
677	2000	40
678	2000	30
679	2000	13
680	2000	31
681	2000	38
682	2000	20
683	2000	45
684	2000	31
685	2000	16
686	2000	17
687	2000	20
688	2000	21
689	2000	18
690	2000	32
691	2000	38
692	2000	57
693	2000	43
694	2000	25
695	2000	47
696	2000	55
697	2000	52
698	2000	61
699	2000	14
700	2000	22
701	2000	60
702	2000	66
703	2000	43
704	2000	42
705	2000	74
706	2000	41
707	2000	38
708	2000	46
709	2000	27
710	2000	52
711	2000	44
712	2000	32
713	2000	40
714	2000	35
715	2000	40
716	2000	20
717	2000	14
718	2000	25
719	2000	29
720	2000	39
721	2000	16
722	2000	14
723	2000	16
724	2000	54
725	2000	52
726	2000	29
727	2000	31
728	2000	21
729	2000	30
730	2000	20
731	2000	35
732	2000	11
733	2000	0
734	2000	26
735	2000	59
736	2000	23
737	2000	28
738	2000	42
739	2000	69
740	2000	62
741	2000	89
742	2000	52
743	2000	55
744	2000	48
745	2000	18
746	2000	35
747	2000	19
748	2000	44
749	2000	25
750	2000	0
751	2000	14
752	2000	25
753	2000	13
754	2000	21
755	2000	13
756	2000	16
757	2000	0
758	2000	31
759	2000	33
760	2000	48
761	2000	22
762	2000	28
763	2000	48
764	2000	67
765	2000	68
766	2000	43
767	2000	26
768	2000	22
769	2000	16
770	2000	31
771	2000	28
772	2000	55
773	2000	67
774	2000	40
775	2000	46
776	2000	72
777	2000	31
778	2000	7
779	2000	16
780	2000	35
781	2000	35
782	2000	29
783	2000	40
784	2000	24
785	2000	29
786	2000	45
787	2000	44
788	2000	34
789	2000	57
790	2000	48
791	2000	52
792	2000	39
793	2000	19
794	2000	3
795	2000	34
796	2000	2
797	2000	7
798	2000	65
799	2000	41
800	2000	30
801	2000	2
802	2000	394
803	2000	149
804	2000	60
805	2000	37
806	2000	6
807	2000	24
808	2000	34
809	2000	19
810	2000	23
811	2000	48
812	2000	32
813	2000	12
814	2000	9
815	2000	5
816	2000	47
817	2000	52
818	2000	5
819	2000	10
820	2000	33
821	2000	33
822	2000	17
823	2000	26
824	2000	7
825	2000	17
826	2000	18
827	2000	43
828	2000	33
829	2000	32
830	2000	36
831	2000	5
832	2000	19
833	2000	6
834	2000	9
835	2000	40
836	2000	52
837	2000	39
838	2000	9
839	2000	26
840	2000	42
841	2000	35
842	2000	19
843	2000	7
844	2000	4
845	2000	11
846	2000	32
847	2000	54
848	2000	45
849	2000	39
850	2000	33
851	2000	20
852	2000	3
853	2000	3
854	2000	25
855	2000	34
856	2000	39
857	2000	37
858	2000	29
859	2000	21
860	2000	4
861	2000	16
862	2000	27
863	2000	37
864	2000	29
865	2000	10
866	2000	22
867	2000	41
868	2000	38
869	2000	23
870	2000	11
871	2000	0
872	2000	14
873	2000	2
874	2000	0
875	2000	3
876	2000	27
877	2000	21
878	2000	23
879	2000	11
880	2000	4
881	2000	37
882	2000	62
883	2000	42
884	2000	27
885	2000	61
886	2000	77
887	2000	63
888	2000	54
889	2000	9
890	2000	24
891	2000	53
892	2000	82
893	2000	55
894	2000	36
895	2000	15
896	2000	9
897	2000	18
898	2000	34
899	2000	5
900	2000	7
901	2000	50
902	2000	63
903	2000	40
904	2000	25
905	2000	2
906	2000	14
907	2000	34
908	2000	53
909	2000	29
910	2000	16
911	2000	37
912	2000	42
913	2000	19
914	2000	15
915	2000	49
916	2000	27
917	2000	12
918	2000	41
919	2000	53
920	2000	49
921	2000	44
922	2000	45
923	2000	43
924	2000	97
925	2000	62
926	2000	24
927	2000	2
928	2000	47
929	2000	51
930	2000	51
931	2000	41
932	2000	28
933	2000	1
934	2000	28
935	2000	22
936	2000	32
937	2000	19
938	2000	0
939	2000	0
940	2000	30
941	2000	50
942	2000	0
943	2000	28
944	2000	43
945	2000	39
946	2000	57
947	2000	27
948	2000	14
949	2000	36
950	2000	23
951	2000	28
952	2000	27
953	2000	58
954	2000	59
955	2000	33
956	2000	50
957	2000	77
958	2000	54
959	2000	38
960	2000	13
961	2000	37
962	2000	25
963	2000	26
964	2000	50
965	2000	64
966	2000	51
967	2000	46
968	2000	47
969	2000	56
970	2000	55
971	2000	24
972	2000	51
973	2000	69
974	2000	42
975	2000	34
976	2000	33
977	2000	25
978	2000	37
979	2000	51
980	2000	43
981	2000	12
982	2000	7
983	2000	25
984	2000	26
985	2000	17
986	2000	8
987	2000	22
988	2000	61
989	2000	77
990	2000	64
991	2000	19
992	2000	18
993	2000	3
994	2000	49
995	2000	46
996	2000	47
997	2000	34
998	2000	28
999	2000	31
