0	2000	0
1	2000	29
2	2000	18
3	2000	42
4	2000	53
5	2000	73
6	2000	47
7	2000	21
8	2000	1
9	2000	4
10	2000	52
11	2000	93
12	2000	61
13	2000	29
14	2000	42
15	2000	32
16	2000	107
17	2000	67
18	2000	60
19	2000	59
20	2000	68
21	2000	22
22	2000	34
23	2000	43
24	2000	0
25	2000	85
26	2000	23
27	2000	2
28	2000	68
29	2000	90
30	2000	51
31	2000	17
32	2000	50
33	2000	38
34	2000	44
35	2000	17
36	2000	11
37	2000	0
38	2000	5
39	2000	0
40	2000	0
41	2000	0
42	2000	36
43	2000	30
44	2000	47
45	2000	110
46	2000	82
47	2000	0
48	2000	52
49	2000	73
50	2000	36
51	2000	0
52	2000	40
53	2000	20
54	2000	20
55	2000	4
56	2000	44
57	2000	74
58	2000	46
59	2000	11
60	2000	1
61	2000	37
62	2000	51
63	2000	29
64	2000	20
65	2000	4
66	2000	2
67	2000	21
68	2000	1
69	2000	15
70	2000	1
71	2000	21
72	2000	41
73	2000	27
74	2000	65
75	2000	47
76	2000	26
77	2000	39
78	2000	54
79	2000	81
80	2000	52
81	2000	28
82	2000	48
83	2000	2
84	2000	35
85	2000	92
86	2000	84
87	2000	62
88	2000	44
89	2000	6
90	2000	15
91	2000	63
92	2000	77
93	2000	48
94	2000	71
95	2000	63
96	2000	28
97	2000	36
98	2000	29
99	2000	56
100	2000	28
101	2000	80
102	2000	48
103	2000	16
104	2000	40
105	2000	39
106	2000	0
107	2000	9
108	2000	22
109	2000	57
110	2000	32
111	2000	37
112	2000	35
113	2000	35
114	2000	56
115	2000	23
116	2000	18
117	2000	0
118	2000	19
119	2000	26
120	2000	24
121	2000	0
122	2000	1
123	2000	0
124	2000	0
125	2000	0
126	2000	52
127	2000	73
128	2000	121
129	2000	44
130	2000	18
131	2000	0
132	2000	16
133	2000	0
134	2000	37
135	2000	48
136	2000	33
137	2000	17
138	2000	37
139	2000	31
140	2000	22
141	2000	4
142	2000	1
143	2000	34
144	2000	55
145	2000	28
146	2000	1
147	2000	0
148	2000	18
149	2000	69
150	2000	52
151	2000	11
152	2000	0
153	2000	39
154	2000	36
155	2000	29
156	2000	30
157	2000	14
158	2000	35
159	2000	50
160	2000	41
161	2000	57
162	2000	48
163	2000	27
164	2000	2
165	2000	14
166	2000	37
167	2000	60
168	2000	34
169	2000	14
170	2000	25
171	2000	71
172	2000	51
173	2000	12
174	2000	0
175	2000	78
176	2000	58
177	2000	26
178	2000	2
179	2000	0
180	2000	59
181	2000	18
182	2000	0
183	2000	25
184	2000	31
185	2000	95
186	2000	40
187	2000	29
188	2000	0
189	2000	76
190	2000	34
191	2000	30
192	2000	92
193	2000	88
194	2000	59
195	2000	53
196	2000	16
197	2000	5
198	2000	28
199	2000	60
200	2000	3
201	2000	0
202	2000	499
203	2000	86
204	2000	0
205	2000	0
206	2000	0
207	2000	0
208	2000	14
209	2000	39
210	2000	32
211	2000	61
212	2000	37
213	2000	24
214	2000	9
215	2000	43
216	2000	30
217	2000	35
218	2000	30
219	2000	34
220	2000	31
221	2000	44
222	2000	34
223	2000	3
224	2000	44
225	2000	51
226	2000	37
227	2000	34
228	2000	15
229	2000	0
230	2000	44
231	2000	102
232	2000	46
233	2000	22
234	2000	0
235	2000	0
236	2000	1
237	2000	128
238	2000	111
239	2000	54
240	2000	43
241	2000	9
242	2000	49
243	2000	79
244	2000	13
245	2000	0
246	2000	11
247	2000	52
248	2000	48
249	2000	2
250	2000	0
251	2000	8
252	2000	54
253	2000	40
254	2000	0
255	2000	21
256	2000	45
257	2000	39
258	2000	3
259	2000	40
260	2000	4
261	2000	67
262	2000	40
263	2000	9
264	2000	0
265	2000	10
266	2000	59
267	2000	132
268	2000	120
269	2000	74
270	2000	38
271	2000	0
272	2000	14
273	2000	47
274	2000	48
275	2000	23
276	2000	2
277	2000	30
278	2000	4
279	2000	50
280	2000	33
281	2000	9
282	2000	0
283	2000	0
284	2000	0
285	2000	48
286	2000	77
287	2000	12
288	2000	37
289	2000	17
290	2000	13
291	2000	0
292	2000	3
293	2000	6
294	2000	31
295	2000	76
296	2000	50
297	2000	53
298	2000	56
299	2000	54
300	2000	18
301	2000	29
302	2000	17
303	2000	45
304	2000	13
305	2000	0
306	2000	29
307	2000	25
308	2000	10
309	2000	17
310	2000	13
311	2000	0
312	2000	25
313	2000	8
314	2000	43
315	2000	77
316	2000	80
317	2000	63
318	2000	90
319	2000	101
320	2000	44
321	2000	1
322	2000	0
323	2000	33
324	2000	20
325	2000	11
326	2000	73
327	2000	86
328	2000	36
329	2000	56
330	2000	46
331	2000	44
332	2000	29
333	2000	47
334	2000	38
335	2000	30
336	2000	27
337	2000	0
338	2000	26
339	2000	65
340	2000	36
341	2000	42
342	2000	25
343	2000	5
344	2000	32
345	2000	20
346	2000	4
347	2000	42
348	2000	79
349	2000	72
350	2000	33
351	2000	30
352	2000	7
353	2000	3
354	2000	43
355	2000	36
356	2000	0
357	2000	3
358	2000	6
359	2000	0
360	2000	14
361	2000	3
362	2000	11
363	2000	23
364	2000	14
365	2000	13
366	2000	2
367	2000	41
368	2000	18
369	2000	21
370	2000	37
371	2000	31
372	2000	30
373	2000	7
374	2000	30
375	2000	16
376	2000	0
377	2000	0
378	2000	0
379	2000	0
380	2000	37
381	2000	24
382	2000	0
383	2000	3
384	2000	8
385	2000	4
386	2000	27
387	2000	60
388	2000	45
389	2000	34
390	2000	40
391	2000	90
392	2000	88
393	2000	2
394	2000	0
395	2000	4
396	2000	2
397	2000	32
398	2000	97
399	2000	93
400	2000	4
401	2000	0
402	2000	431
403	2000	30
404	2000	0
405	2000	0
406	2000	19
407	2000	52
408	2000	41
409	2000	21
410	2000	0
411	2000	14
412	2000	67
413	2000	94
414	2000	48
415	2000	88
416	2000	51
417	2000	16
418	2000	4
419	2000	12
420	2000	27
421	2000	24
422	2000	17
423	2000	10
424	2000	18
425	2000	1
426	2000	40
427	2000	64
428	2000	71
429	2000	78
430	2000	69
431	2000	50
432	2000	49
433	2000	45
434	2000	31
435	2000	47
436	2000	22
437	2000	30
438	2000	11
439	2000	12
440	2000	2
441	2000	10
442	2000	3
443	2000	57
444	2000	13
445	2000	34
446	2000	21
447	2000	72
448	2000	96
449	2000	49
450	2000	30
451	2000	35
452	2000	14
453	2000	90
454	2000	66
455	2000	41
456	2000	15
457	2000	34
458	2000	25
459	2000	20
460	2000	0
461	2000	1
462	2000	21
463	2000	20
464	2000	37
465	2000	34
466	2000	21
467	2000	4
468	2000	24
469	2000	62
470	2000	55
471	2000	22
472	2000	0
473	2000	17
474	2000	43
475	2000	11
476	2000	0
477	2000	2
478	2000	73
479	2000	70
480	2000	38
481	2000	0
482	2000	30
483	2000	51
484	2000	69
485	2000	58
486	2000	64
487	2000	95
488	2000	87
489	2000	34
490	2000	11
491	2000	54
492	2000	66
493	2000	35
494	2000	26
495	2000	4
496	2000	1
497	2000	9
498	2000	50
499	2000	65
500	2000	19
501	2000	4
502	2000	12
503	2000	64
504	2000	67
505	2000	14
506	2000	21
507	2000	15
508	2000	0
509	2000	23
510	2000	66
511	2000	12
512	2000	8
513	2000	12
514	2000	0
515	2000	24
516	2000	52
517	2000	58
518	2000	57
519	2000	1
520	2000	0
521	2000	17
522	2000	54
523	2000	17
524	2000	17
525	2000	2
526	2000	41
527	2000	47
528	2000	49
529	2000	26
530	2000	49
531	2000	88
532	2000	37
533	2000	13
534	2000	9
535	2000	0
536	2000	11
537	2000	38
538	2000	0
539	2000	0
540	2000	20
541	2000	33
542	2000	51
543	2000	49
544	2000	26
545	2000	93
546	2000	76
547	2000	21
548	2000	8
549	2000	16
550	2000	0
551	2000	0
552	2000	23
553	2000	95
554	2000	51
555	2000	71
556	2000	31
557	2000	58
558	2000	5
559	2000	17
560	2000	28
561	2000	31
562	2000	68
563	2000	8
564	2000	3
565	2000	26
566	2000	0
567	2000	33
568	2000	57
569	2000	38
570	2000	0
571	2000	33
572	2000	79
573	2000	86
574	2000	60
575	2000	35
576	2000	28
577	2000	22
578	2000	24
579	2000	15
580	2000	26
581	2000	12
582	2000	4
583	2000	68
584	2000	71
585	2000	66
586	2000	43
587	2000	53
588	2000	50
589	2000	92
590	2000	77
591	2000	68
592	2000	37
593	2000	43
594	2000	53
595	2000	9
596	2000	82
597	2000	76
598	2000	61
599	2000	12
600	2000	1
601	2000	0
602	2000	555
603	2000	107
604	2000	0
605	2000	37
606	2000	17
607	2000	33
608	2000	21
609	2000	0
610	2000	0
611	2000	2
612	2000	9
613	2000	66
614	2000	39
615	2000	34
616	2000	20
617	2000	12
618	2000	46
619	2000	43
620	2000	34
621	2000	14
622	2000	25
623	2000	2
624	2000	12
625	2000	80
626	2000	53
627	2000	38
628	2000	26
629	2000	0
630	2000	37
631	2000	65
632	2000	50
633	2000	83
634	2000	2
635	2000	0
636	2000	13
637	2000	1
638	2000	7
639	2000	14
640	2000	33
641	2000	32
642	2000	28
643	2000	6
644	2000	47
645	2000	50
646	2000	1
647	2000	33
648	2000	86
649	2000	68
650	2000	67
651	2000	32
652	2000	12
653	2000	0
654	2000	28
655	2000	49
656	2000	28
657	2000	5
658	2000	0
659	2000	4
660	2000	18
661	2000	53
662	2000	31
663	2000	16
664	2000	10
665	2000	0
666	2000	3
667	2000	0
668	2000	0
669	2000	0
670	2000	0
671	2000	68
672	2000	18
673	2000	47
674	2000	13
675	2000	0
676	2000	0
677	2000	55
678	2000	76
679	2000	33
680	2000	1
681	2000	7
682	2000	41
683	2000	4
684	2000	21
685	2000	41
686	2000	25
687	2000	53
688	2000	35
689	2000	80
690	2000	35
691	2000	0
692	2000	2
693	2000	31
694	2000	56
695	2000	35
696	2000	4
697	2000	0
698	2000	35
699	2000	55
700	2000	71
701	2000	118
702	2000	57
703	2000	55
704	2000	17
705	2000	0
706	2000	56
707	2000	28
708	2000	54
709	2000	55
710	2000	77
711	2000	65
712	2000	37
713	2000	11
714	2000	17
715	2000	10
716	2000	5
717	2000	30
718	2000	69
719	2000	44
720	2000	40
721	2000	21
722	2000	29
723	2000	108
724	2000	67
725	2000	21
726	2000	16
727	2000	41
728	2000	66
729	2000	49
730	2000	53
731	2000	68
732	2000	34
733	2000	16
734	2000	0
735	2000	0
736	2000	24
737	2000	17
738	2000	5
739	2000	0
740	2000	19
741	2000	74
742	2000	24
743	2000	5
744	2000	60
745	2000	94
746	2000	28
747	2000	41
748	2000	26
749	2000	41
750	2000	67
751	2000	43
752	2000	25
753	2000	10
754	2000	0
755	2000	21
756	2000	46
757	2000	74
758	2000	49
759	2000	28
760	2000	42
761	2000	38
762	2000	27
763	2000	38
764	2000	32
765	2000	23
766	2000	20
767	2000	13
768	2000	6
769	2000	0
770	2000	49
771	2000	33
772	2000	26
773	2000	24
774	2000	0
775	2000	0
776	2000	24
777	2000	58
778	2000	41
779	2000	41
780	2000	62
781	2000	40
782	2000	0
783	2000	0
784	2000	48
785	2000	6
786	2000	32
787	2000	52
788	2000	113
789	2000	45
790	2000	23
791	2000	60
792	2000	22
793	2000	76
794	2000	11
795	2000	30
796	2000	19
797	2000	7
798	2000	4
799	2000	23
800	2000	0
801	2000	0
802	2000	685
803	2000	234
804	2000	37
805	2000	2
806	2000	50
807	2000	23
808	2000	113
809	2000	64
810	2000	54
811	2000	0
812	2000	78
813	2000	6
814	2000	0
815	2000	63
816	2000	94
817	2000	38
818	2000	9
819	2000	20
820	2000	41
821	2000	25
822	2000	2
823	2000	0
824	2000	16
825	2000	0
826	2000	0
827	2000	2
828	2000	50
829	2000	45
830	2000	78
831	2000	43
832	2000	10
833	2000	17
834	2000	10
835	2000	17
836	2000	0
837	2000	37
838	2000	41
839	2000	48
840	2000	62
841	2000	60
842	2000	32
843	2000	5
844	2000	15
845	2000	46
846	2000	14
847	2000	3
848	2000	0
849	2000	17
850	2000	50
851	2000	24
852	2000	0
853	2000	0
854	2000	0
855	2000	17
856	2000	0
857	2000	62
858	2000	68
859	2000	21
860	2000	89
861	2000	61
862	2000	58
863	2000	18
864	2000	56
865	2000	74
866	2000	25
867	2000	8
868	2000	0
869	2000	0
870	2000	1
871	2000	51
872	2000	30
873	2000	31
874	2000	40
875	2000	7
876	2000	0
877	2000	0
878	2000	36
879	2000	42
880	2000	7
881	2000	36
882	2000	41
883	2000	15
884	2000	46
885	2000	29
886	2000	62
887	2000	37
888	2000	13
889	2000	56
890	2000	12
891	2000	0
892	2000	0
893	2000	0
894	2000	0
895	2000	38
896	2000	17
897	2000	50
898	2000	81
899	2000	30
900	2000	33
901	2000	43
902	2000	46
903	2000	0
904	2000	74
905	2000	49
906	2000	87
907	2000	46
908	2000	66
909	2000	17
910	2000	11
911	2000	0
912	2000	0
913	2000	0
914	2000	6
915	2000	0
916	2000	25
917	2000	58
918	2000	41
919	2000	25
920	2000	26
921	2000	43
922	2000	49
923	2000	11
924	2000	9
925	2000	0
926	2000	0
927	2000	21
928	2000	15
929	2000	3
930	2000	15
931	2000	12
932	2000	5
933	2000	4
934	2000	36
935	2000	44
936	2000	1
937	2000	0
938	2000	32
939	2000	81
940	2000	86
941	2000	78
942	2000	67
943	2000	21
944	2000	14
945	2000	66
946	2000	45
947	2000	30
948	2000	32
949	2000	32
950	2000	18
951	2000	9
952	2000	59
953	2000	75
954	2000	4
955	2000	0
956	2000	1
957	2000	0
958	2000	6
959	2000	73
960	2000	42
961	2000	29
962	2000	45
963	2000	110
964	2000	59
965	2000	15
966	2000	40
967	2000	69
968	2000	39
969	2000	91
970	2000	58
971	2000	23
972	2000	41
973	2000	32
974	2000	0
975	2000	14
976	2000	8
977	2000	6
978	2000	0
979	2000	0
980	2000	17
981	2000	88
982	2000	96
983	2000	58
984	2000	57
985	2000	20
986	2000	5
987	2000	0
988	2000	51
989	2000	60
990	2000	33
991	2000	12
992	2000	20
993	2000	23
994	2000	6
995	2000	0
996	2000	12
997	2000	0
998	2000	13
999	2000	0
