0	2000	0
1	2000	0
2	2000	3
3	2000	1
4	2000	5
5	2000	0
6	2000	11
7	2000	6
8	2000	7
9	2000	15
10	2000	0
11	2000	0
12	2000	0
13	2000	0
14	2000	10
15	2000	21
16	2000	11
17	2000	20
18	2000	5
19	2000	0
20	2000	0
21	2000	0
22	2000	0
23	2000	0
24	2000	0
25	2000	0
26	2000	13
27	2000	2
28	2000	0
29	2000	21
30	2000	26
31	2000	12
32	2000	0
33	2000	1
34	2000	6
35	2000	10
36	2000	6
37	2000	0
38	2000	0
39	2000	0
40	2000	0
41	2000	18
42	2000	14
43	2000	14
44	2000	7
45	2000	0
46	2000	4
47	2000	0
48	2000	0
49	2000	0
50	2000	0
51	2000	199
52	2000	254
53	2000	71
54	2000	0
55	2000	0
56	2000	0
57	2000	0
58	2000	0
59	2000	0
60	2000	8
61	2000	1
62	2000	22
63	2000	15
64	2000	3
65	2000	0
66	2000	2
67	2000	0
68	2000	9
69	2000	8
70	2000	0
71	2000	8
72	2000	0
73	2000	0
74	2000	11
75	2000	24
76	2000	0
77	2000	10
78	2000	27
79	2000	37
80	2000	30
81	2000	14
82	2000	0
83	2000	9
84	2000	0
85	2000	3
86	2000	23
87	2000	17
88	2000	3
89	2000	6
90	2000	0
91	2000	1
92	2000	1
93	2000	0
94	2000	3
95	2000	0
96	2000	0
97	2000	0
98	2000	0
99	2000	3
100	2000	14
101	2000	0
102	2000	344
103	2000	118
104	2000	27
105	2000	5
106	2000	21
107	2000	13
108	2000	28
109	2000	0
110	2000	0
111	2000	5
112	2000	0
113	2000	1
114	2000	0
115	2000	1
116	2000	0
117	2000	6
118	2000	2
119	2000	0
120	2000	0
121	2000	0
122	2000	1
123	2000	2
124	2000	0
125	2000	0
126	2000	0
127	2000	0
128	2000	1
129	2000	0
130	2000	0
131	2000	0
132	2000	0
133	2000	2
134	2000	0
135	2000	23
136	2000	27
137	2000	17
138	2000	1
139	2000	0
140	2000	0
141	2000	1
142	2000	12
143	2000	25
144	2000	8
145	2000	5
146	2000	5
147	2000	10
148	2000	0
149	2000	0
150	2000	0
151	2000	0
152	2000	319
153	2000	48
154	2000	14
155	2000	3
156	2000	4
157	2000	11
158	2000	9
159	2000	0
160	2000	24
161	2000	6
162	2000	0
163	2000	0
164	2000	1
165	2000	5
166	2000	5
167	2000	0
168	2000	0
169	2000	0
170	2000	8
171	2000	9
172	2000	3
173	2000	0
174	2000	0
175	2000	13
176	2000	20
177	2000	14
178	2000	10
179	2000	32
180	2000	1
181	2000	0
182	2000	3
183	2000	32
184	2000	12
185	2000	0
186	2000	2
187	2000	0
188	2000	0
189	2000	0
190	2000	0
191	2000	0
192	2000	0
193	2000	2
194	2000	8
195	2000	0
196	2000	7
197	2000	1
198	2000	0
199	2000	0
200	2000	0
201	2000	63
202	2000	321
203	2000	75
204	2000	18
205	2000	31
206	2000	6
207	2000	0
208	2000	14
209	2000	5
210	2000	16
211	2000	0
212	2000	0
213	2000	6
214	2000	15
215	2000	0
216	2000	10
217	2000	15
218	2000	8
219	2000	11
220	2000	6
221	2000	14
222	2000	15
223	2000	0
224	2000	11
225	2000	3
226	2000	0
227	2000	14
228	2000	12
229	2000	4
230	2000	1
231	2000	12
232	2000	0
233	2000	0
234	2000	2
235	2000	33
236	2000	36
237	2000	0
238	2000	2
239	2000	1
240	2000	0
241	2000	0
242	2000	0
243	2000	2
244	2000	1
245	2000	4
246	2000	0
247	2000	5
248	2000	0
249	2000	14
250	2000	24
251	2000	244
252	2000	232
253	2000	87
254	2000	39
255	2000	8
256	2000	0
257	2000	9
258	2000	0
259	2000	0
260	2000	5
261	2000	6
262	2000	15
263	2000	0
264	2000	0
265	2000	0
266	2000	0
267	2000	1
268	2000	0
269	2000	0
270	2000	1
271	2000	1
272	2000	0
273	2000	0
274	2000	7
275	2000	0
276	2000	0
277	2000	1
278	2000	0
279	2000	0
280	2000	1
281	2000	2
282	2000	3
283	2000	3
284	2000	0
285	2000	1
286	2000	3
287	2000	9
288	2000	13
289	2000	4
290	2000	0
291	2000	7
292	2000	21
293	2000	9
294	2000	1
295	2000	6
296	2000	5
297	2000	0
298	2000	2
299	2000	0
300	2000	0
301	2000	0
302	2000	317
303	2000	94
304	2000	1
305	2000	8
306	2000	1
307	2000	0
308	2000	0
309	2000	16
310	2000	19
311	2000	2
312	2000	0
313	2000	4
314	2000	0
315	2000	3
316	2000	0
317	2000	0
318	2000	8
319	2000	4
320	2000	0
321	2000	0
322	2000	2
323	2000	2
324	2000	0
325	2000	0
326	2000	0
327	2000	0
328	2000	0
329	2000	0
330	2000	2
331	2000	0
332	2000	0
333	2000	7
334	2000	7
335	2000	0
336	2000	2
337	2000	0
338	2000	0
339	2000	0
340	2000	2
341	2000	0
342	2000	0
343	2000	0
344	2000	5
345	2000	0
346	2000	0
347	2000	0
348	2000	2
349	2000	1
350	2000	0
351	2000	0
352	2000	351
353	2000	110
354	2000	19
355	2000	0
356	2000	0
357	2000	11
358	2000	0
359	2000	15
360	2000	0
361	2000	0
362	2000	0
363	2000	0
364	2000	2
365	2000	0
366	2000	8
367	2000	4
368	2000	0
369	2000	8
370	2000	1
371	2000	11
372	2000	8
373	2000	0
374	2000	16
375	2000	4
376	2000	0
377	2000	0
378	2000	0
379	2000	1
380	2000	5
381	2000	10
382	2000	9
383	2000	0
384	2000	0
385	2000	0
386	2000	0
387	2000	0
388	2000	0
389	2000	0
390	2000	8
391	2000	10
392	2000	6
393	2000	0
394	2000	8
395	2000	6
396	2000	0
397	2000	0
398	2000	7
399	2000	0
400	2000	0
401	2000	154
402	2000	100
403	2000	57
404	2000	27
405	2000	0
406	2000	0
407	2000	0
408	2000	1
409	2000	0
410	2000	10
411	2000	0
412	2000	3
413	2000	15
414	2000	16
415	2000	13
416	2000	6
417	2000	0
418	2000	0
419	2000	0
420	2000	5
421	2000	5
422	2000	24
423	2000	16
424	2000	10
425	2000	4
426	2000	0
427	2000	0
428	2000	0
429	2000	0
430	2000	0
431	2000	0
432	2000	0
433	2000	1
434	2000	2
435	2000	0
436	2000	3
437	2000	10
438	2000	24
439	2000	0
440	2000	0
441	2000	0
442	2000	6
443	2000	0
444	2000	7
445	2000	0
446	2000	8
447	2000	7
448	2000	6
449	2000	25
450	2000	20
451	2000	0
452	2000	306
453	2000	85
454	2000	23
455	2000	0
456	2000	6
457	2000	7
458	2000	32
459	2000	11
460	2000	0
461	2000	0
462	2000	0
463	2000	7
464	2000	11
465	2000	0
466	2000	9
467	2000	0
468	2000	0
469	2000	0
470	2000	0
471	2000	0
472	2000	0
473	2000	5
474	2000	25
475	2000	0
476	2000	0
477	2000	4
478	2000	0
479	2000	0
480	2000	1
481	2000	2
482	2000	5
483	2000	1
484	2000	0
485	2000	1
486	2000	0
487	2000	7
488	2000	7
489	2000	0
490	2000	11
491	2000	17
492	2000	5
493	2000	0
494	2000	4
495	2000	31
496	2000	18
497	2000	0
498	2000	0
499	2000	0
500	2000	20
501	2000	0
502	2000	294
503	2000	113
504	2000	2
505	2000	0
506	2000	0
507	2000	0
508	2000	0
509	2000	0
510	2000	0
511	2000	1
512	2000	13
513	2000	13
514	2000	16
515	2000	21
516	2000	11
517	2000	0
518	2000	0
519	2000	2
520	2000	2
521	2000	1
522	2000	0
523	2000	0
524	2000	0
525	2000	0
526	2000	0
527	2000	0
528	2000	0
529	2000	0
530	2000	1
531	2000	4
532	2000	0
533	2000	1
534	2000	0
535	2000	0
536	2000	0
537	2000	0
538	2000	0
539	2000	0
540	2000	1
541	2000	0
542	2000	0
543	2000	3
544	2000	11
545	2000	10
546	2000	0
547	2000	0
548	2000	0
549	2000	0
550	2000	23
551	2000	200
552	2000	92
553	2000	48
554	2000	42
555	2000	7
556	2000	0
557	2000	0
558	2000	0
559	2000	1
560	2000	4
561	2000	0
562	2000	0
563	2000	4
564	2000	25
565	2000	21
566	2000	11
567	2000	4
568	2000	0
569	2000	0
570	2000	6
571	2000	9
572	2000	0
573	2000	3
574	2000	2
575	2000	1
576	2000	11
577	2000	0
578	2000	28
579	2000	0
580	2000	1
581	2000	13
582	2000	0
583	2000	0
584	2000	1
585	2000	0
586	2000	2
587	2000	8
588	2000	11
589	2000	4
590	2000	0
591	2000	0
592	2000	0
593	2000	0
594	2000	0
595	2000	0
596	2000	17
597	2000	0
598	2000	0
599	2000	0
600	2000	8
601	2000	0
602	2000	347
603	2000	73
604	2000	0
605	2000	0
606	2000	0
607	2000	0
608	2000	1
609	2000	0
610	2000	0
611	2000	1
612	2000	0
613	2000	0
614	2000	0
615	2000	0
616	2000	9
617	2000	13
618	2000	0
619	2000	0
620	2000	0
621	2000	0
622	2000	64
623	2000	15
624	2000	0
625	2000	0
626	2000	0
627	2000	0
628	2000	0
629	2000	0
630	2000	0
631	2000	11
632	2000	1
633	2000	0
634	2000	18
635	2000	19
636	2000	14
637	2000	1
638	2000	0
639	2000	0
640	2000	0
641	2000	5
642	2000	13
643	2000	0
644	2000	1
645	2000	0
646	2000	0
647	2000	0
648	2000	1
649	2000	2
650	2000	0
651	2000	0
652	2000	235
653	2000	74
654	2000	5
655	2000	0
656	2000	16
657	2000	10
658	2000	0
659	2000	0
660	2000	0
661	2000	0
662	2000	1
663	2000	0
664	2000	4
665	2000	0
666	2000	4
667	2000	0
668	2000	16
669	2000	7
670	2000	0
671	2000	16
672	2000	9
673	2000	0
674	2000	24
675	2000	19
676	2000	8
677	2000	0
678	2000	0
679	2000	0
680	2000	12
681	2000	20
682	2000	12
683	2000	0
684	2000	0
685	2000	1
686	2000	0
687	2000	0
688	2000	0
689	2000	5
690	2000	16
691	2000	3
692	2000	0
693	2000	0
694	2000	0
695	2000	0
696	2000	0
697	2000	0
698	2000	21
699	2000	4
700	2000	0
701	2000	0
702	2000	293
703	2000	93
704	2000	3
705	2000	0
706	2000	0
707	2000	1
708	2000	1
709	2000	0
710	2000	0
711	2000	0
712	2000	0
713	2000	0
714	2000	3
715	2000	3
716	2000	0
717	2000	4
718	2000	0
719	2000	0
720	2000	0
721	2000	0
722	2000	0
723	2000	0
724	2000	0
725	2000	11
726	2000	29
727	2000	0
728	2000	0
729	2000	13
730	2000	0
731	2000	0
732	2000	0
733	2000	0
734	2000	0
735	2000	1
736	2000	0
737	2000	0
738	2000	9
739	2000	37
740	2000	16
741	2000	0
742	2000	2
743	2000	0
744	2000	0
745	2000	0
746	2000	0
747	2000	23
748	2000	30
749	2000	4
750	2000	0
751	2000	2
752	2000	274
753	2000	76
754	2000	1
755	2000	0
756	2000	0
757	2000	1
758	2000	6
759	2000	6
760	2000	5
761	2000	0
762	2000	0
763	2000	26
764	2000	4
765	2000	11
766	2000	0
767	2000	0
768	2000	0
769	2000	0
770	2000	0
771	2000	12
772	2000	18
773	2000	2
774	2000	11
775	2000	26
776	2000	0
777	2000	0
778	2000	0
779	2000	0
780	2000	0
781	2000	0
782	2000	0
783	2000	0
784	2000	0
785	2000	0
786	2000	0
787	2000	0
788	2000	2
789	2000	9
790	2000	2
791	2000	1
792	2000	1
793	2000	0
794	2000	0
795	2000	8
796	2000	5
797	2000	0
798	2000	13
799	2000	20
800	2000	28
801	2000	0
802	2000	287
803	2000	88
804	2000	22
805	2000	0
806	2000	0
807	2000	1
808	2000	5
809	2000	21
810	2000	3
811	2000	0
812	2000	0
813	2000	10
814	2000	3
815	2000	0
816	2000	0
817	2000	0
818	2000	12
819	2000	17
820	2000	0
821	2000	0
822	2000	0
823	2000	0
824	2000	5
825	2000	0
826	2000	0
827	2000	16
828	2000	19
829	2000	0
830	2000	0
831	2000	0
832	2000	0
833	2000	3
834	2000	0
835	2000	0
836	2000	6
837	2000	2
838	2000	0
839	2000	7
840	2000	21
841	2000	4
842	2000	0
843	2000	0
844	2000	0
845	2000	1
846	2000	0
847	2000	1
848	2000	11
849	2000	23
850	2000	34
851	2000	0
852	2000	281
853	2000	70
854	2000	1
855	2000	0
856	2000	0
857	2000	5
858	2000	0
859	2000	0
860	2000	0
861	2000	0
862	2000	17
863	2000	10
864	2000	30
865	2000	4
866	2000	0
867	2000	0
868	2000	0
869	2000	0
870	2000	2
871	2000	0
872	2000	20
873	2000	0
874	2000	4
875	2000	1
876	2000	15
877	2000	0
878	2000	8
879	2000	11
880	2000	10
881	2000	3
882	2000	3
883	2000	14
884	2000	0
885	2000	0
886	2000	0
887	2000	17
888	2000	17
889	2000	0
890	2000	1
891	2000	1
892	2000	0
893	2000	0
894	2000	2
895	2000	12
896	2000	0
897	2000	0
898	2000	0
899	2000	0
900	2000	0
901	2000	0
902	2000	226
903	2000	79
904	2000	50
905	2000	5
906	2000	3
907	2000	5
908	2000	8
909	2000	5
910	2000	0
911	2000	0
912	2000	0
913	2000	23
914	2000	28
915	2000	1
916	2000	9
917	2000	11
918	2000	4
919	2000	1
920	2000	0
921	2000	0
922	2000	0
923	2000	3
924	2000	0
925	2000	1
926	2000	0
927	2000	0
928	2000	0
929	2000	11
930	2000	0
931	2000	0
932	2000	5
933	2000	13
934	2000	5
935	2000	16
936	2000	4
937	2000	0
938	2000	1
939	2000	14
940	2000	0
941	2000	0
942	2000	3
943	2000	11
944	2000	16
945	2000	2
946	2000	0
947	2000	0
948	2000	0
949	2000	0
950	2000	0
951	2000	0
952	2000	263
953	2000	69
954	2000	0
955	2000	31
956	2000	17
957	2000	1
958	2000	0
959	2000	3
960	2000	1
961	2000	0
962	2000	3
963	2000	0
964	2000	0
965	2000	0
966	2000	4
967	2000	0
968	2000	0
969	2000	0
970	2000	0
971	2000	0
972	2000	14
973	2000	28
974	2000	6
975	2000	0
976	2000	9
977	2000	0
978	2000	0
979	2000	1
980	2000	0
981	2000	0
982	2000	0
983	2000	0
984	2000	0
985	2000	29
986	2000	0
987	2000	0
988	2000	0
989	2000	29
990	2000	3
991	2000	2
992	2000	0
993	2000	0
994	2000	0
995	2000	0
996	2000	1
997	2000	1
998	2000	0
999	2000	0
