0	500	0
1	500	0
2	500	14
3	500	23
4	500	13
5	500	0
6	500	0
7	500	0
8	500	4
9	500	1
10	500	0
11	500	1
12	500	4
13	500	0
14	500	5
15	500	27
16	500	16
17	500	3
18	500	1
19	500	28
20	500	6
21	500	1
22	500	5
23	500	22
24	500	43
25	500	25
26	500	14
27	500	15
28	500	30
29	500	18
30	500	13
31	500	28
32	500	33
33	500	16
34	500	3
35	500	1
36	500	0
37	500	0
38	500	12
39	500	28
40	500	23
41	500	5
42	500	19
43	500	20
44	500	23
45	500	2
46	500	0
47	500	0
48	500	8
49	500	29
50	500	0
51	500	5
52	500	0
53	500	0
54	500	0
55	500	0
56	500	1
57	500	2
58	500	0
59	500	7
60	500	21
61	500	15
62	500	11
63	500	14
64	500	23
65	500	25
66	500	15
67	500	28
68	500	32
69	500	3
70	500	0
71	500	0
72	500	4
73	500	11
74	500	9
75	500	16
76	500	8
77	500	15
78	500	8
79	500	3
80	500	6
81	500	31
82	500	17
83	500	20
84	500	22
85	500	5
86	500	4
87	500	2
88	500	0
89	500	6
90	500	10
91	500	0
92	500	1
93	500	5
94	500	18
95	500	2
96	500	0
97	500	0
98	500	0
99	500	0
100	500	1
101	500	0
102	500	2
103	500	9
104	500	20
105	500	17
106	500	3
107	500	0
108	500	17
109	500	5
110	500	0
111	500	3
112	500	3
113	500	7
114	500	0
115	500	0
116	500	1
117	500	0
118	500	0
119	500	3
120	500	2
121	500	0
122	500	6
123	500	0
124	500	0
125	500	5
126	500	0
127	500	0
128	500	11
129	500	0
130	500	7
131	500	19
132	500	17
133	500	19
134	500	0
135	500	10
136	500	6
137	500	3
138	500	7
139	500	0
140	500	1
141	500	0
142	500	4
143	500	11
144	500	5
145	500	1
146	500	5
147	500	0
148	500	5
149	500	0
150	500	9
151	500	10
152	500	26
153	500	21
154	500	33
155	500	6
156	500	0
157	500	0
158	500	1
159	500	1
160	500	0
161	500	10
162	500	40
163	500	7
164	500	13
165	500	2
166	500	6
167	500	11
168	500	7
169	500	0
170	500	0
171	500	2
172	500	2
173	500	0
174	500	0
175	500	0
176	500	10
177	500	4
178	500	2
179	500	2
180	500	0
181	500	7
182	500	27
183	500	21
184	500	11
185	500	21
186	500	34
187	500	28
188	500	29
189	500	3
190	500	0
191	500	5
192	500	3
193	500	11
194	500	10
195	500	14
196	500	27
197	500	14
198	500	3
199	500	4
200	500	29
201	500	0
202	500	146
203	500	61
204	500	25
205	500	2
206	500	0
207	500	0
208	500	12
209	500	20
210	500	10
211	500	8
212	500	3
213	500	0
214	500	28
215	500	20
216	500	0
217	500	9
218	500	26
219	500	30
220	500	23
221	500	11
222	500	12
223	500	18
224	500	26
225	500	25
226	500	8
227	500	0
228	500	0
229	500	0
230	500	0
231	500	0
232	500	11
233	500	17
234	500	16
235	500	5
236	500	20
237	500	2
238	500	0
239	500	0
240	500	3
241	500	21
242	500	4
243	500	1
244	500	0
245	500	17
246	500	0
247	500	0
248	500	3
249	500	3
250	500	30
251	500	38
252	500	21
253	500	11
254	500	0
255	500	0
256	500	16
257	500	25
258	500	29
259	500	3
260	500	0
261	500	0
262	500	2
263	500	0
264	500	18
265	500	28
266	500	13
267	500	15
268	500	10
269	500	9
270	500	6
271	500	0
272	500	2
273	500	13
274	500	8
275	500	0
276	500	7
277	500	0
278	500	0
279	500	0
280	500	5
281	500	3
282	500	16
283	500	9
284	500	25
285	500	35
286	500	15
287	500	27
288	500	7
289	500	2
290	500	0
291	500	12
292	500	2
293	500	10
294	500	23
295	500	0
296	500	8
297	500	13
298	500	0
299	500	11
300	500	1
301	500	0
302	500	0
303	500	1
304	500	9
305	500	9
306	500	2
307	500	0
308	500	4
309	500	10
310	500	4
311	500	1
312	500	22
313	500	16
314	500	7
315	500	0
316	500	0
317	500	0
318	500	0
319	500	10
320	500	15
321	500	11
322	500	8
323	500	1
324	500	0
325	500	5
326	500	19
327	500	14
328	500	12
329	500	9
330	500	0
331	500	0
332	500	0
333	500	1
334	500	18
335	500	2
336	500	0
337	500	0
338	500	0
339	500	0
340	500	11
341	500	36
342	500	26
343	500	13
344	500	9
345	500	14
346	500	0
347	500	8
348	500	17
349	500	3
350	500	0
351	500	0
352	500	14
353	500	20
354	500	11
355	500	12
356	500	0
357	500	3
358	500	19
359	500	15
360	500	31
361	500	8
362	500	13
363	500	4
364	500	8
365	500	2
366	500	15
367	500	3
368	500	8
369	500	2
370	500	0
371	500	10
372	500	0
373	500	18
374	500	17
375	500	8
376	500	16
377	500	27
378	500	25
379	500	16
380	500	7
381	500	32
382	500	40
383	500	27
384	500	32
385	500	23
386	500	21
387	500	26
388	500	14
389	500	3
390	500	0
391	500	4
392	500	14
393	500	0
394	500	0
395	500	0
396	500	9
397	500	14
398	500	8
399	500	19
400	500	43
401	500	0
402	500	164
403	500	53
404	500	22
405	500	15
406	500	6
407	500	2
408	500	9
409	500	2
410	500	13
411	500	4
412	500	0
413	500	2
414	500	0
415	500	12
416	500	15
417	500	2
418	500	6
419	500	0
420	500	0
421	500	1
422	500	1
423	500	0
424	500	5
425	500	15
426	500	27
427	500	27
428	500	20
429	500	3
430	500	1
431	500	0
432	500	10
433	500	2
434	500	5
435	500	11
436	500	24
437	500	0
438	500	10
439	500	7
440	500	2
441	500	19
442	500	8
443	500	2
444	500	0
445	500	2
446	500	12
447	500	4
448	500	16
449	500	13
450	500	12
451	500	34
452	500	20
453	500	19
454	500	8
455	500	1
456	500	0
457	500	9
458	500	0
459	500	2
460	500	0
461	500	15
462	500	5
463	500	0
464	500	2
465	500	17
466	500	1
467	500	0
468	500	3
469	500	0
470	500	4
471	500	3
472	500	1
473	500	6
474	500	0
475	500	0
476	500	0
477	500	0
478	500	2
479	500	0
480	500	5
481	500	16
482	500	28
483	500	12
484	500	19
485	500	10
486	500	13
487	500	0
488	500	4
489	500	1
490	500	3
491	500	20
492	500	3
493	500	0
494	500	0
495	500	0
496	500	0
497	500	0
498	500	0
499	500	2
500	500	30
501	500	3
502	500	0
503	500	9
504	500	9
505	500	0
506	500	7
507	500	10
508	500	16
509	500	7
510	500	4
511	500	10
512	500	13
513	500	7
514	500	0
515	500	2
516	500	2
517	500	0
518	500	16
519	500	34
520	500	13
521	500	0
522	500	1
523	500	2
524	500	22
525	500	23
526	500	4
527	500	14
528	500	0
529	500	0
530	500	2
531	500	6
532	500	0
533	500	0
534	500	11
535	500	0
536	500	15
537	500	1
538	500	0
539	500	1
540	500	15
541	500	0
542	500	0
543	500	0
544	500	0
545	500	0
546	500	3
547	500	0
548	500	0
549	500	20
550	500	36
551	500	46
552	500	19
553	500	2
554	500	2
555	500	0
556	500	2
557	500	11
558	500	0
559	500	3
560	500	5
561	500	10
562	500	1
563	500	0
564	500	10
565	500	12
566	500	3
567	500	5
568	500	0
569	500	1
570	500	0
571	500	0
572	500	0
573	500	0
574	500	0
575	500	20
576	500	26
577	500	10
578	500	10
579	500	8
580	500	21
581	500	21
582	500	27
583	500	37
584	500	26
585	500	3
586	500	2
587	500	30
588	500	7
589	500	0
590	500	0
591	500	0
592	500	3
593	500	8
594	500	15
595	500	4
596	500	22
597	500	24
598	500	7
599	500	7
600	500	55
601	500	0
602	500	209
603	500	78
604	500	40
605	500	22
606	500	19
607	500	26
608	500	18
609	500	3
610	500	1
611	500	1
612	500	16
613	500	3
614	500	9
615	500	2
616	500	0
617	500	6
618	500	7
619	500	0
620	500	29
621	500	21
622	500	29
623	500	22
624	500	19
625	500	5
626	500	0
627	500	0
628	500	0
629	500	0
630	500	0
631	500	5
632	500	9
633	500	0
634	500	5
635	500	0
636	500	1
637	500	0
638	500	0
639	500	0
640	500	0
641	500	5
642	500	0
643	500	0
644	500	22
645	500	17
646	500	15
647	500	26
648	500	7
649	500	0
650	500	0
651	500	3
652	500	0
653	500	0
654	500	7
655	500	0
656	500	3
657	500	27
658	500	15
659	500	17
660	500	22
661	500	5
662	500	5
663	500	0
664	500	7
665	500	6
666	500	22
667	500	23
668	500	14
669	500	12
670	500	18
671	500	36
672	500	21
673	500	4
674	500	0
675	500	0
676	500	0
677	500	0
678	500	0
679	500	17
680	500	4
681	500	0
682	500	2
683	500	6
684	500	0
685	500	13
686	500	15
687	500	20
688	500	18
689	500	14
690	500	12
691	500	0
692	500	0
693	500	6
694	500	1
695	500	0
696	500	0
697	500	0
698	500	0
699	500	0
700	500	2
701	500	2
702	500	0
703	500	0
704	500	0
705	500	2
706	500	17
707	500	15
708	500	2
709	500	9
710	500	0
711	500	1
712	500	1
713	500	16
714	500	7
715	500	0
716	500	0
717	500	4
718	500	32
719	500	8
720	500	0
721	500	7
722	500	19
723	500	12
724	500	16
725	500	19
726	500	7
727	500	0
728	500	0
729	500	0
730	500	0
731	500	5
732	500	7
733	500	0
734	500	0
735	500	0
736	500	7
737	500	5
738	500	6
739	500	36
740	500	21
741	500	16
742	500	24
743	500	7
744	500	2
745	500	1
746	500	0
747	500	5
748	500	9
749	500	3
750	500	19
751	500	11
752	500	5
753	500	0
754	500	0
755	500	4
756	500	9
757	500	33
758	500	21
759	500	4
760	500	0
761	500	0
762	500	15
763	500	6
764	500	0
765	500	7
766	500	10
767	500	1
768	500	0
769	500	1
770	500	1
771	500	0
772	500	15
773	500	0
774	500	3
775	500	6
776	500	11
777	500	6
778	500	10
779	500	0
780	500	10
781	500	0
782	500	0
783	500	0
784	500	26
785	500	25
786	500	9
787	500	4
788	500	10
789	500	3
790	500	0
791	500	0
792	500	9
793	500	14
794	500	4
795	500	0
796	500	4
797	500	0
798	500	4
799	500	23
800	500	0
801	500	0
802	500	116
803	500	3
804	500	4
805	500	15
806	500	15
807	500	15
808	500	19
809	500	18
810	500	27
811	500	4
812	500	0
813	500	0
814	500	5
815	500	17
816	500	34
817	500	17
818	500	11
819	500	3
820	500	32
821	500	13
822	500	5
823	500	0
824	500	0
825	500	0
826	500	4
827	500	10
828	500	1
829	500	4
830	500	31
831	500	16
832	500	8
833	500	6
834	500	0
835	500	9
836	500	14
837	500	4
838	500	0
839	500	4
840	500	0
841	500	0
842	500	4
843	500	3
844	500	7
845	500	7
846	500	18
847	500	6
848	500	8
849	500	5
850	500	9
851	500	0
852	500	0
853	500	0
854	500	3
855	500	1
856	500	11
857	500	0
858	500	3
859	500	34
860	500	22
861	500	21
862	500	18
863	500	8
864	500	0
865	500	0
866	500	24
867	500	7
868	500	6
869	500	21
870	500	6
871	500	9
872	500	0
873	500	4
874	500	0
875	500	0
876	500	0
877	500	0
878	500	0
879	500	0
880	500	0
881	500	0
882	500	2
883	500	7
884	500	28
885	500	14
886	500	0
887	500	4
888	500	0
889	500	0
890	500	19
891	500	32
892	500	35
893	500	18
894	500	6
895	500	1
896	500	2
897	500	22
898	500	14
899	500	8
900	500	7
901	500	0
902	500	12
903	500	2
904	500	10
905	500	0
906	500	0
907	500	16
908	500	11
909	500	9
910	500	3
911	500	7
912	500	6
913	500	3
914	500	0
915	500	3
916	500	1
917	500	3
918	500	0
919	500	0
920	500	3
921	500	3
922	500	10
923	500	0
924	500	5
925	500	23
926	500	15
927	500	2
928	500	17
929	500	2
930	500	2
931	500	0
932	500	0
933	500	1
934	500	0
935	500	0
936	500	18
937	500	32
938	500	20
939	500	13
940	500	14
941	500	15
942	500	28
943	500	7
944	500	22
945	500	21
946	500	0
947	500	4
948	500	0
949	500	0
950	500	0
951	500	2
952	500	1
953	500	0
954	500	12
955	500	4
956	500	0
957	500	12
958	500	18
959	500	15
960	500	5
961	500	0
962	500	9
963	500	0
964	500	9
965	500	5
966	500	0
967	500	8
968	500	14
969	500	15
970	500	0
971	500	4
972	500	9
973	500	24
974	500	5
975	500	9
976	500	0
977	500	11
978	500	7
979	500	13
980	500	30
981	500	28
982	500	21
983	500	19
984	500	11
985	500	20
986	500	16
987	500	5
988	500	18
989	500	15
990	500	27
991	500	19
992	500	27
993	500	12
994	500	13
995	500	17
996	500	4
997	500	1
998	500	9
999	500	23
