0	500	0
1	500	0
2	500	4
3	500	10
4	500	0
5	500	0
6	500	0
7	500	0
8	500	7
9	500	10
10	500	9
11	500	0
12	500	0
13	500	0
14	500	5
15	500	0
16	500	0
17	500	0
18	500	0
19	500	11
20	500	5
21	500	12
22	500	3
23	500	0
24	500	0
25	500	0
26	500	0
27	500	0
28	500	0
29	500	0
30	500	0
31	500	0
32	500	0
33	500	0
34	500	0
35	500	0
36	500	1
37	500	3
38	500	0
39	500	0
40	500	0
41	500	2
42	500	0
43	500	1
44	500	0
45	500	0
46	500	0
47	500	1
48	500	2
49	500	6
50	500	0
51	500	0
52	500	0
53	500	0
54	500	0
55	500	0
56	500	0
57	500	9
58	500	16
59	500	7
60	500	0
61	500	16
62	500	0
63	500	1
64	500	15
65	500	15
66	500	15
67	500	0
68	500	0
69	500	0
70	500	0
71	500	0
72	500	1
73	500	6
74	500	0
75	500	0
76	500	13
77	500	0
78	500	0
79	500	0
80	500	0
81	500	0
82	500	0
83	500	0
84	500	3
85	500	3
86	500	3
87	500	0
88	500	0
89	500	0
90	500	1
91	500	0
92	500	0
93	500	6
94	500	8
95	500	3
96	500	4
97	500	0
98	500	0
99	500	4
100	500	1
101	500	4
102	500	4
103	500	0
104	500	0
105	500	0
106	500	0
107	500	0
108	500	0
109	500	3
110	500	13
111	500	0
112	500	6
113	500	0
114	500	0
115	500	0
116	500	0
117	500	0
118	500	0
119	500	8
120	500	13
121	500	0
122	500	0
123	500	1
124	500	5
125	500	0
126	500	0
127	500	0
128	500	0
129	500	4
130	500	0
131	500	8
132	500	8
133	500	4
134	500	0
135	500	1
136	500	1
137	500	0
138	500	0
139	500	0
140	500	6
141	500	0
142	500	0
143	500	0
144	500	0
145	500	8
146	500	0
147	500	0
148	500	3
149	500	12
150	500	2
151	500	0
152	500	1
153	500	0
154	500	0
155	500	4
156	500	0
157	500	0
158	500	3
159	500	0
160	500	0
161	500	0
162	500	33
163	500	20
164	500	7
165	500	5
166	500	0
167	500	0
168	500	0
169	500	0
170	500	1
171	500	13
172	500	5
173	500	0
174	500	0
175	500	1
176	500	1
177	500	0
178	500	0
179	500	1
180	500	0
181	500	13
182	500	16
183	500	9
184	500	0
185	500	0
186	500	0
187	500	0
188	500	4
189	500	1
190	500	0
191	500	7
192	500	0
193	500	0
194	500	0
195	500	1
196	500	5
197	500	0
198	500	0
199	500	1
200	500	12
201	500	0
202	500	132
203	500	51
204	500	22
205	500	9
206	500	0
207	500	0
208	500	0
209	500	0
210	500	0
211	500	0
212	500	0
213	500	0
214	500	1
215	500	0
216	500	4
217	500	10
218	500	0
219	500	0
220	500	0
221	500	0
222	500	0
223	500	21
224	500	9
225	500	9
226	500	2
227	500	7
228	500	0
229	500	9
230	500	7
231	500	16
232	500	2
233	500	1
234	500	0
235	500	0
236	500	5
237	500	3
238	500	2
239	500	1
240	500	1
241	500	0
242	500	0
243	500	17
244	500	0
245	500	0
246	500	16
247	500	0
248	500	0
249	500	0
250	500	3
251	500	0
252	500	0
253	500	7
254	500	3
255	500	0
256	500	11
257	500	37
258	500	30
259	500	5
260	500	0
261	500	0
262	500	0
263	500	3
264	500	0
265	500	0
266	500	0
267	500	0
268	500	5
269	500	1
270	500	4
271	500	20
272	500	4
273	500	0
274	500	0
275	500	0
276	500	0
277	500	0
278	500	0
279	500	1
280	500	1
281	500	3
282	500	9
283	500	0
284	500	0
285	500	0
286	500	2
287	500	6
288	500	14
289	500	2
290	500	2
291	500	0
292	500	20
293	500	12
294	500	13
295	500	1
296	500	13
297	500	4
298	500	2
299	500	0
300	500	0
301	500	6
302	500	4
303	500	0
304	500	0
305	500	1
306	500	0
307	500	0
308	500	19
309	500	6
310	500	0
311	500	0
312	500	2
313	500	0
314	500	0
315	500	0
316	500	0
317	500	0
318	500	0
319	500	0
320	500	0
321	500	0
322	500	0
323	500	0
324	500	0
325	500	0
326	500	1
327	500	6
328	500	2
329	500	0
330	500	0
331	500	1
332	500	0
333	500	4
334	500	0
335	500	0
336	500	0
337	500	10
338	500	8
339	500	2
340	500	2
341	500	3
342	500	12
343	500	13
344	500	2
345	500	0
346	500	1
347	500	0
348	500	4
349	500	1
350	500	1
351	500	6
352	500	5
353	500	1
354	500	2
355	500	0
356	500	0
357	500	0
358	500	0
359	500	14
360	500	9
361	500	0
362	500	15
363	500	2
364	500	0
365	500	17
366	500	23
367	500	2
368	500	14
369	500	11
370	500	0
371	500	0
372	500	0
373	500	0
374	500	18
375	500	5
376	500	0
377	500	0
378	500	3
379	500	0
380	500	0
381	500	15
382	500	0
383	500	0
384	500	0
385	500	0
386	500	6
387	500	4
388	500	0
389	500	0
390	500	6
391	500	1
392	500	0
393	500	7
394	500	9
395	500	0
396	500	0
397	500	0
398	500	12
399	500	9
400	500	6
401	500	0
402	500	158
403	500	57
404	500	18
405	500	9
406	500	0
407	500	0
408	500	5
409	500	6
410	500	0
411	500	2
412	500	32
413	500	3
414	500	0
415	500	0
416	500	0
417	500	4
418	500	8
419	500	1
420	500	4
421	500	2
422	500	0
423	500	0
424	500	9
425	500	1
426	500	6
427	500	1
428	500	0
429	500	18
430	500	1
431	500	10
432	500	0
433	500	0
434	500	0
435	500	0
436	500	0
437	500	0
438	500	0
439	500	0
440	500	0
441	500	2
442	500	2
443	500	0
444	500	4
445	500	0
446	500	0
447	500	0
448	500	0
449	500	0
450	500	3
451	500	0
452	500	0
453	500	0
454	500	15
455	500	10
456	500	0
457	500	0
458	500	0
459	500	0
460	500	0
461	500	11
462	500	3
463	500	4
464	500	0
465	500	0
466	500	0
467	500	3
468	500	0
469	500	0
470	500	0
471	500	2
472	500	0
473	500	0
474	500	8
475	500	16
476	500	6
477	500	4
478	500	0
479	500	4
480	500	0
481	500	0
482	500	1
483	500	0
484	500	2
485	500	0
486	500	0
487	500	0
488	500	3
489	500	3
490	500	0
491	500	0
492	500	1
493	500	10
494	500	2
495	500	21
496	500	0
497	500	0
498	500	2
499	500	1
500	500	0
501	500	0
502	500	0
503	500	0
504	500	1
505	500	0
506	500	0
507	500	1
508	500	1
509	500	9
510	500	3
511	500	3
512	500	0
513	500	0
514	500	9
515	500	0
516	500	0
517	500	0
518	500	0
519	500	0
520	500	0
521	500	1
522	500	0
523	500	0
524	500	0
525	500	0
526	500	3
527	500	0
528	500	0
529	500	4
530	500	0
531	500	8
532	500	2
533	500	0
534	500	0
535	500	0
536	500	0
537	500	7
538	500	8
539	500	8
540	500	0
541	500	8
542	500	3
543	500	3
544	500	13
545	500	4
546	500	0
547	500	0
548	500	10
549	500	0
550	500	8
551	500	0
552	500	0
553	500	16
554	500	0
555	500	3
556	500	3
557	500	2
558	500	0
559	500	0
560	500	7
561	500	21
562	500	1
563	500	0
564	500	1
565	500	14
566	500	4
567	500	0
568	500	0
569	500	0
570	500	0
571	500	0
572	500	2
573	500	3
574	500	0
575	500	3
576	500	1
577	500	12
578	500	2
579	500	0
580	500	0
581	500	0
582	500	3
583	500	0
584	500	0
585	500	1
586	500	0
587	500	0
588	500	0
589	500	1
590	500	0
591	500	0
592	500	0
593	500	0
594	500	0
595	500	0
596	500	0
597	500	0
598	500	0
599	500	6
600	500	19
601	500	0
602	500	135
603	500	41
604	500	3
605	500	32
606	500	9
607	500	1
608	500	0
609	500	5
610	500	13
611	500	3
612	500	4
613	500	0
614	500	11
615	500	15
616	500	5
617	500	0
618	500	0
619	500	3
620	500	3
621	500	0
622	500	0
623	500	0
624	500	0
625	500	0
626	500	2
627	500	29
628	500	8
629	500	5
630	500	0
631	500	0
632	500	4
633	500	3
634	500	2
635	500	0
636	500	0
637	500	0
638	500	0
639	500	4
640	500	23
641	500	2
642	500	12
643	500	5
644	500	0
645	500	2
646	500	2
647	500	0
648	500	0
649	500	0
650	500	0
651	500	0
652	500	0
653	500	0
654	500	0
655	500	7
656	500	5
657	500	0
658	500	0
659	500	5
660	500	8
661	500	6
662	500	9
663	500	2
664	500	18
665	500	9
666	500	4
667	500	0
668	500	0
669	500	0
670	500	9
671	500	0
672	500	1
673	500	10
674	500	5
675	500	1
676	500	0
677	500	0
678	500	0
679	500	0
680	500	0
681	500	0
682	500	2
683	500	4
684	500	8
685	500	0
686	500	0
687	500	0
688	500	1
689	500	0
690	500	0
691	500	0
692	500	1
693	500	4
694	500	2
695	500	1
696	500	0
697	500	0
698	500	5
699	500	3
700	500	0
701	500	18
702	500	2
703	500	0
704	500	0
705	500	0
706	500	8
707	500	1
708	500	0
709	500	0
710	500	0
711	500	0
712	500	0
713	500	4
714	500	2
715	500	0
716	500	0
717	500	0
718	500	0
719	500	0
720	500	0
721	500	0
722	500	0
723	500	2
724	500	5
725	500	1
726	500	16
727	500	1
728	500	6
729	500	4
730	500	0
731	500	1
732	500	7
733	500	2
734	500	0
735	500	0
736	500	0
737	500	0
738	500	0
739	500	1
740	500	0
741	500	0
742	500	0
743	500	0
744	500	0
745	500	0
746	500	0
747	500	0
748	500	0
749	500	0
750	500	0
751	500	0
752	500	2
753	500	11
754	500	13
755	500	7
756	500	0
757	500	1
758	500	10
759	500	8
760	500	1
761	500	0
762	500	2
763	500	1
764	500	4
765	500	1
766	500	11
767	500	7
768	500	1
769	500	0
770	500	7
771	500	8
772	500	2
773	500	1
774	500	6
775	500	1
776	500	0
777	500	0
778	500	4
779	500	0
780	500	1
781	500	6
782	500	0
783	500	0
784	500	24
785	500	1
786	500	0
787	500	6
788	500	0
789	500	0
790	500	0
791	500	1
792	500	13
793	500	1
794	500	0
795	500	0
796	500	1
797	500	11
798	500	3
799	500	0
800	500	3
801	500	0
802	500	127
803	500	48
804	500	32
805	500	2
806	500	0
807	500	1
808	500	0
809	500	0
810	500	0
811	500	0
812	500	7
813	500	1
814	500	7
815	500	2
816	500	0
817	500	0
818	500	7
819	500	24
820	500	3
821	500	0
822	500	0
823	500	0
824	500	0
825	500	0
826	500	7
827	500	1
828	500	4
829	500	11
830	500	0
831	500	5
832	500	4
833	500	0
834	500	12
835	500	19
836	500	5
837	500	2
838	500	10
839	500	0
840	500	0
841	500	0
842	500	0
843	500	0
844	500	0
845	500	3
846	500	4
847	500	0
848	500	0
849	500	5
850	500	8
851	500	0
852	500	1
853	500	0
854	500	11
855	500	6
856	500	1
857	500	0
858	500	0
859	500	0
860	500	0
861	500	0
862	500	0
863	500	8
864	500	0
865	500	0
866	500	3
867	500	0
868	500	0
869	500	0
870	500	0
871	500	1
872	500	2
873	500	0
874	500	1
875	500	19
876	500	15
877	500	0
878	500	4
879	500	0
880	500	0
881	500	0
882	500	0
883	500	0
884	500	2
885	500	0
886	500	15
887	500	14
888	500	0
889	500	1
890	500	2
891	500	0
892	500	0
893	500	7
894	500	1
895	500	0
896	500	1
897	500	0
898	500	5
899	500	8
900	500	6
901	500	0
902	500	0
903	500	0
904	500	4
905	500	1
906	500	7
907	500	0
908	500	0
909	500	3
910	500	11
911	500	2
912	500	0
913	500	12
914	500	9
915	500	14
916	500	16
917	500	14
918	500	25
919	500	16
920	500	3
921	500	5
922	500	2
923	500	0
924	500	0
925	500	8
926	500	26
927	500	18
928	500	4
929	500	0
930	500	0
931	500	9
932	500	0
933	500	0
934	500	5
935	500	14
936	500	10
937	500	7
938	500	0
939	500	19
940	500	3
941	500	1
942	500	0
943	500	4
944	500	2
945	500	2
946	500	9
947	500	4
948	500	2
949	500	8
950	500	10
951	500	0
952	500	7
953	500	0
954	500	0
955	500	0
956	500	8
957	500	4
958	500	12
959	500	7
960	500	0
961	500	2
962	500	0
963	500	0
964	500	0
965	500	5
966	500	18
967	500	6
968	500	10
969	500	0
970	500	0
971	500	0
972	500	0
973	500	0
974	500	10
975	500	4
976	500	2
977	500	16
978	500	15
979	500	2
980	500	0
981	500	1
982	500	0
983	500	2
984	500	5
985	500	6
986	500	0
987	500	0
988	500	0
989	500	6
990	500	7
991	500	1
992	500	3
993	500	0
994	500	0
995	500	0
996	500	0
997	500	0
998	500	12
999	500	2
