0	2000	0
1	2000	6
2	2000	2
3	2000	1
4	2000	2
5	2000	0
6	2000	46
7	2000	34
8	2000	47
9	2000	70
10	2000	34
11	2000	18
12	2000	3
13	2000	12
14	2000	31
15	2000	26
16	2000	42
17	2000	18
18	2000	49
19	2000	58
20	2000	40
21	2000	47
22	2000	13
23	2000	6
24	2000	34
25	2000	34
26	2000	23
27	2000	10
28	2000	13
29	2000	6
30	2000	0
31	2000	25
32	2000	26
33	2000	18
34	2000	26
35	2000	18
36	2000	34
37	2000	19
38	2000	30
39	2000	23
40	2000	33
41	2000	46
42	2000	66
43	2000	44
44	2000	58
45	2000	50
46	2000	28
47	2000	9
48	2000	36
49	2000	14
50	2000	47
51	2000	46
52	2000	30
53	2000	30
54	2000	19
55	2000	43
56	2000	51
57	2000	10
58	2000	31
59	2000	23
60	2000	11
61	2000	14
62	2000	22
63	2000	37
64	2000	46
65	2000	64
66	2000	46
67	2000	39
68	2000	29
69	2000	33
70	2000	57
71	2000	31
72	2000	53
73	2000	16
74	2000	30
75	2000	32
76	2000	38
77	2000	51
78	2000	35
79	2000	10
80	2000	28
81	2000	24
82	2000	38
83	2000	9
84	2000	12
85	2000	19
86	2000	65
87	2000	28
88	2000	19
89	2000	6
90	2000	6
91	2000	49
92	2000	47
93	2000	31
94	2000	28
95	2000	4
96	2000	4
97	2000	11
98	2000	17
99	2000	10
100	2000	23
101	2000	20
102	2000	22
103	2000	7
104	2000	22
105	2000	18
106	2000	45
107	2000	48
108	2000	30
109	2000	0
110	2000	0
111	2000	3
112	2000	23
113	2000	44
114	2000	26
115	2000	24
116	2000	13
117	2000	10
118	2000	0
119	2000	0
120	2000	1
121	2000	3
122	2000	9
123	2000	24
124	2000	25
125	2000	9
126	2000	9
127	2000	0
128	2000	0
129	2000	0
130	2000	42
131	2000	39
132	2000	14
133	2000	14
134	2000	26
135	2000	38
136	2000	37
137	2000	38
138	2000	36
139	2000	54
140	2000	13
141	2000	2
142	2000	17
143	2000	23
144	2000	32
145	2000	2
146	2000	6
147	2000	28
148	2000	18
149	2000	12
150	2000	23
151	2000	8
152	2000	18
153	2000	13
154	2000	26
155	2000	33
156	2000	11
157	2000	27
158	2000	22
159	2000	4
160	2000	27
161	2000	37
162	2000	28
163	2000	2
164	2000	1
165	2000	4
166	2000	43
167	2000	58
168	2000	34
169	2000	43
170	2000	23
171	2000	31
172	2000	63
173	2000	52
174	2000	38
175	2000	45
176	2000	19
177	2000	30
178	2000	25
179	2000	27
180	2000	46
181	2000	18
182	2000	2
183	2000	26
184	2000	74
185	2000	59
186	2000	46
187	2000	37
188	2000	33
189	2000	72
190	2000	47
191	2000	49
192	2000	55
193	2000	9
194	2000	0
195	2000	0
196	2000	5
197	2000	12
198	2000	10
199	2000	33
200	2000	42
201	2000	0
202	2000	388
203	2000	138
204	2000	77
205	2000	47
206	2000	45
207	2000	65
208	2000	16
209	2000	16
210	2000	26
211	2000	15
212	2000	14
213	2000	9
214	2000	22
215	2000	3
216	2000	24
217	2000	39
218	2000	47
219	2000	56
220	2000	40
221	2000	47
222	2000	24
223	2000	23
224	2000	63
225	2000	54
226	2000	25
227	2000	28
228	2000	9
229	2000	25
230	2000	31
231	2000	16
232	2000	42
233	2000	43
234	2000	20
235	2000	14
236	2000	13
237	2000	7
238	2000	5
239	2000	24
240	2000	33
241	2000	20
242	2000	28
243	2000	33
244	2000	36
245	2000	72
246	2000	54
247	2000	57
248	2000	36
249	2000	12
250	2000	1
251	2000	26
252	2000	29
253	2000	24
254	2000	17
255	2000	14
256	2000	8
257	2000	19
258	2000	10
259	2000	42
260	2000	52
261	2000	48
262	2000	31
263	2000	42
264	2000	49
265	2000	33
266	2000	24
267	2000	11
268	2000	24
269	2000	12
270	2000	3
271	2000	6
272	2000	0
273	2000	10
274	2000	27
275	2000	36
276	2000	58
277	2000	55
278	2000	20
279	2000	19
280	2000	35
281	2000	46
282	2000	31
283	2000	28
284	2000	17
285	2000	0
286	2000	16
287	2000	15
288	2000	25
289	2000	10
290	2000	0
291	2000	7
292	2000	38
293	2000	26
294	2000	24
295	2000	27
296	2000	17
297	2000	43
298	2000	38
299	2000	17
300	2000	60
301	2000	59
302	2000	50
303	2000	30
304	2000	24
305	2000	20
306	2000	6
307	2000	43
308	2000	15
309	2000	2
310	2000	30
311	2000	52
312	2000	48
313	2000	15
314	2000	24
315	2000	41
316	2000	22
317	2000	21
318	2000	0
319	2000	10
320	2000	46
321	2000	30
322	2000	47
323	2000	34
324	2000	15
325	2000	20
326	2000	30
327	2000	54
328	2000	33
329	2000	15
330	2000	17
331	2000	20
332	2000	47
333	2000	23
334	2000	34
335	2000	44
336	2000	35
337	2000	36
338	2000	36
339	2000	28
340	2000	35
341	2000	25
342	2000	20
343	2000	36
344	2000	36
345	2000	25
346	2000	24
347	2000	80
348	2000	42
349	2000	20
350	2000	42
351	2000	14
352	2000	44
353	2000	72
354	2000	35
355	2000	37
356	2000	12
357	2000	12
358	2000	32
359	2000	22
360	2000	1
361	2000	12
362	2000	27
363	2000	39
364	2000	31
365	2000	39
366	2000	38
367	2000	34
368	2000	59
369	2000	28
370	2000	8
371	2000	13
372	2000	38
373	2000	39
374	2000	23
375	2000	3
376	2000	0
377	2000	42
378	2000	55
379	2000	51
380	2000	56
381	2000	34
382	2000	19
383	2000	38
384	2000	13
385	2000	10
386	2000	55
387	2000	41
388	2000	24
389	2000	7
390	2000	0
391	2000	0
392	2000	16
393	2000	29
394	2000	39
395	2000	22
396	2000	15
397	2000	34
398	2000	29
399	2000	59
400	2000	46
401	2000	0
402	2000	399
403	2000	171
404	2000	90
405	2000	47
406	2000	31
407	2000	39
408	2000	40
409	2000	32
410	2000	24
411	2000	17
412	2000	4
413	2000	0
414	2000	27
415	2000	22
416	2000	27
417	2000	25
418	2000	23
419	2000	24
420	2000	15
421	2000	18
422	2000	24
423	2000	22
424	2000	27
425	2000	55
426	2000	29
427	2000	34
428	2000	23
429	2000	14
430	2000	30
431	2000	23
432	2000	33
433	2000	31
434	2000	41
435	2000	32
436	2000	38
437	2000	10
438	2000	21
439	2000	5
440	2000	21
441	2000	17
442	2000	8
443	2000	7
444	2000	50
445	2000	34
446	2000	29
447	2000	18
448	2000	39
449	2000	52
450	2000	25
451	2000	31
452	2000	23
453	2000	0
454	2000	24
455	2000	58
456	2000	30
457	2000	48
458	2000	43
459	2000	17
460	2000	24
461	2000	36
462	2000	51
463	2000	31
464	2000	1
465	2000	2
466	2000	34
467	2000	11
468	2000	5
469	2000	0
470	2000	0
471	2000	27
472	2000	15
473	2000	21
474	2000	52
475	2000	46
476	2000	42
477	2000	38
478	2000	17
479	2000	50
480	2000	28
481	2000	23
482	2000	39
483	2000	26
484	2000	40
485	2000	27
486	2000	54
487	2000	48
488	2000	37
489	2000	23
490	2000	26
491	2000	1
492	2000	19
493	2000	40
494	2000	49
495	2000	25
496	2000	10
497	2000	12
498	2000	28
499	2000	38
500	2000	31
501	2000	31
502	2000	30
503	2000	30
504	2000	31
505	2000	15
506	2000	0
507	2000	6
508	2000	16
509	2000	52
510	2000	26
511	2000	32
512	2000	18
513	2000	1
514	2000	1
515	2000	0
516	2000	0
517	2000	13
518	2000	14
519	2000	20
520	2000	30
521	2000	35
522	2000	14
523	2000	45
524	2000	28
525	2000	43
526	2000	44
527	2000	18
528	2000	7
529	2000	0
530	2000	19
531	2000	15
532	2000	2
533	2000	0
534	2000	26
535	2000	7
536	2000	11
537	2000	15
538	2000	6
539	2000	1
540	2000	15
541	2000	50
542	2000	34
543	2000	32
544	2000	36
545	2000	17
546	2000	46
547	2000	40
548	2000	30
549	2000	39
550	2000	35
551	2000	57
552	2000	26
553	2000	2
554	2000	13
555	2000	32
556	2000	62
557	2000	13
558	2000	22
559	2000	38
560	2000	38
561	2000	23
562	2000	42
563	2000	46
564	2000	35
565	2000	8
566	2000	7
567	2000	45
568	2000	4
569	2000	0
570	2000	4
571	2000	0
572	2000	6
573	2000	32
574	2000	38
575	2000	31
576	2000	19
577	2000	19
578	2000	25
579	2000	34
580	2000	58
581	2000	63
582	2000	22
583	2000	35
584	2000	45
585	2000	55
586	2000	30
587	2000	24
588	2000	30
589	2000	49
590	2000	57
591	2000	56
592	2000	43
593	2000	45
594	2000	30
595	2000	26
596	2000	46
597	2000	68
598	2000	30
599	2000	30
600	2000	31
601	2000	0
602	2000	438
603	2000	163
604	2000	63
605	2000	64
606	2000	55
607	2000	26
608	2000	35
609	2000	63
610	2000	34
611	2000	32
612	2000	45
613	2000	20
614	2000	9
615	2000	12
616	2000	23
617	2000	50
618	2000	33
619	2000	31
620	2000	12
621	2000	22
622	2000	7
623	2000	20
624	2000	25
625	2000	15
626	2000	18
627	2000	45
628	2000	32
629	2000	17
630	2000	18
631	2000	40
632	2000	41
633	2000	25
634	2000	25
635	2000	31
636	2000	1
637	2000	1
638	2000	35
639	2000	22
640	2000	37
641	2000	8
642	2000	13
643	2000	25
644	2000	55
645	2000	20
646	2000	0
647	2000	4
648	2000	15
649	2000	38
650	2000	49
651	2000	23
652	2000	0
653	2000	12
654	2000	23
655	2000	21
656	2000	26
657	2000	5
658	2000	0
659	2000	31
660	2000	28
661	2000	42
662	2000	14
663	2000	21
664	2000	73
665	2000	44
666	2000	36
667	2000	20
668	2000	0
669	2000	16
670	2000	60
671	2000	11
672	2000	14
673	2000	11
674	2000	32
675	2000	36
676	2000	29
677	2000	39
678	2000	26
679	2000	10
680	2000	26
681	2000	34
682	2000	17
683	2000	44
684	2000	27
685	2000	15
686	2000	12
687	2000	16
688	2000	18
689	2000	17
690	2000	30
691	2000	36
692	2000	55
693	2000	40
694	2000	23
695	2000	45
696	2000	52
697	2000	50
698	2000	60
699	2000	13
700	2000	18
701	2000	57
702	2000	63
703	2000	42
704	2000	38
705	2000	71
706	2000	39
707	2000	35
708	2000	45
709	2000	24
710	2000	49
711	2000	43
712	2000	29
713	2000	39
714	2000	34
715	2000	35
716	2000	20
717	2000	11
718	2000	22
719	2000	27
720	2000	37
721	2000	13
722	2000	11
723	2000	12
724	2000	53
725	2000	49
726	2000	28
727	2000	29
728	2000	19
729	2000	29
730	2000	17
731	2000	32
732	2000	11
733	2000	0
734	2000	23
735	2000	57
736	2000	22
737	2000	26
738	2000	39
739	2000	68
740	2000	58
741	2000	88
742	2000	49
743	2000	49
744	2000	48
745	2000	15
746	2000	34
747	2000	19
748	2000	39
749	2000	23
750	2000	0
751	2000	13
752	2000	24
753	2000	10
754	2000	20
755	2000	10
756	2000	16
757	2000	0
758	2000	29
759	2000	31
760	2000	46
761	2000	20
762	2000	26
763	2000	46
764	2000	65
765	2000	63
766	2000	41
767	2000	24
768	2000	18
769	2000	14
770	2000	28
771	2000	26
772	2000	52
773	2000	66
774	2000	38
775	2000	45
776	2000	69
777	2000	30
778	2000	5
779	2000	14
780	2000	32
781	2000	34
782	2000	26
783	2000	37
784	2000	20
785	2000	27
786	2000	44
787	2000	43
788	2000	31
789	2000	55
790	2000	46
791	2000	49
792	2000	38
793	2000	17
794	2000	1
795	2000	32
796	2000	2
797	2000	5
798	2000	63
799	2000	38
800	2000	27
801	2000	0
802	2000	389
803	2000	149
804	2000	59
805	2000	36
806	2000	6
807	2000	21
808	2000	32
809	2000	14
810	2000	22
811	2000	48
812	2000	30
813	2000	11
814	2000	8
815	2000	1
816	2000	42
817	2000	53
818	2000	4
819	2000	7
820	2000	30
821	2000	31
822	2000	15
823	2000	24
824	2000	6
825	2000	12
826	2000	14
827	2000	41
828	2000	31
829	2000	30
830	2000	32
831	2000	5
832	2000	16
833	2000	2
834	2000	7
835	2000	37
836	2000	49
837	2000	36
838	2000	7
839	2000	24
840	2000	41
841	2000	32
842	2000	18
843	2000	5
844	2000	3
845	2000	9
846	2000	28
847	2000	53
848	2000	44
849	2000	37
850	2000	27
851	2000	19
852	2000	2
853	2000	2
854	2000	23
855	2000	33
856	2000	37
857	2000	35
858	2000	27
859	2000	17
860	2000	1
861	2000	13
862	2000	23
863	2000	34
864	2000	28
865	2000	7
866	2000	20
867	2000	41
868	2000	35
869	2000	23
870	2000	9
871	2000	0
872	2000	13
873	2000	0
874	2000	0
875	2000	0
876	2000	27
877	2000	19
878	2000	21
879	2000	9
880	2000	3
881	2000	36
882	2000	59
883	2000	40
884	2000	26
885	2000	54
886	2000	75
887	2000	62
888	2000	52
889	2000	7
890	2000	20
891	2000	51
892	2000	81
893	2000	51
894	2000	32
895	2000	13
896	2000	8
897	2000	15
898	2000	33
899	2000	4
900	2000	6
901	2000	49
902	2000	60
903	2000	39
904	2000	21
905	2000	1
906	2000	13
907	2000	33
908	2000	50
909	2000	27
910	2000	14
911	2000	35
912	2000	40
913	2000	18
914	2000	14
915	2000	47
916	2000	22
917	2000	10
918	2000	38
919	2000	50
920	2000	44
921	2000	42
922	2000	42
923	2000	41
924	2000	96
925	2000	58
926	2000	22
927	2000	2
928	2000	47
929	2000	48
930	2000	48
931	2000	38
932	2000	27
933	2000	0
934	2000	26
935	2000	17
936	2000	29
937	2000	18
938	2000	0
939	2000	0
940	2000	28
941	2000	49
942	2000	0
943	2000	26
944	2000	40
945	2000	37
946	2000	55
947	2000	24
948	2000	13
949	2000	34
950	2000	20
951	2000	26
952	2000	26
953	2000	57
954	2000	55
955	2000	30
956	2000	49
957	2000	75
958	2000	49
959	2000	36
960	2000	12
961	2000	36
962	2000	23
963	2000	23
964	2000	46
965	2000	63
966	2000	48
967	2000	44
968	2000	44
969	2000	55
970	2000	55
971	2000	21
972	2000	50
973	2000	67
974	2000	39
975	2000	32
976	2000	32
977	2000	22
978	2000	33
979	2000	51
980	2000	40
981	2000	9
982	2000	6
983	2000	21
984	2000	25
985	2000	15
986	2000	5
987	2000	18
988	2000	59
989	2000	75
990	2000	63
991	2000	18
992	2000	15
993	2000	0
994	2000	48
995	2000	41
996	2000	46
997	2000	32
998	2000	26
999	2000	28
