0	2000	0
1	2000	0
2	2000	0
3	2000	9
4	2000	4
5	2000	5
6	2000	11
7	2000	7
8	2000	0
9	2000	0
10	2000	0
11	2000	12
12	2000	5
13	2000	0
14	2000	23
15	2000	31
16	2000	13
17	2000	7
18	2000	11
19	2000	4
20	2000	0
21	2000	0
22	2000	0
23	2000	0
24	2000	20
25	2000	1
26	2000	24
27	2000	0
28	2000	0
29	2000	0
30	2000	0
31	2000	0
32	2000	0
33	2000	2
34	2000	13
35	2000	0
36	2000	0
37	2000	0
38	2000	18
39	2000	0
40	2000	0
41	2000	0
42	2000	1
43	2000	0
44	2000	0
45	2000	0
46	2000	3
47	2000	3
48	2000	0
49	2000	0
50	2000	0
51	2000	0
52	2000	701
53	2000	207
54	2000	21
55	2000	0
56	2000	6
57	2000	8
58	2000	44
59	2000	28
60	2000	14
61	2000	31
62	2000	0
63	2000	31
64	2000	2
65	2000	0
66	2000	0
67	2000	2
68	2000	8
69	2000	4
70	2000	0
71	2000	0
72	2000	0
73	2000	0
74	2000	0
75	2000	0
76	2000	0
77	2000	2
78	2000	0
79	2000	4
80	2000	21
81	2000	0
82	2000	0
83	2000	4
84	2000	0
85	2000	18
86	2000	18
87	2000	11
88	2000	1
89	2000	0
90	2000	0
91	2000	0
92	2000	47
93	2000	39
94	2000	0
95	2000	5
96	2000	20
97	2000	0
98	2000	0
99	2000	0
100	2000	0
101	2000	0
102	2000	666
103	2000	165
104	2000	62
105	2000	23
106	2000	16
107	2000	42
108	2000	43
109	2000	1
110	2000	17
111	2000	19
112	2000	5
113	2000	0
114	2000	6
115	2000	20
116	2000	0
117	2000	0
118	2000	0
119	2000	0
120	2000	6
121	2000	29
122	2000	32
123	2000	3
124	2000	0
125	2000	3
126	2000	4
127	2000	0
128	2000	6
129	2000	0
130	2000	0
131	2000	0
132	2000	0
133	2000	0
134	2000	0
135	2000	0
136	2000	0
137	2000	24
138	2000	1
139	2000	0
140	2000	0
141	2000	28
142	2000	33
143	2000	22
144	2000	53
145	2000	7
146	2000	15
147	2000	11
148	2000	2
149	2000	0
150	2000	7
151	2000	0
152	2000	645
153	2000	104
154	2000	48
155	2000	57
156	2000	12
157	2000	0
158	2000	33
159	2000	4
160	2000	25
161	2000	0
162	2000	0
163	2000	0
164	2000	0
165	2000	0
166	2000	5
167	2000	79
168	2000	8
169	2000	0
170	2000	2
171	2000	23
172	2000	4
173	2000	0
174	2000	2
175	2000	1
176	2000	8
177	2000	0
178	2000	0
179	2000	11
180	2000	0
181	2000	1
182	2000	0
183	2000	0
184	2000	0
185	2000	0
186	2000	0
187	2000	7
188	2000	0
189	2000	0
190	2000	2
191	2000	1
192	2000	0
193	2000	4
194	2000	0
195	2000	1
196	2000	44
197	2000	45
198	2000	7
199	2000	0
200	2000	0
201	2000	0
202	2000	587
203	2000	163
204	2000	82
205	2000	1
206	2000	0
207	2000	0
208	2000	0
209	2000	0
210	2000	9
211	2000	12
212	2000	13
213	2000	59
214	2000	23
215	2000	0
216	2000	39
217	2000	41
218	2000	0
219	2000	13
220	2000	1
221	2000	28
222	2000	0
223	2000	0
224	2000	32
225	2000	17
226	2000	0
227	2000	16
228	2000	5
229	2000	0
230	2000	7
231	2000	0
232	2000	6
233	2000	5
234	2000	0
235	2000	12
236	2000	8
237	2000	0
238	2000	0
239	2000	18
240	2000	9
241	2000	0
242	2000	14
243	2000	13
244	2000	0
245	2000	0
246	2000	0
247	2000	0
248	2000	5
249	2000	6
250	2000	5
251	2000	0
252	2000	665
253	2000	199
254	2000	70
255	2000	42
256	2000	25
257	2000	24
258	2000	3
259	2000	0
260	2000	2
261	2000	0
262	2000	0
263	2000	4
264	2000	18
265	2000	0
266	2000	0
267	2000	0
268	2000	0
269	2000	0
270	2000	0
271	2000	2
272	2000	31
273	2000	15
274	2000	48
275	2000	0
276	2000	0
277	2000	0
278	2000	0
279	2000	0
280	2000	19
281	2000	5
282	2000	0
283	2000	0
284	2000	0
285	2000	0
286	2000	0
287	2000	17
288	2000	22
289	2000	5
290	2000	0
291	2000	0
292	2000	0
293	2000	0
294	2000	15
295	2000	15
296	2000	0
297	2000	0
298	2000	16
299	2000	20
300	2000	109
301	2000	0
302	2000	624
303	2000	130
304	2000	0
305	2000	0
306	2000	0
307	2000	11
308	2000	2
309	2000	0
310	2000	0
311	2000	5
312	2000	29
313	2000	2
314	2000	24
315	2000	0
316	2000	0
317	2000	2
318	2000	27
319	2000	18
320	2000	0
321	2000	17
322	2000	25
323	2000	3
324	2000	0
325	2000	10
326	2000	4
327	2000	0
328	2000	14
329	2000	21
330	2000	9
331	2000	7
332	2000	9
333	2000	0
334	2000	2
335	2000	1
336	2000	0
337	2000	6
338	2000	27
339	2000	10
340	2000	0
341	2000	6
342	2000	0
343	2000	0
344	2000	0
345	2000	0
346	2000	3
347	2000	0
348	2000	50
349	2000	31
350	2000	85
351	2000	0
352	2000	636
353	2000	205
354	2000	51
355	2000	0
356	2000	0
357	2000	18
358	2000	3
359	2000	0
360	2000	0
361	2000	0
362	2000	1
363	2000	15
364	2000	13
365	2000	1
366	2000	6
367	2000	0
368	2000	2
369	2000	0
370	2000	1
371	2000	9
372	2000	6
373	2000	38
374	2000	64
375	2000	12
376	2000	0
377	2000	0
378	2000	0
379	2000	0
380	2000	0
381	2000	0
382	2000	0
383	2000	0
384	2000	0
385	2000	0
386	2000	2
387	2000	0
388	2000	0
389	2000	24
390	2000	17
391	2000	0
392	2000	0
393	2000	0
394	2000	4
395	2000	8
396	2000	2
397	2000	0
398	2000	15
399	2000	4
400	2000	34
401	2000	0
402	2000	697
403	2000	153
404	2000	36
405	2000	0
406	2000	0
407	2000	0
408	2000	0
409	2000	0
410	2000	17
411	2000	25
412	2000	1
413	2000	0
414	2000	10
415	2000	23
416	2000	0
417	2000	0
418	2000	0
419	2000	0
420	2000	7
421	2000	0
422	2000	0
423	2000	44
424	2000	17
425	2000	0
426	2000	4
427	2000	0
428	2000	0
429	2000	0
430	2000	26
431	2000	2
432	2000	0
433	2000	15
434	2000	3
435	2000	0
436	2000	16
437	2000	32
438	2000	1
439	2000	1
440	2000	0
441	2000	0
442	2000	0
443	2000	0
444	2000	0
445	2000	0
446	2000	0
447	2000	0
448	2000	14
449	2000	0
450	2000	25
451	2000	0
452	2000	679
453	2000	143
454	2000	1
455	2000	13
456	2000	1
457	2000	0
458	2000	0
459	2000	5
460	2000	7
461	2000	18
462	2000	0
463	2000	33
464	2000	0
465	2000	3
466	2000	26
467	2000	1
468	2000	20
469	2000	0
470	2000	0
471	2000	8
472	2000	0
473	2000	1
474	2000	0
475	2000	0
476	2000	16
477	2000	0
478	2000	0
479	2000	4
480	2000	0
481	2000	4
482	2000	23
483	2000	57
484	2000	33
485	2000	0
486	2000	0
487	2000	62
488	2000	23
489	2000	0
490	2000	0
491	2000	0
492	2000	0
493	2000	30
494	2000	0
495	2000	0
496	2000	4
497	2000	0
498	2000	26
499	2000	1
500	2000	45
501	2000	0
502	2000	644
503	2000	219
504	2000	92
505	2000	47
506	2000	58
507	2000	0
508	2000	0
509	2000	0
510	2000	0
511	2000	4
512	2000	0
513	2000	2
514	2000	26
515	2000	39
516	2000	38
517	2000	10
518	2000	0
519	2000	2
520	2000	0
521	2000	0
522	2000	0
523	2000	42
524	2000	14
525	2000	4
526	2000	0
527	2000	0
528	2000	3
529	2000	6
530	2000	0
531	2000	53
532	2000	31
533	2000	1
534	2000	0
535	2000	0
536	2000	7
537	2000	9
538	2000	8
539	2000	5
540	2000	2
541	2000	18
542	2000	0
543	2000	2
544	2000	0
545	2000	0
546	2000	0
547	2000	0
548	2000	0
549	2000	0
550	2000	0
551	2000	0
552	2000	605
553	2000	194
554	2000	65
555	2000	0
556	2000	0
557	2000	23
558	2000	42
559	2000	44
560	2000	2
561	2000	0
562	2000	0
563	2000	20
564	2000	31
565	2000	22
566	2000	0
567	2000	0
568	2000	0
569	2000	2
570	2000	9
571	2000	0
572	2000	0
573	2000	39
574	2000	7
575	2000	5
576	2000	0
577	2000	21
578	2000	38
579	2000	1
580	2000	0
581	2000	29
582	2000	1
583	2000	1
584	2000	0
585	2000	0
586	2000	49
587	2000	60
588	2000	6
589	2000	0
590	2000	52
591	2000	54
592	2000	0
593	2000	28
594	2000	5
595	2000	0
596	2000	12
597	2000	25
598	2000	7
599	2000	6
600	2000	0
601	2000	0
602	2000	633
603	2000	113
604	2000	9
605	2000	0
606	2000	0
607	2000	0
608	2000	40
609	2000	26
610	2000	0
611	2000	0
612	2000	0
613	2000	67
614	2000	26
615	2000	24
616	2000	19
617	2000	5
618	2000	14
619	2000	0
620	2000	14
621	2000	0
622	2000	0
623	2000	5
624	2000	2
625	2000	0
626	2000	0
627	2000	0
628	2000	21
629	2000	12
630	2000	1
631	2000	0
632	2000	1
633	2000	0
634	2000	0
635	2000	0
636	2000	0
637	2000	0
638	2000	42
639	2000	45
640	2000	3
641	2000	0
642	2000	0
643	2000	0
644	2000	0
645	2000	0
646	2000	8
647	2000	17
648	2000	1
649	2000	17
650	2000	36
651	2000	0
652	2000	592
653	2000	133
654	2000	5
655	2000	40
656	2000	0
657	2000	1
658	2000	0
659	2000	16
660	2000	0
661	2000	0
662	2000	0
663	2000	0
664	2000	12
665	2000	8
666	2000	7
667	2000	0
668	2000	32
669	2000	4
670	2000	11
671	2000	0
672	2000	1
673	2000	0
674	2000	22
675	2000	3
676	2000	0
677	2000	0
678	2000	0
679	2000	0
680	2000	0
681	2000	72
682	2000	8
683	2000	0
684	2000	17
685	2000	2
686	2000	1
687	2000	10
688	2000	0
689	2000	0
690	2000	6
691	2000	33
692	2000	2
693	2000	1
694	2000	0
695	2000	2
696	2000	13
697	2000	0
698	2000	0
699	2000	0
700	2000	0
701	2000	0
702	2000	509
703	2000	157
704	2000	61
705	2000	3
706	2000	0
707	2000	0
708	2000	2
709	2000	0
710	2000	0
711	2000	16
712	2000	0
713	2000	0
714	2000	0
715	2000	1
716	2000	0
717	2000	0
718	2000	0
719	2000	0
720	2000	8
721	2000	32
722	2000	8
723	2000	10
724	2000	17
725	2000	18
726	2000	9
727	2000	46
728	2000	9
729	2000	19
730	2000	77
731	2000	1
732	2000	8
733	2000	6
734	2000	20
735	2000	14
736	2000	18
737	2000	19
738	2000	8
739	2000	24
740	2000	0
741	2000	0
742	2000	0
743	2000	1
744	2000	0
745	2000	0
746	2000	37
747	2000	29
748	2000	1
749	2000	12
750	2000	0
751	2000	0
752	2000	616
753	2000	186
754	2000	26
755	2000	26
756	2000	20
757	2000	0
758	2000	0
759	2000	0
760	2000	27
761	2000	38
762	2000	0
763	2000	0
764	2000	0
765	2000	0
766	2000	20
767	2000	3
768	2000	0
769	2000	0
770	2000	0
771	2000	17
772	2000	59
773	2000	45
774	2000	7
775	2000	25
776	2000	20
777	2000	3
778	2000	2
779	2000	1
780	2000	14
781	2000	37
782	2000	1
783	2000	0
784	2000	0
785	2000	4
786	2000	0
787	2000	0
788	2000	16
789	2000	0
790	2000	0
791	2000	0
792	2000	0
793	2000	6
794	2000	2
795	2000	0
796	2000	0
797	2000	12
798	2000	15
799	2000	28
800	2000	0
801	2000	0
802	2000	559
803	2000	60
804	2000	0
805	2000	0
806	2000	0
807	2000	0
808	2000	0
809	2000	0
810	2000	0
811	2000	0
812	2000	0
813	2000	0
814	2000	15
815	2000	56
816	2000	8
817	2000	23
818	2000	0
819	2000	0
820	2000	49
821	2000	50
822	2000	3
823	2000	0
824	2000	0
825	2000	0
826	2000	0
827	2000	0
828	2000	10
829	2000	22
830	2000	1
831	2000	0
832	2000	9
833	2000	27
834	2000	18
835	2000	0
836	2000	0
837	2000	0
838	2000	3
839	2000	58
840	2000	25
841	2000	2
842	2000	0
843	2000	0
844	2000	0
845	2000	0
846	2000	4
847	2000	6
848	2000	0
849	2000	0
850	2000	0
851	2000	0
852	2000	528
853	2000	113
854	2000	8
855	2000	44
856	2000	67
857	2000	1
858	2000	4
859	2000	19
860	2000	7
861	2000	0
862	2000	0
863	2000	0
864	2000	0
865	2000	0
866	2000	8
867	2000	0
868	2000	7
869	2000	0
870	2000	0
871	2000	0
872	2000	0
873	2000	0
874	2000	9
875	2000	67
876	2000	64
877	2000	6
878	2000	0
879	2000	9
880	2000	0
881	2000	0
882	2000	1
883	2000	0
884	2000	0
885	2000	5
886	2000	16
887	2000	4
888	2000	0
889	2000	5
890	2000	4
891	2000	0
892	2000	10
893	2000	28
894	2000	0
895	2000	19
896	2000	0
897	2000	0
898	2000	63
899	2000	4
900	2000	0
901	2000	0
902	2000	551
903	2000	117
904	2000	43
905	2000	3
906	2000	1
907	2000	0
908	2000	0
909	2000	0
910	2000	0
911	2000	3
912	2000	34
913	2000	0
914	2000	0
915	2000	17
916	2000	1
917	2000	0
918	2000	0
919	2000	12
920	2000	2
921	2000	11
922	2000	29
923	2000	3
924	2000	0
925	2000	0
926	2000	0
927	2000	28
928	2000	45
929	2000	44
930	2000	3
931	2000	28
932	2000	60
933	2000	1
934	2000	0
935	2000	0
936	2000	0
937	2000	0
938	2000	24
939	2000	8
940	2000	0
941	2000	0
942	2000	0
943	2000	0
944	2000	0
945	2000	0
946	2000	68
947	2000	53
948	2000	5
949	2000	0
950	2000	64
951	2000	0
952	2000	539
953	2000	161
954	2000	57
955	2000	2
956	2000	0
957	2000	0
958	2000	0
959	2000	0
960	2000	0
961	2000	0
962	2000	0
963	2000	0
964	2000	0
965	2000	0
966	2000	0
967	2000	0
968	2000	0
969	2000	0
970	2000	0
971	2000	0
972	2000	0
973	2000	0
974	2000	13
975	2000	22
976	2000	7
977	2000	0
978	2000	12
979	2000	7
980	2000	1
981	2000	0
982	2000	20
983	2000	14
984	2000	0
985	2000	0
986	2000	17
987	2000	0
988	2000	0
989	2000	0
990	2000	0
991	2000	0
992	2000	0
993	2000	0
994	2000	0
995	2000	0
996	2000	0
997	2000	26
998	2000	15
999	2000	0
