0	500	0
1	500	11
2	500	15
3	500	9
4	500	25
5	500	36
6	500	35
7	500	16
8	500	27
9	500	36
10	500	9
11	500	6
12	500	1
13	500	28
14	500	15
15	500	2
16	500	1
17	500	33
18	500	27
19	500	28
20	500	23
21	500	41
22	500	36
23	500	29
24	500	23
25	500	6
26	500	14
27	500	20
28	500	30
29	500	45
30	500	34
31	500	29
32	500	15
33	500	16
34	500	20
35	500	16
36	500	5
37	500	2
38	500	0
39	500	0
40	500	4
41	500	0
42	500	10
43	500	31
44	500	35
45	500	28
46	500	11
47	500	30
48	500	20
49	500	14
50	500	14
51	500	23
52	500	7
53	500	22
54	500	40
55	500	29
56	500	5
57	500	5
58	500	17
59	500	17
60	500	20
61	500	34
62	500	50
63	500	31
64	500	33
65	500	23
66	500	26
67	500	24
68	500	24
69	500	28
70	500	26
71	500	15
72	500	27
73	500	31
74	500	34
75	500	16
76	500	27
77	500	39
78	500	18
79	500	2
80	500	7
81	500	18
82	500	19
83	500	14
84	500	20
85	500	22
86	500	14
87	500	0
88	500	9
89	500	1
90	500	7
91	500	29
92	500	39
93	500	37
94	500	12
95	500	4
96	500	10
97	500	12
98	500	0
99	500	10
100	500	37
101	500	29
102	500	12
103	500	30
104	500	6
105	500	15
106	500	21
107	500	35
108	500	35
109	500	23
110	500	21
111	500	42
112	500	14
113	500	2
114	500	16
115	500	33
116	500	12
117	500	21
118	500	4
119	500	26
120	500	34
121	500	34
122	500	40
123	500	31
124	500	38
125	500	44
126	500	39
127	500	24
128	500	7
129	500	21
130	500	29
131	500	24
132	500	19
133	500	7
134	500	15
135	500	7
136	500	17
137	500	13
138	500	11
139	500	0
140	500	2
141	500	11
142	500	17
143	500	20
144	500	12
145	500	5
146	500	14
147	500	2
148	500	10
149	500	13
150	500	0
151	500	0
152	500	32
153	500	24
154	500	18
155	500	17
156	500	20
157	500	29
158	500	11
159	500	21
160	500	20
161	500	19
162	500	19
163	500	27
164	500	25
165	500	12
166	500	22
167	500	26
168	500	32
169	500	35
170	500	32
171	500	25
172	500	22
173	500	33
174	500	25
175	500	14
176	500	33
177	500	33
178	500	27
179	500	24
180	500	15
181	500	15
182	500	36
183	500	14
184	500	7
185	500	20
186	500	17
187	500	14
188	500	6
189	500	0
190	500	0
191	500	7
192	500	5
193	500	42
194	500	42
195	500	23
196	500	12
197	500	23
198	500	22
199	500	16
200	500	3
201	500	0
202	500	106
203	500	14
204	500	0
205	500	0
206	500	7
207	500	13
208	500	7
209	500	21
210	500	35
211	500	34
212	500	18
213	500	13
214	500	0
215	500	14
216	500	23
217	500	19
218	500	16
219	500	9
220	500	16
221	500	3
222	500	0
223	500	18
224	500	7
225	500	16
226	500	23
227	500	34
228	500	13
229	500	0
230	500	21
231	500	23
232	500	20
233	500	7
234	500	11
235	500	13
236	500	7
237	500	24
238	500	31
239	500	32
240	500	21
241	500	0
242	500	0
243	500	0
244	500	2
245	500	1
246	500	8
247	500	44
248	500	19
249	500	17
250	500	37
251	500	41
252	500	31
253	500	35
254	500	31
255	500	21
256	500	28
257	500	30
258	500	17
259	500	21
260	500	21
261	500	26
262	500	18
263	500	10
264	500	24
265	500	0
266	500	5
267	500	7
268	500	6
269	500	18
270	500	34
271	500	11
272	500	13
273	500	6
274	500	3
275	500	17
276	500	2
277	500	3
278	500	18
279	500	2
280	500	0
281	500	10
282	500	17
283	500	2
284	500	16
285	500	29
286	500	45
287	500	33
288	500	24
289	500	28
290	500	17
291	500	13
292	500	2
293	500	20
294	500	15
295	500	1
296	500	22
297	500	16
298	500	8
299	500	7
300	500	13
301	500	9
302	500	1
303	500	2
304	500	0
305	500	0
306	500	10
307	500	11
308	500	11
309	500	35
310	500	27
311	500	29
312	500	14
313	500	41
314	500	32
315	500	34
316	500	18
317	500	44
318	500	40
319	500	23
320	500	52
321	500	58
322	500	21
323	500	26
324	500	14
325	500	26
326	500	47
327	500	35
328	500	44
329	500	16
330	500	17
331	500	8
332	500	1
333	500	16
334	500	26
335	500	35
336	500	23
337	500	16
338	500	22
339	500	40
340	500	1
341	500	4
342	500	9
343	500	8
344	500	23
345	500	39
346	500	25
347	500	32
348	500	16
349	500	24
350	500	41
351	500	45
352	500	39
353	500	28
354	500	24
355	500	5
356	500	17
357	500	23
358	500	18
359	500	11
360	500	17
361	500	40
362	500	31
363	500	37
364	500	12
365	500	0
366	500	1
367	500	7
368	500	13
369	500	27
370	500	33
371	500	36
372	500	21
373	500	7
374	500	18
375	500	22
376	500	15
377	500	20
378	500	17
379	500	14
380	500	19
381	500	23
382	500	28
383	500	29
384	500	17
385	500	3
386	500	10
387	500	31
388	500	32
389	500	21
390	500	21
391	500	4
392	500	14
393	500	15
394	500	27
395	500	13
396	500	20
397	500	17
398	500	22
399	500	0
400	500	0
401	500	0
402	500	149
403	500	20
404	500	3
405	500	8
406	500	10
407	500	21
408	500	0
409	500	0
410	500	5
411	500	20
412	500	21
413	500	2
414	500	18
415	500	12
416	500	0
417	500	19
418	500	0
419	500	3
420	500	11
421	500	18
422	500	30
423	500	23
424	500	5
425	500	3
426	500	20
427	500	19
428	500	0
429	500	0
430	500	0
431	500	13
432	500	20
433	500	10
434	500	9
435	500	0
436	500	0
437	500	3
438	500	8
439	500	5
440	500	12
441	500	29
442	500	28
443	500	3
444	500	4
445	500	10
446	500	13
447	500	26
448	500	2
449	500	3
450	500	2
451	500	17
452	500	15
453	500	30
454	500	32
455	500	21
456	500	27
457	500	14
458	500	11
459	500	0
460	500	18
461	500	0
462	500	28
463	500	20
464	500	11
465	500	6
466	500	0
467	500	9
468	500	19
469	500	13
470	500	34
471	500	24
472	500	3
473	500	2
474	500	13
475	500	15
476	500	3
477	500	0
478	500	24
479	500	23
480	500	27
481	500	4
482	500	20
483	500	36
484	500	23
485	500	2
486	500	13
487	500	11
488	500	12
489	500	30
490	500	11
491	500	34
492	500	6
493	500	8
494	500	20
495	500	28
496	500	23
497	500	23
498	500	23
499	500	4
500	500	1
501	500	1
502	500	26
503	500	11
504	500	2
505	500	13
506	500	21
507	500	34
508	500	11
509	500	16
510	500	9
511	500	26
512	500	23
513	500	12
514	500	9
515	500	40
516	500	51
517	500	16
518	500	6
519	500	3
520	500	2
521	500	2
522	500	31
523	500	23
524	500	15
525	500	5
526	500	0
527	500	16
528	500	11
529	500	23
530	500	18
531	500	23
532	500	9
533	500	2
534	500	25
535	500	2
536	500	1
537	500	5
538	500	7
539	500	27
540	500	25
541	500	20
542	500	10
543	500	0
544	500	1
545	500	0
546	500	0
547	500	14
548	500	2
549	500	8
550	500	10
551	500	2
552	500	0
553	500	7
554	500	6
555	500	8
556	500	20
557	500	21
558	500	15
559	500	20
560	500	4
561	500	3
562	500	25
563	500	21
564	500	9
565	500	12
566	500	13
567	500	17
568	500	15
569	500	21
570	500	31
571	500	27
572	500	62
573	500	22
574	500	7
575	500	25
576	500	22
577	500	23
578	500	21
579	500	50
580	500	32
581	500	27
582	500	1
583	500	5
584	500	36
585	500	38
586	500	23
587	500	0
588	500	3
589	500	24
590	500	38
591	500	25
592	500	25
593	500	34
594	500	29
595	500	12
596	500	14
597	500	13
598	500	1
599	500	6
600	500	0
601	500	0
602	500	95
603	500	20
604	500	0
605	500	7
606	500	30
607	500	18
608	500	13
609	500	4
610	500	14
611	500	26
612	500	7
613	500	6
614	500	21
615	500	6
616	500	0
617	500	3
618	500	3
619	500	0
620	500	8
621	500	39
622	500	21
623	500	6
624	500	0
625	500	9
626	500	35
627	500	33
628	500	30
629	500	15
630	500	5
631	500	26
632	500	14
633	500	12
634	500	20
635	500	28
636	500	21
637	500	18
638	500	16
639	500	19
640	500	9
641	500	11
642	500	18
643	500	10
644	500	0
645	500	0
646	500	7
647	500	9
648	500	0
649	500	0
650	500	24
651	500	28
652	500	22
653	500	28
654	500	7
655	500	14
656	500	33
657	500	1
658	500	2
659	500	2
660	500	12
661	500	15
662	500	6
663	500	16
664	500	18
665	500	35
666	500	39
667	500	34
668	500	20
669	500	11
670	500	11
671	500	27
672	500	9
673	500	12
674	500	10
675	500	10
676	500	13
677	500	10
678	500	25
679	500	28
680	500	18
681	500	12
682	500	0
683	500	0
684	500	11
685	500	10
686	500	0
687	500	0
688	500	12
689	500	24
690	500	9
691	500	14
692	500	8
693	500	4
694	500	0
695	500	27
696	500	28
697	500	31
698	500	1
699	500	11
700	500	15
701	500	24
702	500	20
703	500	0
704	500	1
705	500	9
706	500	6
707	500	0
708	500	0
709	500	0
710	500	16
711	500	22
712	500	5
713	500	0
714	500	0
715	500	12
716	500	21
717	500	2
718	500	0
719	500	0
720	500	1
721	500	10
722	500	0
723	500	0
724	500	7
725	500	22
726	500	27
727	500	23
728	500	15
729	500	17
730	500	24
731	500	17
732	500	11
733	500	0
734	500	0
735	500	0
736	500	0
737	500	0
738	500	5
739	500	15
740	500	0
741	500	11
742	500	17
743	500	11
744	500	11
745	500	17
746	500	16
747	500	1
748	500	19
749	500	14
750	500	9
751	500	0
752	500	6
753	500	21
754	500	20
755	500	20
756	500	16
757	500	4
758	500	6
759	500	5
760	500	19
761	500	34
762	500	28
763	500	4
764	500	3
765	500	10
766	500	1
767	500	3
768	500	23
769	500	19
770	500	23
771	500	27
772	500	23
773	500	15
774	500	5
775	500	8
776	500	9
777	500	9
778	500	0
779	500	3
780	500	16
781	500	0
782	500	6
783	500	15
784	500	5
785	500	21
786	500	36
787	500	14
788	500	16
789	500	18
790	500	26
791	500	17
792	500	29
793	500	17
794	500	17
795	500	1
796	500	0
797	500	9
798	500	11
799	500	12
800	500	19
801	500	0
802	500	201
803	500	77
804	500	64
805	500	33
806	500	17
807	500	27
808	500	35
809	500	52
810	500	39
811	500	7
812	500	3
813	500	3
814	500	19
815	500	34
816	500	8
817	500	9
818	500	18
819	500	28
820	500	36
821	500	9
822	500	15
823	500	13
824	500	5
825	500	0
826	500	0
827	500	0
828	500	0
829	500	0
830	500	29
831	500	26
832	500	19
833	500	21
834	500	24
835	500	32
836	500	15
837	500	22
838	500	44
839	500	22
840	500	2
841	500	18
842	500	15
843	500	12
844	500	23
845	500	30
846	500	38
847	500	17
848	500	21
849	500	8
850	500	22
851	500	12
852	500	15
853	500	13
854	500	0
855	500	8
856	500	7
857	500	8
858	500	0
859	500	0
860	500	0
861	500	0
862	500	13
863	500	16
864	500	28
865	500	17
866	500	9
867	500	2
868	500	8
869	500	14
870	500	5
871	500	2
872	500	2
873	500	0
874	500	18
875	500	0
876	500	0
877	500	19
878	500	18
879	500	15
880	500	1
881	500	1
882	500	0
883	500	0
884	500	0
885	500	18
886	500	13
887	500	21
888	500	9
889	500	1
890	500	0
891	500	0
892	500	0
893	500	1
894	500	18
895	500	25
896	500	0
897	500	15
898	500	20
899	500	0
900	500	0
901	500	0
902	500	8
903	500	12
904	500	1
905	500	11
906	500	5
907	500	12
908	500	35
909	500	12
910	500	18
911	500	8
912	500	0
913	500	0
914	500	6
915	500	10
916	500	0
917	500	3
918	500	12
919	500	1
920	500	29
921	500	1
922	500	0
923	500	0
924	500	19
925	500	28
926	500	5
927	500	10
928	500	15
929	500	5
930	500	0
931	500	9
932	500	11
933	500	15
934	500	4
935	500	17
936	500	9
937	500	3
938	500	5
939	500	25
940	500	8
941	500	3
942	500	0
943	500	0
944	500	0
945	500	0
946	500	0
947	500	7
948	500	9
949	500	0
950	500	0
951	500	1
952	500	3
953	500	21
954	500	23
955	500	11
956	500	8
957	500	36
958	500	37
959	500	26
960	500	21
961	500	17
962	500	11
963	500	13
964	500	1
965	500	6
966	500	11
967	500	8
968	500	2
969	500	7
970	500	11
971	500	18
972	500	17
973	500	20
974	500	15
975	500	4
976	500	9
977	500	5
978	500	0
979	500	0
980	500	0
981	500	12
982	500	34
983	500	13
984	500	30
985	500	30
986	500	23
987	500	15
988	500	0
989	500	0
990	500	0
991	500	19
992	500	12
993	500	0
994	500	0
995	500	3
996	500	22
997	500	12
998	500	7
999	500	11
