0	2000	0
1	2000	4
2	2000	1
3	2000	0
4	2000	0
5	2000	1
6	2000	0
7	2000	0
8	2000	0
9	2000	2
10	2000	1
11	2000	1
12	2000	0
13	2000	0
14	2000	2
15	2000	1
16	2000	4
17	2000	6
18	2000	1
19	2000	0
20	2000	0
21	2000	5
22	2000	0
23	2000	2
24	2000	0
25	2000	1
26	2000	0
27	2000	1
28	2000	0
29	2000	0
30	2000	0
31	2000	0
32	2000	1
33	2000	0
34	2000	0
35	2000	0
36	2000	0
37	2000	0
38	2000	0
39	2000	0
40	2000	0
41	2000	0
42	2000	0
43	2000	4
44	2000	2
45	2000	0
46	2000	0
47	2000	1
48	2000	0
49	2000	2
50	2000	2
51	2000	3
52	2000	2
53	2000	0
54	2000	0
55	2000	0
56	2000	0
57	2000	4
58	2000	0
59	2000	4
60	2000	2
61	2000	0
62	2000	1
63	2000	0
64	2000	2
65	2000	0
66	2000	0
67	2000	0
68	2000	0
69	2000	0
70	2000	1
71	2000	0
72	2000	2
73	2000	4
74	2000	3
75	2000	0
76	2000	0
77	2000	0
78	2000	0
79	2000	0
80	2000	0
81	2000	0
82	2000	2
83	2000	9
84	2000	2
85	2000	0
86	2000	2
87	2000	0
88	2000	1
89	2000	0
90	2000	1
91	2000	3
92	2000	1
93	2000	1
94	2000	4
95	2000	4
96	2000	1
97	2000	0
98	2000	5
99	2000	0
100	2000	0
101	2000	0
102	2000	0
103	2000	0
104	2000	3
105	2000	0
106	2000	1
107	2000	6
108	2000	0
109	2000	1
110	2000	3
111	2000	5
112	2000	0
113	2000	0
114	2000	3
115	2000	0
116	2000	0
117	2000	0
118	2000	0
119	2000	0
120	2000	1
121	2000	0
122	2000	0
123	2000	0
124	2000	0
125	2000	0
126	2000	3
127	2000	3
128	2000	9
129	2000	5
130	2000	2
131	2000	2
132	2000	2
133	2000	0
134	2000	0
135	2000	0
136	2000	0
137	2000	0
138	2000	0
139	2000	0
140	2000	0
141	2000	0
142	2000	0
143	2000	0
144	2000	0
145	2000	3
146	2000	2
147	2000	0
148	2000	0
149	2000	3
150	2000	2
151	2000	3
152	2000	2
153	2000	0
154	2000	1
155	2000	0
156	2000	0
157	2000	0
158	2000	0
159	2000	0
160	2000	0
161	2000	0
162	2000	0
163	2000	0
164	2000	0
165	2000	3
166	2000	0
167	2000	0
168	2000	0
169	2000	1
170	2000	0
171	2000	0
172	2000	0
173	2000	0
174	2000	0
175	2000	3
176	2000	0
177	2000	0
178	2000	1
179	2000	0
180	2000	0
181	2000	1
182	2000	2
183	2000	0
184	2000	1
185	2000	0
186	2000	3
187	2000	3
188	2000	0
189	2000	0
190	2000	0
191	2000	0
192	2000	0
193	2000	0
194	2000	0
195	2000	0
196	2000	7
197	2000	7
198	2000	7
199	2000	2
200	2000	0
201	2000	19
202	2000	19
203	2000	10
204	2000	7
205	2000	9
206	2000	7
207	2000	4
208	2000	1
209	2000	1
210	2000	3
211	2000	6
212	2000	1
213	2000	4
214	2000	3
215	2000	0
216	2000	0
217	2000	0
218	2000	0
219	2000	0
220	2000	0
221	2000	4
222	2000	1
223	2000	0
224	2000	0
225	2000	3
226	2000	1
227	2000	0
228	2000	4
229	2000	7
230	2000	3
231	2000	0
232	2000	3
233	2000	0
234	2000	1
235	2000	6
236	2000	3
237	2000	2
238	2000	0
239	2000	0
240	2000	0
241	2000	0
242	2000	0
243	2000	0
244	2000	1
245	2000	2
246	2000	2
247	2000	0
248	2000	0
249	2000	0
250	2000	1
251	2000	0
252	2000	0
253	2000	0
254	2000	0
255	2000	0
256	2000	0
257	2000	1
258	2000	1
259	2000	0
260	2000	9
261	2000	4
262	2000	0
263	2000	3
264	2000	2
265	2000	1
266	2000	4
267	2000	2
268	2000	0
269	2000	0
270	2000	0
271	2000	1
272	2000	0
273	2000	0
274	2000	0
275	2000	2
276	2000	0
277	2000	3
278	2000	0
279	2000	0
280	2000	0
281	2000	0
282	2000	3
283	2000	2
284	2000	7
285	2000	2
286	2000	0
287	2000	0
288	2000	0
289	2000	4
290	2000	1
291	2000	0
292	2000	2
293	2000	3
294	2000	0
295	2000	0
296	2000	0
297	2000	3
298	2000	5
299	2000	3
300	2000	4
301	2000	4
302	2000	0
303	2000	0
304	2000	0
305	2000	2
306	2000	12
307	2000	8
308	2000	4
309	2000	0
310	2000	0
311	2000	0
312	2000	3
313	2000	0
314	2000	0
315	2000	0
316	2000	0
317	2000	0
318	2000	6
319	2000	2
320	2000	0
321	2000	0
322	2000	0
323	2000	0
324	2000	0
325	2000	0
326	2000	3
327	2000	2
328	2000	0
329	2000	0
330	2000	0
331	2000	0
332	2000	0
333	2000	0
334	2000	1
335	2000	0
336	2000	0
337	2000	0
338	2000	0
339	2000	4
340	2000	2
341	2000	0
342	2000	0
343	2000	0
344	2000	0
345	2000	0
346	2000	3
347	2000	0
348	2000	0
349	2000	0
350	2000	0
351	2000	0
352	2000	2
353	2000	0
354	2000	0
355	2000	0
356	2000	1
357	2000	7
358	2000	0
359	2000	2
360	2000	1
361	2000	0
362	2000	0
363	2000	0
364	2000	0
365	2000	0
366	2000	0
367	2000	0
368	2000	0
369	2000	0
370	2000	0
371	2000	0
372	2000	3
373	2000	0
374	2000	0
375	2000	0
376	2000	0
377	2000	3
378	2000	5
379	2000	0
380	2000	0
381	2000	0
382	2000	1
383	2000	1
384	2000	0
385	2000	1
386	2000	1
387	2000	1
388	2000	1
389	2000	0
390	2000	0
391	2000	0
392	2000	0
393	2000	3
394	2000	0
395	2000	0
396	2000	3
397	2000	1
398	2000	0
399	2000	5
400	2000	0
401	2000	0
402	2000	58
403	2000	24
404	2000	6
405	2000	0
406	2000	4
407	2000	2
408	2000	4
409	2000	0
410	2000	0
411	2000	0
412	2000	0
413	2000	7
414	2000	1
415	2000	0
416	2000	0
417	2000	0
418	2000	0
419	2000	1
420	2000	0
421	2000	0
422	2000	0
423	2000	1
424	2000	2
425	2000	0
426	2000	2
427	2000	0
428	2000	3
429	2000	3
430	2000	2
431	2000	0
432	2000	4
433	2000	3
434	2000	4
435	2000	2
436	2000	4
437	2000	6
438	2000	2
439	2000	6
440	2000	0
441	2000	0
442	2000	0
443	2000	1
444	2000	5
445	2000	1
446	2000	1
447	2000	0
448	2000	0
449	2000	0
450	2000	0
451	2000	2
452	2000	0
453	2000	1
454	2000	0
455	2000	0
456	2000	0
457	2000	0
458	2000	0
459	2000	0
460	2000	6
461	2000	3
462	2000	1
463	2000	2
464	2000	5
465	2000	3
466	2000	0
467	2000	0
468	2000	0
469	2000	0
470	2000	0
471	2000	0
472	2000	0
473	2000	0
474	2000	1
475	2000	0
476	2000	2
477	2000	1
478	2000	0
479	2000	0
480	2000	0
481	2000	0
482	2000	2
483	2000	1
484	2000	0
485	2000	0
486	2000	1
487	2000	0
488	2000	1
489	2000	0
490	2000	2
491	2000	2
492	2000	3
493	2000	0
494	2000	0
495	2000	0
496	2000	0
497	2000	0
498	2000	1
499	2000	1
500	2000	0
501	2000	0
502	2000	1
503	2000	0
504	2000	0
505	2000	0
506	2000	0
507	2000	0
508	2000	4
509	2000	5
510	2000	6
511	2000	4
512	2000	0
513	2000	0
514	2000	0
515	2000	0
516	2000	1
517	2000	0
518	2000	0
519	2000	0
520	2000	1
521	2000	1
522	2000	0
523	2000	0
524	2000	3
525	2000	0
526	2000	0
527	2000	2
528	2000	3
529	2000	1
530	2000	1
531	2000	0
532	2000	8
533	2000	1
534	2000	0
535	2000	0
536	2000	0
537	2000	0
538	2000	0
539	2000	0
540	2000	0
541	2000	1
542	2000	2
543	2000	0
544	2000	0
545	2000	0
546	2000	0
547	2000	0
548	2000	0
549	2000	0
550	2000	0
551	2000	0
552	2000	0
553	2000	1
554	2000	0
555	2000	0
556	2000	0
557	2000	0
558	2000	0
559	2000	0
560	2000	0
561	2000	0
562	2000	0
563	2000	0
564	2000	0
565	2000	1
566	2000	0
567	2000	0
568	2000	0
569	2000	0
570	2000	0
571	2000	0
572	2000	1
573	2000	3
574	2000	4
575	2000	0
576	2000	0
577	2000	0
578	2000	0
579	2000	0
580	2000	0
581	2000	0
582	2000	0
583	2000	2
584	2000	1
585	2000	1
586	2000	1
587	2000	4
588	2000	7
589	2000	4
590	2000	0
591	2000	0
592	2000	0
593	2000	0
594	2000	0
595	2000	0
596	2000	0
597	2000	0
598	2000	0
599	2000	0
600	2000	0
601	2000	23
602	2000	17
603	2000	16
604	2000	7
605	2000	5
606	2000	5
607	2000	1
608	2000	1
609	2000	5
610	2000	0
611	2000	0
612	2000	0
613	2000	0
614	2000	0
615	2000	1
616	2000	0
617	2000	0
618	2000	0
619	2000	1
620	2000	0
621	2000	1
622	2000	0
623	2000	0
624	2000	0
625	2000	0
626	2000	0
627	2000	0
628	2000	1
629	2000	1
630	2000	0
631	2000	0
632	2000	0
633	2000	0
634	2000	0
635	2000	1
636	2000	1
637	2000	0
638	2000	1
639	2000	0
640	2000	1
641	2000	2
642	2000	0
643	2000	1
644	2000	1
645	2000	3
646	2000	3
647	2000	2
648	2000	1
649	2000	0
650	2000	2
651	2000	2
652	2000	2
653	2000	0
654	2000	4
655	2000	7
656	2000	0
657	2000	0
658	2000	2
659	2000	1
660	2000	0
661	2000	2
662	2000	0
663	2000	0
664	2000	0
665	2000	0
666	2000	0
667	2000	3
668	2000	5
669	2000	5
670	2000	0
671	2000	3
672	2000	3
673	2000	0
674	2000	0
675	2000	0
676	2000	2
677	2000	6
678	2000	3
679	2000	0
680	2000	0
681	2000	0
682	2000	0
683	2000	0
684	2000	1
685	2000	1
686	2000	0
687	2000	0
688	2000	0
689	2000	0
690	2000	1
691	2000	3
692	2000	0
693	2000	0
694	2000	0
695	2000	0
696	2000	0
697	2000	0
698	2000	0
699	2000	0
700	2000	1
701	2000	1
702	2000	3
703	2000	0
704	2000	0
705	2000	2
706	2000	1
707	2000	0
708	2000	0
709	2000	0
710	2000	0
711	2000	0
712	2000	0
713	2000	0
714	2000	0
715	2000	0
716	2000	0
717	2000	0
718	2000	0
719	2000	0
720	2000	0
721	2000	0
722	2000	6
723	2000	5
724	2000	6
725	2000	0
726	2000	4
727	2000	2
728	2000	0
729	2000	0
730	2000	4
731	2000	2
732	2000	0
733	2000	7
734	2000	5
735	2000	3
736	2000	0
737	2000	0
738	2000	0
739	2000	0
740	2000	0
741	2000	0
742	2000	0
743	2000	0
744	2000	0
745	2000	0
746	2000	0
747	2000	2
748	2000	0
749	2000	0
750	2000	0
751	2000	1
752	2000	1
753	2000	0
754	2000	1
755	2000	4
756	2000	0
757	2000	0
758	2000	0
759	2000	0
760	2000	0
761	2000	0
762	2000	1
763	2000	0
764	2000	0
765	2000	0
766	2000	3
767	2000	2
768	2000	0
769	2000	0
770	2000	0
771	2000	0
772	2000	0
773	2000	4
774	2000	5
775	2000	0
776	2000	0
777	2000	0
778	2000	2
779	2000	13
780	2000	7
781	2000	2
782	2000	0
783	2000	0
784	2000	0
785	2000	0
786	2000	0
787	2000	0
788	2000	4
789	2000	7
790	2000	3
791	2000	0
792	2000	0
793	2000	0
794	2000	0
795	2000	0
796	2000	4
797	2000	6
798	2000	1
799	2000	0
800	2000	0
801	2000	20
802	2000	18
803	2000	2
804	2000	0
805	2000	0
806	2000	0
807	2000	3
808	2000	0
809	2000	0
810	2000	2
811	2000	2
812	2000	5
813	2000	2
814	2000	1
815	2000	4
816	2000	1
817	2000	0
818	2000	1
819	2000	1
820	2000	0
821	2000	2
822	2000	0
823	2000	1
824	2000	0
825	2000	0
826	2000	0
827	2000	0
828	2000	3
829	2000	1
830	2000	0
831	2000	0
832	2000	0
833	2000	2
834	2000	0
835	2000	0
836	2000	0
837	2000	0
838	2000	0
839	2000	0
840	2000	1
841	2000	3
842	2000	1
843	2000	2
844	2000	1
845	2000	1
846	2000	0
847	2000	0
848	2000	3
849	2000	6
850	2000	3
851	2000	2
852	2000	0
853	2000	0
854	2000	3
855	2000	1
856	2000	0
857	2000	0
858	2000	0
859	2000	0
860	2000	0
861	2000	0
862	2000	0
863	2000	0
864	2000	0
865	2000	0
866	2000	0
867	2000	1
868	2000	5
869	2000	3
870	2000	2
871	2000	1
872	2000	2
873	2000	1
874	2000	4
875	2000	0
876	2000	0
877	2000	0
878	2000	1
879	2000	0
880	2000	1
881	2000	1
882	2000	11
883	2000	0
884	2000	0
885	2000	0
886	2000	0
887	2000	0
888	2000	1
889	2000	0
890	2000	0
891	2000	0
892	2000	0
893	2000	3
894	2000	0
895	2000	0
896	2000	3
897	2000	0
898	2000	3
899	2000	0
900	2000	0
901	2000	0
902	2000	1
903	2000	0
904	2000	0
905	2000	0
906	2000	0
907	2000	0
908	2000	1
909	2000	2
910	2000	6
911	2000	3
912	2000	0
913	2000	4
914	2000	8
915	2000	5
916	2000	1
917	2000	1
918	2000	1
919	2000	0
920	2000	2
921	2000	0
922	2000	0
923	2000	0
924	2000	0
925	2000	0
926	2000	0
927	2000	0
928	2000	0
929	2000	0
930	2000	0
931	2000	0
932	2000	0
933	2000	0
934	2000	6
935	2000	2
936	2000	2
937	2000	3
938	2000	0
939	2000	2
940	2000	1
941	2000	0
942	2000	0
943	2000	0
944	2000	1
945	2000	0
946	2000	0
947	2000	0
948	2000	0
949	2000	0
950	2000	0
951	2000	1
952	2000	2
953	2000	0
954	2000	0
955	2000	0
956	2000	2
957	2000	2
958	2000	0
959	2000	0
960	2000	2
961	2000	7
962	2000	1
963	2000	0
964	2000	0
965	2000	3
966	2000	0
967	2000	3
968	2000	2
969	2000	0
970	2000	0
971	2000	0
972	2000	0
973	2000	0
974	2000	0
975	2000	0
976	2000	4
977	2000	7
978	2000	0
979	2000	0
980	2000	0
981	2000	0
982	2000	0
983	2000	0
984	2000	0
985	2000	1
986	2000	1
987	2000	0
988	2000	0
989	2000	0
990	2000	0
991	2000	0
992	2000	0
993	2000	0
994	2000	0
995	2000	0
996	2000	0
997	2000	0
998	2000	0
999	2000	1
