0	2000	0
1	2000	56
2	2000	0
3	2000	10
4	2000	2
5	2000	14
6	2000	1
7	2000	3
8	2000	0
9	2000	3
10	2000	5
11	2000	19
12	2000	2
13	2000	6
14	2000	14
15	2000	45
16	2000	2
17	2000	0
18	2000	0
19	2000	7
20	2000	1
21	2000	0
22	2000	0
23	2000	3
24	2000	14
25	2000	50
26	2000	1
27	2000	8
28	2000	0
29	2000	0
30	2000	12
31	2000	2
32	2000	16
33	2000	45
34	2000	18
35	2000	38
36	2000	37
37	2000	31
38	2000	0
39	2000	0
40	2000	0
41	2000	0
42	2000	0
43	2000	9
44	2000	6
45	2000	0
46	2000	49
47	2000	2
48	2000	0
49	2000	0
50	2000	0
51	2000	37
52	2000	20
53	2000	14
54	2000	0
55	2000	13
56	2000	28
57	2000	21
58	2000	6
59	2000	0
60	2000	10
61	2000	0
62	2000	10
63	2000	5
64	2000	0
65	2000	0
66	2000	0
67	2000	0
68	2000	11
69	2000	52
70	2000	46
71	2000	56
72	2000	34
73	2000	69
74	2000	17
75	2000	0
76	2000	0
77	2000	28
78	2000	36
79	2000	11
80	2000	13
81	2000	3
82	2000	0
83	2000	24
84	2000	24
85	2000	22
86	2000	56
87	2000	31
88	2000	0
89	2000	22
90	2000	0
91	2000	0
92	2000	5
93	2000	21
94	2000	0
95	2000	5
96	2000	10
97	2000	1
98	2000	0
99	2000	1
100	2000	24
101	2000	19
102	2000	0
103	2000	43
104	2000	14
105	2000	4
106	2000	57
107	2000	21
108	2000	13
109	2000	3
110	2000	0
111	2000	3
112	2000	31
113	2000	58
114	2000	58
115	2000	0
116	2000	0
117	2000	9
118	2000	7
119	2000	66
120	2000	46
121	2000	1
122	2000	0
123	2000	0
124	2000	0
125	2000	0
126	2000	10
127	2000	8
128	2000	0
129	2000	16
130	2000	11
131	2000	0
132	2000	0
133	2000	16
134	2000	37
135	2000	0
136	2000	0
137	2000	0
138	2000	0
139	2000	3
140	2000	23
141	2000	0
142	2000	0
143	2000	0
144	2000	0
145	2000	32
146	2000	6
147	2000	0
148	2000	12
149	2000	0
150	2000	0
151	2000	0
152	2000	14
153	2000	1
154	2000	29
155	2000	10
156	2000	32
157	2000	30
158	2000	6
159	2000	0
160	2000	0
161	2000	0
162	2000	0
163	2000	14
164	2000	19
165	2000	0
166	2000	0
167	2000	19
168	2000	13
169	2000	0
170	2000	5
171	2000	15
172	2000	0
173	2000	0
174	2000	0
175	2000	0
176	2000	1
177	2000	20
178	2000	2
179	2000	0
180	2000	0
181	2000	27
182	2000	5
183	2000	6
184	2000	19
185	2000	0
186	2000	0
187	2000	0
188	2000	0
189	2000	0
190	2000	0
191	2000	0
192	2000	1
193	2000	0
194	2000	0
195	2000	13
196	2000	43
197	2000	26
198	2000	3
199	2000	27
200	2000	76
201	2000	0
202	2000	703
203	2000	159
204	2000	34
205	2000	4
206	2000	26
207	2000	4
208	2000	33
209	2000	48
210	2000	1
211	2000	3
212	2000	0
213	2000	14
214	2000	21
215	2000	9
216	2000	14
217	2000	111
218	2000	88
219	2000	18
220	2000	50
221	2000	45
222	2000	8
223	2000	0
224	2000	1
225	2000	13
226	2000	0
227	2000	0
228	2000	2
229	2000	4
230	2000	0
231	2000	0
232	2000	0
233	2000	0
234	2000	0
235	2000	0
236	2000	1
237	2000	0
238	2000	0
239	2000	32
240	2000	37
241	2000	31
242	2000	46
243	2000	22
244	2000	1
245	2000	40
246	2000	33
247	2000	5
248	2000	20
249	2000	18
250	2000	0
251	2000	3
252	2000	0
253	2000	8
254	2000	5
255	2000	0
256	2000	0
257	2000	35
258	2000	49
259	2000	36
260	2000	69
261	2000	18
262	2000	0
263	2000	8
264	2000	0
265	2000	12
266	2000	4
267	2000	0
268	2000	0
269	2000	0
270	2000	0
271	2000	0
272	2000	9
273	2000	0
274	2000	3
275	2000	0
276	2000	0
277	2000	0
278	2000	0
279	2000	7
280	2000	0
281	2000	3
282	2000	21
283	2000	10
284	2000	0
285	2000	24
286	2000	11
287	2000	40
288	2000	13
289	2000	0
290	2000	26
291	2000	22
292	2000	0
293	2000	8
294	2000	0
295	2000	0
296	2000	0
297	2000	0
298	2000	13
299	2000	13
300	2000	2
301	2000	0
302	2000	0
303	2000	0
304	2000	0
305	2000	0
306	2000	0
307	2000	0
308	2000	0
309	2000	0
310	2000	21
311	2000	1
312	2000	25
313	2000	43
314	2000	20
315	2000	17
316	2000	3
317	2000	0
318	2000	0
319	2000	0
320	2000	23
321	2000	50
322	2000	57
323	2000	8
324	2000	0
325	2000	0
326	2000	8
327	2000	71
328	2000	61
329	2000	45
330	2000	23
331	2000	0
332	2000	0
333	2000	21
334	2000	12
335	2000	0
336	2000	0
337	2000	0
338	2000	0
339	2000	17
340	2000	31
341	2000	43
342	2000	14
343	2000	25
344	2000	14
345	2000	27
346	2000	0
347	2000	26
348	2000	37
349	2000	0
350	2000	0
351	2000	0
352	2000	0
353	2000	2
354	2000	0
355	2000	0
356	2000	0
357	2000	0
358	2000	0
359	2000	0
360	2000	0
361	2000	0
362	2000	2
363	2000	1
364	2000	10
365	2000	2
366	2000	5
367	2000	5
368	2000	25
369	2000	7
370	2000	0
371	2000	32
372	2000	3
373	2000	0
374	2000	0
375	2000	0
376	2000	0
377	2000	0
378	2000	0
379	2000	6
380	2000	0
381	2000	0
382	2000	2
383	2000	0
384	2000	22
385	2000	64
386	2000	8
387	2000	0
388	2000	1
389	2000	3
390	2000	11
391	2000	4
392	2000	11
393	2000	7
394	2000	18
395	2000	21
396	2000	0
397	2000	0
398	2000	12
399	2000	0
400	2000	0
401	2000	0
402	2000	544
403	2000	112
404	2000	0
405	2000	0
406	2000	7
407	2000	1
408	2000	0
409	2000	0
410	2000	0
411	2000	34
412	2000	46
413	2000	21
414	2000	0
415	2000	0
416	2000	0
417	2000	0
418	2000	0
419	2000	1
420	2000	0
421	2000	0
422	2000	0
423	2000	6
424	2000	0
425	2000	0
426	2000	0
427	2000	0
428	2000	0
429	2000	0
430	2000	9
431	2000	21
432	2000	11
433	2000	17
434	2000	10
435	2000	0
436	2000	5
437	2000	5
438	2000	0
439	2000	0
440	2000	5
441	2000	0
442	2000	0
443	2000	0
444	2000	0
445	2000	1
446	2000	18
447	2000	3
448	2000	0
449	2000	0
450	2000	0
451	2000	1
452	2000	0
453	2000	4
454	2000	1
455	2000	0
456	2000	0
457	2000	46
458	2000	35
459	2000	37
460	2000	13
461	2000	15
462	2000	4
463	2000	0
464	2000	12
465	2000	5
466	2000	0
467	2000	18
468	2000	7
469	2000	1
470	2000	7
471	2000	0
472	2000	8
473	2000	20
474	2000	0
475	2000	0
476	2000	5
477	2000	0
478	2000	9
479	2000	0
480	2000	0
481	2000	0
482	2000	0
483	2000	0
484	2000	0
485	2000	11
486	2000	11
487	2000	0
488	2000	0
489	2000	4
490	2000	7
491	2000	0
492	2000	0
493	2000	24
494	2000	41
495	2000	16
496	2000	0
497	2000	40
498	2000	5
499	2000	8
500	2000	0
501	2000	2
502	2000	21
503	2000	4
504	2000	0
505	2000	0
506	2000	0
507	2000	0
508	2000	2
509	2000	2
510	2000	20
511	2000	0
512	2000	0
513	2000	0
514	2000	12
515	2000	7
516	2000	22
517	2000	21
518	2000	0
519	2000	37
520	2000	2
521	2000	5
522	2000	26
523	2000	66
524	2000	17
525	2000	49
526	2000	74
527	2000	20
528	2000	0
529	2000	0
530	2000	0
531	2000	2
532	2000	0
533	2000	2
534	2000	3
535	2000	22
536	2000	16
537	2000	15
538	2000	0
539	2000	0
540	2000	17
541	2000	38
542	2000	0
543	2000	0
544	2000	19
545	2000	0
546	2000	0
547	2000	0
548	2000	0
549	2000	23
550	2000	0
551	2000	7
552	2000	16
553	2000	0
554	2000	0
555	2000	10
556	2000	0
557	2000	18
558	2000	33
559	2000	0
560	2000	0
561	2000	0
562	2000	3
563	2000	0
564	2000	0
565	2000	0
566	2000	1
567	2000	10
568	2000	0
569	2000	0
570	2000	6
571	2000	1
572	2000	0
573	2000	0
574	2000	33
575	2000	39
576	2000	68
577	2000	46
578	2000	16
579	2000	0
580	2000	0
581	2000	0
582	2000	0
583	2000	0
584	2000	14
585	2000	0
586	2000	12
587	2000	46
588	2000	29
589	2000	0
590	2000	0
591	2000	0
592	2000	12
593	2000	2
594	2000	11
595	2000	0
596	2000	29
597	2000	56
598	2000	34
599	2000	30
600	2000	52
601	2000	0
602	2000	639
603	2000	150
604	2000	20
605	2000	14
606	2000	8
607	2000	5
608	2000	27
609	2000	0
610	2000	0
611	2000	0
612	2000	13
613	2000	0
614	2000	10
615	2000	31
616	2000	13
617	2000	16
618	2000	11
619	2000	20
620	2000	15
621	2000	0
622	2000	1
623	2000	1
624	2000	0
625	2000	4
626	2000	0
627	2000	0
628	2000	9
629	2000	0
630	2000	0
631	2000	0
632	2000	7
633	2000	3
634	2000	0
635	2000	44
636	2000	75
637	2000	0
638	2000	38
639	2000	54
640	2000	41
641	2000	18
642	2000	0
643	2000	9
644	2000	12
645	2000	0
646	2000	2
647	2000	11
648	2000	10
649	2000	13
650	2000	0
651	2000	4
652	2000	21
653	2000	36
654	2000	49
655	2000	51
656	2000	1
657	2000	0
658	2000	0
659	2000	33
660	2000	11
661	2000	0
662	2000	0
663	2000	0
664	2000	0
665	2000	1
666	2000	0
667	2000	0
668	2000	2
669	2000	11
670	2000	0
671	2000	7
672	2000	13
673	2000	3
674	2000	57
675	2000	14
676	2000	3
677	2000	50
678	2000	37
679	2000	0
680	2000	0
681	2000	0
682	2000	8
683	2000	26
684	2000	7
685	2000	0
686	2000	17
687	2000	0
688	2000	6
689	2000	6
690	2000	3
691	2000	2
692	2000	77
693	2000	60
694	2000	67
695	2000	16
696	2000	35
697	2000	42
698	2000	52
699	2000	27
700	2000	28
701	2000	0
702	2000	0
703	2000	26
704	2000	15
705	2000	1
706	2000	32
707	2000	24
708	2000	2
709	2000	0
710	2000	11
711	2000	0
712	2000	0
713	2000	0
714	2000	0
715	2000	0
716	2000	0
717	2000	0
718	2000	7
719	2000	0
720	2000	0
721	2000	9
722	2000	6
723	2000	6
724	2000	4
725	2000	2
726	2000	1
727	2000	12
728	2000	0
729	2000	6
730	2000	13
731	2000	19
732	2000	19
733	2000	24
734	2000	26
735	2000	1
736	2000	0
737	2000	0
738	2000	4
739	2000	0
740	2000	2
741	2000	0
742	2000	0
743	2000	2
744	2000	0
745	2000	0
746	2000	47
747	2000	73
748	2000	79
749	2000	82
750	2000	58
751	2000	10
752	2000	35
753	2000	53
754	2000	20
755	2000	17
756	2000	1
757	2000	4
758	2000	12
759	2000	0
760	2000	0
761	2000	0
762	2000	0
763	2000	0
764	2000	0
765	2000	0
766	2000	0
767	2000	0
768	2000	46
769	2000	13
770	2000	0
771	2000	0
772	2000	14
773	2000	1
774	2000	5
775	2000	5
776	2000	1
777	2000	0
778	2000	9
779	2000	0
780	2000	2
781	2000	1
782	2000	0
783	2000	8
784	2000	0
785	2000	46
786	2000	4
787	2000	0
788	2000	0
789	2000	0
790	2000	0
791	2000	0
792	2000	1
793	2000	22
794	2000	61
795	2000	8
796	2000	12
797	2000	0
798	2000	0
799	2000	0
800	2000	0
801	2000	0
802	2000	698
803	2000	164
804	2000	60
805	2000	2
806	2000	27
807	2000	29
808	2000	45
809	2000	0
810	2000	0
811	2000	0
812	2000	0
813	2000	0
814	2000	0
815	2000	3
816	2000	2
817	2000	7
818	2000	19
819	2000	0
820	2000	0
821	2000	0
822	2000	14
823	2000	0
824	2000	2
825	2000	0
826	2000	5
827	2000	26
828	2000	0
829	2000	0
830	2000	6
831	2000	28
832	2000	17
833	2000	35
834	2000	4
835	2000	0
836	2000	0
837	2000	0
838	2000	0
839	2000	3
840	2000	0
841	2000	7
842	2000	54
843	2000	42
844	2000	1
845	2000	0
846	2000	0
847	2000	36
848	2000	4
849	2000	0
850	2000	21
851	2000	50
852	2000	0
853	2000	1
854	2000	28
855	2000	4
856	2000	1
857	2000	0
858	2000	26
859	2000	0
860	2000	0
861	2000	10
862	2000	52
863	2000	28
864	2000	45
865	2000	20
866	2000	0
867	2000	0
868	2000	24
869	2000	9
870	2000	0
871	2000	2
872	2000	69
873	2000	24
874	2000	0
875	2000	21
876	2000	0
877	2000	0
878	2000	0
879	2000	6
880	2000	1
881	2000	2
882	2000	0
883	2000	0
884	2000	0
885	2000	0
886	2000	0
887	2000	5
888	2000	44
889	2000	11
890	2000	5
891	2000	0
892	2000	0
893	2000	5
894	2000	0
895	2000	0
896	2000	3
897	2000	0
898	2000	28
899	2000	1
900	2000	4
901	2000	0
902	2000	2
903	2000	6
904	2000	0
905	2000	10
906	2000	25
907	2000	0
908	2000	31
909	2000	29
910	2000	0
911	2000	20
912	2000	0
913	2000	5
914	2000	0
915	2000	11
916	2000	35
917	2000	54
918	2000	28
919	2000	12
920	2000	43
921	2000	68
922	2000	31
923	2000	3
924	2000	3
925	2000	0
926	2000	0
927	2000	24
928	2000	1
929	2000	3
930	2000	58
931	2000	38
932	2000	20
933	2000	0
934	2000	2
935	2000	25
936	2000	4
937	2000	0
938	2000	2
939	2000	17
940	2000	4
941	2000	0
942	2000	0
943	2000	0
944	2000	0
945	2000	0
946	2000	0
947	2000	0
948	2000	21
949	2000	17
950	2000	0
951	2000	0
952	2000	5
953	2000	0
954	2000	0
955	2000	37
956	2000	24
957	2000	16
958	2000	0
959	2000	0
960	2000	19
961	2000	28
962	2000	23
963	2000	2
964	2000	0
965	2000	0
966	2000	0
967	2000	0
968	2000	7
969	2000	9
970	2000	39
971	2000	27
972	2000	0
973	2000	44
974	2000	1
975	2000	0
976	2000	0
977	2000	6
978	2000	16
979	2000	0
980	2000	22
981	2000	0
982	2000	1
983	2000	1
984	2000	0
985	2000	0
986	2000	7
987	2000	22
988	2000	9
989	2000	2
990	2000	0
991	2000	7
992	2000	35
993	2000	54
994	2000	34
995	2000	10
996	2000	8
997	2000	24
998	2000	18
999	2000	0
