0	2000	0	0
1	997	0	0
2	997	0	0
3	1011	0	0
4	983	0	0
5	958	0	0
6	967	0	0
7	1033	0	0
8	1003	0	0
9	1023	0	0
10	987	0	0
11	1010	0	0
12	1028	0	0
13	1002	0	0
14	981	0	0
15	1006	0	0
16	1047	0	0
17	1031	0	0
18	1001	0	0
19	1023	0	0
20	993	0	0
21	1001	0	0
22	1008	0	0
23	991	0	0
24	1041	0	0
25	991	0	0
26	988	0	0
27	1014	0	0
28	971	0	0
29	1022	0	0
30	1017	0	0
31	1009	0	0
32	1019	0	0
33	988	0	0
34	1003	0	0
35	1022	0	0
36	1003	0	0
37	942	0	0
38	967	0	0
39	1006	0	0
40	1031	0	0
41	1014	0	0
42	985	0	0
43	987	0	0
44	1009	0	0
45	1014	0	0
46	1035	0	0
47	1000	0	0
48	959	0	0
49	998	0	0
50	1019	0	0
51	1005	0	0
52	1000	0	0
53	997	0	0
54	995	0	0
55	946	0	0
56	1032	0	0
57	1024	0	0
58	971	0	0
59	982	0	0
60	976	0	0
61	996	0	0
62	974	0	0
63	989	0	0
64	1004	0	0
65	974	0	0
66	1032	0	0
67	1006	0	0
68	1011	0	0
69	993	0	0
70	1000	0	0
71	1005	0	0
72	957	0	0
73	987	0	0
74	988	0	0
75	995	0	0
76	1001	0	0
77	984	0	0
78	1022	0	0
79	1026	0	0
80	1016	0	0
81	1019	0	0
82	1014	0	0
83	1012	0	0
84	1003	0	0
85	964	0	0
86	979	0	0
87	1010	0	0
88	1032	0	0
89	1012	0	0
90	1025	0	0
91	997	0	0
92	989	0	0
93	1013	0	0
94	1034	0	0
95	982	0	0
96	1004	0	0
97	990	0	0
98	1007	0	0
99	980	0	0
100	1001	0	0
101	987	0	0
102	994	0	0
103	960	0	0
104	1015	0	0
105	976	0	0
106	992	0	0
107	1005	0	0
108	975	0	0
109	993	0	0
110	1015	0	0
111	990	0	0
112	1001	0	0
113	974	0	0
114	1019	0	0
115	970	0	0
116	1011	0	0
117	1016	0	0
118	996	0	0
119	995	0	0
120	1049	0	0
121	992	0	0
122	1009	0	0
123	1002	0	0
124	1032	0	0
125	995	0	0
126	987	0	0
127	1011	0	0
128	964	0	0
129	1004	0	0
130	978	0	0
131	1015	0	0
132	967	0	0
133	986	0	0
134	1024	0	0
135	1013	0	0
136	995	0	0
137	1032	0	0
138	1002	0	0
139	997	0	0
140	1001	0	0
141	1046	0	0
142	1010	0	0
143	1003	0	0
144	978	0	0
145	1013	0	0
146	1005	0	0
147	1045	0	0
148	1026	0	0
149	1013	0	0
150	968	0	0
151	989	0	0
152	998	0	0
153	996	0	0
154	1037	0	0
155	980	0	0
156	1036	0	0
157	947	0	0
158	1028	0	0
159	1021	0	0
160	1029	0	0
161	1012	0	0
162	988	0	0
163	1043	0	0
164	1011	0	0
165	985	0	0
166	985	0	0
167	1026	0	0
168	1005	0	0
169	1002	0	0
170	988	0	0
171	980	0	0
172	989	0	0
173	978	0	0
174	1036	0	0
175	1053	0	0
176	1002	0	0
177	1007	0	0
178	1003	0	0
179	1011	0	0
180	964	0	0
181	991	0	0
182	994	0	0
183	981	0	0
184	994	0	0
185	1036	0	0
186	968	0	0
187	976	0	0
188	974	0	0
189	997	0	0
190	1019	0	0
191	975	0	0
192	1006	0	0
193	1010	0	0
194	1044	0	0
195	970	0	0
196	1025	0	0
197	1010	0	0
198	956	0	0
199	1021	0	0
200	974	2	0
201	862	0	0
202	807	1	0
203	806	0	0
204	837	0	0
205	819	0	0
206	815	0	0
207	816	0	0
208	846	0	0
209	833	0	0
210	824	0	0
211	838	0	0
212	869	0	0
213	832	0	0
214	807	0	0
215	860	0	0
216	858	0	0
217	828	0	0
218	803	0	0
219	863	0	0
220	793	0	0
221	840	0	0
222	844	0	0
223	824	0	0
224	832	0	0
225	815	0	0
226	833	0	0
227	839	0	0
228	848	0	0
229	843	0	0
230	834	0	0
231	856	0	0
232	865	0	0
233	826	0	0
234	818	0	0
235	837	0	0
236	819	0	0
237	811	0	0
238	815	0	0
239	805	0	0
240	838	0	0
241	834	0	0
242	861	0	0
243	836	0	0
244	805	0	0
245	797	0	0
246	828	0	0
247	786	0	0
248	803	0	0
249	829	0	0
250	814	0	0
251	840	0	0
252	846	0	0
253	862	0	0
254	810	0	0
255	818	0	0
256	834	0	0
257	846	0	0
258	852	0	0
259	793	0	0
260	800	0	0
261	820	0	0
262	836	0	0
263	848	0	0
264	812	0	0
265	807	0	0
266	790	0	0
267	779	0	0
268	847	0	0
269	831	0	0
270	818	0	0
271	807	0	0
272	840	0	0
273	832	0	0
274	788	0	0
275	838	0	0
276	798	0	0
277	790	0	0
278	798	0	0
279	855	0	0
280	830	0	0
281	774	0	0
282	778	0	0
283	821	0	0
284	810	0	0
285	784	0	0
286	818	0	0
287	776	0	0
288	809	0	0
289	775	0	0
290	778	0	0
291	771	0	0
292	790	0	0
293	748	0	0
294	752	0	0
295	797	0	0
296	755	0	0
297	734	0	0
298	783	0	0
299	770	0	0
300	760	0	0
301	737	0	0
302	746	0	0
303	705	0	0
304	728	0	0
305	751	0	0
306	725	0	0
307	736	0	0
308	716	0	0
309	729	0	0
310	702	0	0
311	718	0	0
312	723	0	0
313	679	0	0
314	682	0	0
315	655	0	0
316	693	0	0
317	708	0	0
318	656	0	0
319	681	0	0
320	668	0	0
321	651	0	0
322	666	0	0
323	669	0	0
324	645	0	0
325	679	0	0
326	659	0	0
327	659	0	0
328	683	0	0
329	642	0	0
330	630	0	0
331	653	0	0
332	655	0	0
333	621	0	0
334	654	0	0
335	631	0	0
336	612	0	0
337	579	0	0
338	638	0	0
339	595	0	0
340	614	0	0
341	638	0	0
342	567	0	0
343	614	0	0
344	599	0	0
345	621	0	0
346	577	0	0
347	608	0	0
348	590	0	0
349	583	0	0
350	576	0	0
351	597	0	0
352	602	0	0
353	557	0	0
354	577	0	0
355	591	0	0
356	582	0	0
357	567	0	0
358	578	0	0
359	561	0	0
360	562	0	0
361	540	0	0
362	571	0	0
363	573	0	0
364	579	0	0
365	584	0	0
366	562	0	0
367	518	0	0
368	561	0	0
369	543	0	0
370	576	0	0
371	530	0	0
372	566	0	0
373	578	0	0
374	539	0	0
375	552	0	0
376	559	0	0
377	540	0	0
378	551	0	0
379	540	0	0
380	546	0	0
381	557	0	0
382	549	0	0
383	542	0	0
384	565	0	0
385	553	0	0
386	554	0	0
387	520	0	0
388	533	0	0
389	509	0	0
390	542	0	0
391	542	0	0
392	548	0	0
393	512	0	0
394	515	0	0
395	534	0	0
396	533	0	0
397	550	0	0
398	533	0	0
399	549	0	0
400	540	2	0
401	454	1	0
402	469	1	1
403	463	0	0
404	460	0	0
405	445	0	0
406	450	0	0
407	483	0	0
408	457	0	0
409	451	0	0
410	453	0	0
411	471	0	0
412	488	0	0
413	456	0	0
414	466	0	0
415	477	0	0
416	472	0	0
417	491	0	0
418	470	0	0
419	450	0	0
420	439	0	0
421	453	0	0
422	455	0	0
423	468	0	0
424	442	0	0
425	449	0	0
426	454	0	0
427	471	0	0
428	463	0	0
429	451	0	0
430	463	0	0
431	443	0	0
432	467	0	0
433	455	0	0
434	462	0	0
435	428	0	0
436	453	0	0
437	447	0	0
438	448	0	0
439	465	0	0
440	472	0	0
441	468	0	0
442	460	0	0
443	453	0	0
444	476	0	0
445	442	0	0
446	457	0	0
447	458	0	0
448	450	0	0
449	432	0	0
450	430	0	0
451	478	0	0
452	446	0	0
453	486	0	0
454	450	0	0
455	443	0	0
456	476	0	0
457	433	0	0
458	449	0	0
459	478	0	0
460	444	0	0
461	462	0	0
462	458	0	0
463	471	0	0
464	456	0	0
465	454	0	0
466	453	0	0
467	448	0	0
468	433	0	0
469	452	0	0
470	432	0	0
471	455	0	0
472	469	0	0
473	445	0	0
474	485	0	0
475	465	0	0
476	461	0	0
477	459	0	0
478	466	0	0
479	449	0	0
480	453	0	0
481	447	0	0
482	463	0	0
483	475	0	0
484	433	0	0
485	454	0	0
486	430	0	0
487	487	0	0
488	464	0	0
489	448	0	0
490	440	0	0
491	456	0	0
492	449	0	0
493	431	0	0
494	454	0	0
495	439	0	0
496	459	0	0
497	432	0	0
498	483	0	0
499	472	0	0
500	416	0	0
501	447	0	0
502	462	0	0
503	436	0	0
504	441	0	0
505	449	0	0
506	433	0	0
507	440	0	0
508	455	0	0
509	484	0	0
510	432	0	0
511	462	0	0
512	432	0	0
513	442	0	0
514	430	0	0
515	421	0	0
516	425	0	0
517	417	0	0
518	429	0	0
519	486	0	0
520	460	0	0
521	431	0	0
522	450	0	0
523	433	0	0
524	469	0	0
525	432	0	0
526	428	0	0
527	396	0	0
528	453	0	0
529	419	0	0
530	451	0	0
531	428	0	0
532	466	0	0
533	419	0	0
534	436	0	0
535	413	0	0
536	449	0	0
537	444	0	0
538	432	0	0
539	408	0	0
540	408	0	0
541	438	0	0
542	412	0	0
543	419	0	0
544	409	0	0
545	431	0	0
546	442	0	0
547	401	0	0
548	404	0	0
549	417	0	0
550	393	0	0
551	419	0	0
552	408	0	0
553	396	0	0
554	399	0	0
555	398	0	0
556	424	0	0
557	381	0	0
558	390	0	0
559	413	0	0
560	404	0	0
561	413	0	0
562	395	0	0
563	399	0	0
564	363	0	0
565	391	0	0
566	411	0	0
567	396	0	0
568	404	0	0
569	404	0	0
570	348	0	0
571	369	0	0
572	386	0	0
573	394	0	0
574	398	0	0
575	392	0	0
576	369	0	0
577	369	0	0
578	386	0	0
579	353	0	0
580	390	0	0
581	380	0	0
582	378	0	0
583	387	0	0
584	365	0	0
585	374	0	0
586	377	0	0
587	369	0	0
588	352	0	0
589	329	0	0
590	358	0	0
591	334	0	0
592	368	0	0
593	364	0	0
594	364	0	0
595	370	0	0
596	356	0	0
597	367	0	0
598	373	0	0
599	321	0	0
600	376	2	0
601	328	2	0
602	324	1	1
603	335	0	0
604	341	0	0
605	341	0	0
606	355	0	0
607	313	0	0
608	314	0	0
609	332	0	0
610	333	0	0
611	349	0	0
612	342	0	0
613	341	0	0
614	324	0	0
615	302	0	0
616	326	0	0
617	329	0	0
618	303	0	0
619	317	0	0
620	319	0	0
621	306	0	0
622	328	0	0
623	325	0	0
624	321	0	0
625	334	0	0
626	320	0	0
627	323	0	0
628	337	0	0
629	327	0	0
630	301	0	0
631	297	0	0
632	311	0	0
633	311	0	0
634	318	0	0
635	301	0	0
636	305	0	0
637	319	0	0
638	325	0	0
639	319	0	0
640	301	0	0
641	299	0	0
642	309	0	0
643	326	0	0
644	285	0	0
645	313	0	0
646	335	0	0
647	302	0	0
648	298	0	0
649	297	0	0
650	296	0	0
651	314	0	0
652	300	0	0
653	313	0	0
654	306	0	0
655	294	0	0
656	304	0	0
657	300	0	0
658	309	0	0
659	312	0	0
660	298	0	0
661	279	0	0
662	302	0	0
663	297	0	0
664	292	0	0
665	311	0	0
666	291	0	0
667	275	0	0
668	306	0	0
669	311	0	0
670	313	0	0
671	285	0	0
672	282	0	0
673	305	0	0
674	281	0	0
675	296	0	0
676	298	0	0
677	285	0	0
678	298	0	0
679	303	0	0
680	319	0	0
681	294	0	0
682	296	0	0
683	311	0	0
684	303	0	0
685	299	0	0
686	296	0	0
687	300	0	0
688	300	0	0
689	294	0	0
690	273	0	0
691	284	0	0
692	292	0	0
693	295	0	0
694	284	0	0
695	307	0	0
696	303	0	0
697	272	0	0
698	311	0	0
699	295	0	0
700	278	0	0
701	267	0	0
702	299	0	0
703	291	0	0
704	301	0	0
705	291	0	0
706	304	0	0
707	313	0	0
708	285	0	0
709	303	0	0
710	303	0	0
711	296	0	0
712	293	0	0
713	307	0	0
714	307	0	0
715	260	0	0
716	296	0	0
717	277	0	0
718	274	0	0
719	282	0	0
720	289	0	0
721	301	0	0
722	276	0	0
723	286	0	0
724	277	0	0
725	301	0	0
726	273	0	0
727	284	0	0
728	288	0	0
729	291	0	0
730	293	0	0
731	285	0	0
732	297	0	0
733	281	0	0
734	304	0	0
735	289	0	0
736	304	0	0
737	290	0	0
738	307	0	0
739	290	0	0
740	311	0	0
741	255	0	0
742	311	0	0
743	304	0	0
744	303	0	0
745	297	0	0
746	299	0	0
747	280	0	0
748	305	0	0
749	283	0	0
750	315	0	0
751	297	0	0
752	277	0	0
753	286	0	0
754	288	0	0
755	295	0	0
756	277	0	0
757	292	0	0
758	290	0	0
759	296	0	0
760	294	0	0
761	300	0	0
762	281	0	0
763	290	0	0
764	289	0	0
765	293	0	0
766	281	0	0
767	270	0	0
768	316	0	0
769	297	0	0
770	282	0	0
771	295	0	0
772	314	0	0
773	306	0	0
774	299	0	0
775	286	0	0
776	279	0	0
777	267	0	0
778	292	0	0
779	270	0	0
780	271	0	0
781	300	0	0
782	297	0	0
783	289	0	0
784	288	0	0
785	294	0	0
786	256	0	0
787	294	0	0
788	300	0	0
789	277	0	0
790	290	0	0
791	283	0	0
792	269	0	0
793	263	0	0
794	260	0	0
795	293	0	0
796	295	0	0
797	284	0	0
798	304	0	0
799	278	0	0
800	287	0	0
801	218	0	0
802	209	1	0
803	216	0	0
804	206	2	0
805	226	17	0
806	224	0	0
807	220	0	0
808	209	0	0
809	215	0	0
810	210	0	0
811	205	5	0
812	213	0	0
813	213	0	0
814	233	9	1
815	220	5	1
816	212	0	0
817	214	0	0
818	236	0	0
819	214	1	0
820	212	0	0
821	206	0	0
822	212	0	0
823	216	0	0
824	204	0	0
825	196	0	0
826	223	0	0
827	192	0	0
828	199	0	0
829	211	9	0
830	195	0	0
831	203	0	0
832	201	0	0
833	213	0	0
834	214	0	0
835	219	0	0
836	222	0	0
837	218	0	0
838	206	0	0
839	200	0	0
840	203	0	0
841	197	0	0
842	204	1	0
843	206	0	0
844	203	0	0
845	209	0	0
846	205	0	0
847	225	0	0
848	192	0	0
849	204	0	0
850	213	0	0
851	190	0	0
852	206	0	0
853	195	0	0
854	199	5	0
855	204	1	0
856	194	3	0
857	210	0	0
858	212	0	0
859	217	0	0
860	194	0	0
861	210	0	0
862	222	0	0
863	223	0	0
864	210	0	0
865	213	1	0
866	213	0	0
867	210	0	0
868	226	0	0
869	214	0	0
870	211	0	0
871	207	0	0
872	209	8	0
873	202	0	0
874	213	0	0
875	205	0	0
876	206	0	0
877	215	0	0
878	216	1	0
879	211	0	0
880	200	0	0
881	183	0	0
882	218	0	0
883	203	1	0
884	198	0	0
885	214	0	0
886	213	0	0
887	197	0	0
888	212	1	0
889	194	0	0
890	206	0	0
891	206	0	0
892	216	0	0
893	194	0	0
894	206	0	0
895	186	0	0
896	218	0	0
897	197	0	0
898	198	0	0
899	204	0	0
900	214	0	0
901	204	0	0
902	205	3	1
903	208	0	0
904	200	0	0
905	189	0	0
906	202	0	0
907	224	0	0
908	197	12	1
909	193	3	0
910	190	0	0
911	191	0	0
912	210	0	0
913	202	0	0
914	201	0	0
915	191	0	0
916	208	0	0
917	207	0	0
918	198	0	0
919	213	0	0
920	200	0	0
921	192	1	0
922	189	0	0
923	201	6	0
924	210	0	0
925	187	1	0
926	201	0	0
927	204	0	0
928	207	0	0
929	197	0	0
930	185	0	0
931	198	0	0
932	200	0	0
933	176	0	0
934	201	0	0
935	185	0	0
936	202	0	0
937	206	0	0
938	197	0	0
939	188	0	0
940	194	0	0
941	190	0	0
942	192	0	0
943	206	4	0
944	203	0	0
945	194	0	0
946	209	0	0
947	193	0	0
948	205	0	0
949	179	0	0
950	200	0	0
951	185	0	0
952	200	0	0
953	174	0	0
954	191	0	0
955	198	0	0
956	190	12	0
957	189	0	0
958	174	0	0
959	180	0	0
960	187	0	0
961	185	5	0
962	207	0	0
963	197	0	0
964	192	0	0
965	174	0	0
966	196	0	0
967	179	0	0
968	189	0	0
969	186	0	0
970	184	0	0
971	204	0	0
972	179	0	0
973	189	0	0
974	186	0	0
975	181	0	0
976	177	0	0
977	183	0	0
978	178	0	0
979	203	0	0
980	178	0	0
981	187	0	0
982	181	0	0
983	190	0	0
984	182	0	0
985	177	0	0
986	166	0	0
987	172	0	0
988	174	0	0
989	188	0	0
990	181	0	0
991	193	0	0
992	198	0	0
993	188	0	0
994	171	0	0
995	185	0	0
996	171	0	0
997	179	0	0
998	188	0	0
999	180	0	0
