0	2000	0
1	984	0
2	1049	4
3	977	0
4	1020	0
5	994	0
6	1013	20
7	1017	1
8	985	0
9	1012	0
10	1004	1
11	1004	8
12	948	0
13	994	0
14	1014	0
15	985	0
16	1015	0
17	959	0
18	1043	7
19	964	0
20	990	0
21	1026	0
22	970	14
23	1007	0
24	1037	12
25	986	0
26	981	1
27	952	0
28	1008	0
29	1013	0
30	1001	0
31	998	0
32	996	0
33	1017	0
34	1015	3
35	1008	0
36	1014	0
37	1023	0
38	1018	0
39	951	4
40	1034	0
41	1005	15
42	978	3
43	971	0
44	982	0
45	975	0
46	1013	0
47	980	2
48	1021	0
49	984	0
50	991	0
51	1001	0
52	1028	0
53	1023	0
54	979	4
55	993	3
56	1052	1
57	994	20
58	988	1
59	971	11
60	1017	0
61	985	0
62	972	0
63	1018	0
64	1001	0
65	966	0
66	1020	0
67	1011	8
68	993	0
69	1032	0
70	979	2
71	1019	0
72	975	8
73	1003	9
74	1019	2
75	991	0
76	1021	0
77	964	0
78	987	3
79	979	0
80	1001	6
81	1019	0
82	1051	10
83	957	13
84	1001	0
85	1002	0
86	1011	21
87	1016	6
88	975	0
89	1011	1
90	970	0
91	1023	17
92	1006	0
93	993	0
94	993	0
95	993	15
96	1022	0
97	1016	0
98	990	0
99	967	0
100	993	0
101	1017	0
102	1003	0
103	948	6
104	987	5
105	999	0
106	965	14
107	982	3
108	1029	2
109	1025	13
110	1007	0
111	956	2
112	992	3
113	1003	0
114	954	0
115	1049	0
116	1002	0
117	997	0
118	984	0
119	981	0
120	1028	1
121	1008	0
122	990	0
123	1018	0
124	1027	0
125	1000	0
126	1028	0
127	994	2
128	1037	0
129	993	0
130	978	13
131	996	0
132	1025	14
133	1021	2
134	999	0
135	960	0
136	964	0
137	1041	0
138	1035	0
139	987	0
140	1043	5
141	986	1
142	998	13
143	982	0
144	1041	0
145	992	0
146	1011	0
147	996	5
148	1018	0
149	1014	0
150	1028	0
151	1004	0
152	972	0
153	994	1
154	1000	3
155	1017	0
156	1036	2
157	969	3
158	1024	2
159	1035	0
160	991	7
161	970	0
162	995	0
163	968	3
164	963	0
165	996	2
166	982	14
167	1029	2
168	1030	8
169	998	0
170	992	0
171	1016	0
172	978	0
173	999	0
174	1016	10
175	974	0
176	1008	0
177	1026	2
178	997	0
179	986	0
180	983	3
181	1011	19
182	1003	0
183	993	15
184	1018	0
185	1014	0
186	996	0
187	1006	0
188	985	0
189	986	16
190	994	1
191	1001	0
192	1014	4
193	965	18
194	983	1
195	980	0
196	1009	2
197	980	0
198	1024	0
199	998	3
200	1003	0
201	984	0
202	990	729
203	1015	490
204	986	266
205	1078	92
206	968	13
207	1024	3
208	1020	9
209	983	0
210	1000	10
211	1023	4
212	1015	0
213	942	4
214	1024	0
215	960	0
216	1003	4
217	1012	1
218	994	0
219	999	5
220	1027	0
221	982	0
222	988	9
223	966	1
224	1025	21
225	998	1
226	991	8
227	1032	1
228	984	10
229	998	4
230	962	0
231	1014	0
232	995	13
233	996	0
234	998	0
235	1016	0
236	999	0
237	1003	0
238	1018	4
239	964	8
240	1011	0
241	1057	2
242	1000	0
243	976	0
244	962	0
245	990	1
246	1032	0
247	990	2
248	1033	9
249	1019	0
250	993	0
251	1013	1
252	1026	0
253	975	0
254	1025	0
255	970	0
256	975	0
257	1016	1
258	997	0
259	1025	12
260	1010	0
261	1021	0
262	1000	0
263	1022	0
264	967	0
265	1035	6
266	984	0
267	997	0
268	985	0
269	1016	0
270	1004	34
271	1036	1
272	997	0
273	984	29
274	1018	0
275	988	0
276	995	0
277	1049	1
278	986	1
279	1030	0
280	995	12
281	989	0
282	1001	0
283	995	0
284	983	0
285	985	0
286	1025	0
287	1028	0
288	1021	0
289	973	0
290	1022	2
291	1013	8
292	1039	3
293	1044	4
294	1032	0
295	1027	6
296	1025	1
297	1012	3
298	989	0
299	994	4
300	996	20
301	993	0
302	1026	0
303	1020	31
304	975	0
305	982	0
306	1004	0
307	969	14
308	968	0
309	1018	14
310	1001	3
311	995	0
312	992	0
313	1007	2
314	970	0
315	1061	0
316	1016	0
317	977	0
318	985	0
319	997	0
320	989	0
321	1057	0
322	1038	2
323	997	0
324	972	4
325	1016	0
326	1013	1
327	1043	0
328	1017	0
329	988	0
330	1030	0
331	963	0
332	995	0
333	966	3
334	1016	0
335	994	3
336	998	1
337	986	0
338	981	0
339	1003	4
340	985	0
341	1009	0
342	1035	4
343	1017	0
344	994	0
345	1013	7
346	976	0
347	979	9
348	999	5
349	1045	0
350	1013	2
351	1014	0
352	999	3
353	986	2
354	985	0
355	1014	1
356	1011	10
357	999	1
358	1018	0
359	983	5
360	996	2
361	1015	2
362	1026	0
363	1024	1
364	985	5
365	1006	0
366	997	0
367	1015	0
368	1029	4
369	959	8
370	1008	1
371	1015	0
372	974	0
373	1024	0
374	1027	0
375	991	6
376	988	0
377	991	40
378	1008	0
379	941	0
380	981	0
381	970	0
382	1014	1
383	1003	0
384	1020	1
385	988	0
386	997	33
387	1004	1
388	981	0
389	1023	12
390	1016	0
391	1043	0
392	987	14
393	1015	0
394	1033	0
395	1030	0
396	986	0
397	1003	9
398	1008	2
399	1003	0
400	995	0
401	982	0
402	1026	726
403	980	491
404	978	287
405	991	124
406	1003	24
407	989	0
408	1005	0
409	986	0
410	1019	1
411	991	0
412	1001	0
413	1013	0
414	990	11
415	1006	1
416	1010	0
417	1016	0
418	988	0
419	1007	0
420	995	1
421	1002	0
422	992	1
423	982	0
424	959	1
425	1013	1
426	999	0
427	1026	0
428	1028	0
429	1019	0
430	1043	0
431	1007	0
432	1015	0
433	1055	0
434	1020	0
435	940	0
436	976	0
437	1049	9
438	1013	0
439	996	17
440	1000	0
441	952	0
442	1032	0
443	998	0
444	1003	13
445	982	0
446	1006	0
447	1018	0
448	1013	6
449	1009	0
450	1034	1
451	999	0
452	953	0
453	975	6
454	990	7
455	980	4
456	1000	5
457	993	0
458	991	0
459	1005	0
460	1013	0
461	1017	0
462	989	0
463	1005	6
464	955	13
465	1011	0
466	986	24
467	989	0
468	982	0
469	986	0
470	999	0
471	996	25
472	976	5
473	984	6
474	989	0
475	1045	0
476	1016	1
477	1017	0
478	1019	0
479	1009	11
480	1000	0
481	997	6
482	996	1
483	1001	1
484	972	0
485	981	0
486	955	13
487	1004	0
488	1041	5
489	1025	1
490	1006	0
491	1018	0
492	1020	0
493	1000	0
494	965	3
495	976	26
496	957	1
497	1020	0
498	1004	0
499	1006	0
500	967	0
501	1005	0
502	975	0
503	1077	0
504	999	0
505	994	0
506	981	4
507	997	0
508	1008	0
509	993	24
510	958	4
511	991	0
512	981	0
513	988	17
514	1028	0
515	981	0
516	1002	0
517	1046	5
518	992	0
519	1015	3
520	996	1
521	970	0
522	998	0
523	1013	8
524	965	2
525	1035	0
526	1020	0
527	997	0
528	1000	0
529	1002	1
530	1017	0
531	972	0
532	998	0
533	992	0
534	1007	23
535	1035	6
536	1001	0
537	963	0
538	975	0
539	978	0
540	1011	0
541	1012	2
542	992	4
543	1013	0
544	1019	2
545	1018	2
546	987	0
547	1034	0
548	1004	0
549	975	0
550	986	0
551	959	2
552	1006	2
553	1005	12
554	1053	0
555	974	0
556	1029	1
557	1001	21
558	1005	0
559	983	0
560	975	0
561	973	0
562	1020	0
563	1027	0
564	951	3
565	967	12
566	1029	0
567	1046	15
568	1004	0
569	976	6
570	1035	0
571	986	3
572	973	3
573	1044	9
574	991	0
575	1014	2
576	1004	1
577	962	1
578	982	0
579	1025	3
580	1008	0
581	980	4
582	1032	16
583	985	0
584	1001	0
585	1022	0
586	1034	8
587	1009	0
588	987	0
589	1022	6
590	1006	0
591	1012	0
592	979	0
593	991	0
594	1013	0
595	984	0
596	1017	9
597	998	0
598	955	4
599	995	1
600	1009	0
601	970	0
602	955	729
603	1022	502
604	1011	353
605	1005	116
606	974	19
607	993	5
608	1035	0
609	995	0
610	1020	0
611	1002	0
612	999	0
613	980	10
614	1000	0
615	983	0
616	966	2
617	990	1
618	1010	0
619	1033	0
620	1014	4
621	999	0
622	992	0
623	992	0
624	975	0
625	998	0
626	976	0
627	1023	0
628	1018	9
629	1000	17
630	1010	0
631	1032	3
632	1000	0
633	964	1
634	1021	0
635	976	0
636	981	21
637	984	0
638	1032	17
639	990	0
640	1009	1
641	947	0
642	1000	4
643	989	3
644	1007	0
645	992	11
646	1000	0
647	992	0
648	995	0
649	1012	22
650	967	4
651	974	19
652	1033	11
653	1067	9
654	993	0
655	1005	3
656	997	0
657	986	1
658	1030	0
659	969	13
660	974	0
661	1000	0
662	1028	12
663	993	1
664	970	27
665	1010	0
666	1006	0
667	1014	4
668	969	0
669	1002	9
670	962	28
671	1000	0
672	1039	1
673	981	0
674	988	0
675	1027	0
676	1019	0
677	1007	0
678	999	1
679	1006	0
680	1006	2
681	974	0
682	982	0
683	1017	0
684	998	0
685	994	0
686	1027	0
687	1024	0
688	1027	0
689	1022	0
690	1024	0
691	982	0
692	1000	1
693	984	0
694	954	8
695	991	8
696	1001	4
697	954	0
698	970	0
699	1003	6
700	979	0
701	977	16
702	1048	0
703	999	0
704	952	11
705	1022	1
706	1037	0
707	1021	0
708	1003	1
709	1001	10
710	1022	11
711	989	0
712	1023	0
713	938	0
714	998	3
715	957	0
716	997	0
717	968	0
718	998	0
719	1020	0
720	986	0
721	998	4
722	1002	0
723	1020	0
724	977	15
725	1006	0
726	970	6
727	985	0
728	990	0
729	1007	1
730	988	2
731	1003	1
732	1014	0
733	973	14
734	1015	12
735	1022	0
736	1043	11
737	1019	0
738	991	0
739	989	3
740	987	0
741	986	20
742	998	0
743	974	8
744	998	0
745	978	8
746	1004	7
747	969	0
748	983	0
749	1026	0
750	1026	8
751	1008	9
752	1011	0
753	1011	7
754	993	0
755	1015	2
756	1008	0
757	986	11
758	993	25
759	975	7
760	964	2
761	986	28
762	1012	0
763	1014	0
764	974	18
765	988	0
766	984	1
767	968	0
768	1050	0
769	1030	0
770	982	12
771	956	0
772	987	4
773	1007	1
774	1007	0
775	1016	0
776	994	4
777	997	2
778	1009	20
779	998	0
780	993	1
781	965	0
782	999	1
783	990	0
784	997	0
785	973	3
786	1016	0
787	956	0
788	1013	0
789	1021	2
790	988	9
791	1004	0
792	1015	0
793	954	16
794	989	1
795	993	1
796	965	15
797	991	0
798	981	29
799	970	0
800	1014	0
801	996	0
802	977	788
803	1023	561
804	1014	315
805	1038	118
806	1008	11
807	986	1
808	998	1
809	1032	0
810	996	0
811	1025	0
812	994	0
813	981	0
814	993	0
815	1006	0
816	979	34
817	996	1
818	981	6
819	969	1
820	1015	1
821	1012	0
822	1015	7
823	984	0
824	1012	0
825	1015	2
826	999	0
827	1004	11
828	1024	3
829	1018	0
830	1001	0
831	996	0
832	1002	0
833	1018	5
834	1018	0
835	969	22
836	1009	0
837	982	0
838	982	26
839	972	2
840	955	0
841	1010	0
842	1037	0
843	979	0
844	1028	2
845	1031	0
846	1014	0
847	1028	0
848	1011	0
849	992	0
850	1028	6
851	1024	0
852	1004	0
853	1005	0
854	1024	0
855	1007	0
856	1004	0
857	994	2
858	1013	5
859	988	0
860	1004	0
861	1019	0
862	985	0
863	1014	0
864	1001	0
865	1021	9
866	990	0
867	967	13
868	991	0
869	962	0
870	989	0
871	988	0
872	991	5
873	997	15
874	963	10
875	978	10
876	1001	13
877	998	0
878	1003	0
879	1005	0
880	1039	0
881	1022	14
882	975	0
883	1000	1
884	973	0
885	987	11
886	1017	0
887	1008	0
888	968	0
889	981	15
890	975	0
891	999	11
892	1014	3
893	1023	14
894	1010	0
895	995	0
896	999	5
897	1012	0
898	1002	9
899	982	12
900	1008	0
901	948	29
902	998	3
903	987	2
904	1001	2
905	1016	0
906	997	0
907	992	0
908	1013	0
909	982	0
910	981	6
911	1015	0
912	957	0
913	986	9
914	1026	0
915	992	4
916	992	0
917	1007	4
918	997	3
919	987	0
920	995	0
921	961	0
922	1037	0
923	1009	0
924	989	24
925	1016	0
926	994	25
927	1043	10
928	967	16
929	1021	0
930	1012	0
931	1014	7
932	986	0
933	1001	0
934	995	6
935	983	0
936	982	0
937	986	0
938	1012	18
939	992	6
940	1036	16
941	1039	1
942	981	29
943	1024	5
944	1036	0
945	1001	0
946	1013	1
947	1065	0
948	1024	0
949	983	2
950	992	0
951	1028	0
952	1010	0
953	1039	0
954	1052	0
955	995	17
956	1013	0
957	979	0
958	973	0
959	1023	0
960	1005	2
961	1011	9
962	1013	0
963	1041	0
964	1017	15
965	1040	0
966	1002	0
967	994	0
968	1002	0
969	1002	0
970	1003	0
971	981	3
972	977	14
973	1004	0
974	1010	4
975	969	0
976	958	0
977	988	0
978	978	6
979	1037	3
980	972	0
981	1036	5
982	1006	0
983	986	0
984	1001	0
985	1017	0
986	980	0
987	1027	1
988	973	7
989	1000	3
990	996	0
991	1012	18
992	993	5
993	988	0
994	984	42
995	955	0
996	1004	0
997	1015	14
998	1024	0
999	1025	0
