0	2000	0
1	992	25
2	988	12
3	1022	32
4	1024	25
5	997	37
6	980	26
7	1003	23
8	1029	11
9	984	19
10	975	26
11	1000	43
12	1022	37
13	1005	23
14	964	32
15	966	11
16	990	53
17	1003	44
18	1011	33
19	997	38
20	1007	36
21	1019	21
22	999	23
23	1034	29
24	1012	7
25	970	40
26	1020	17
27	981	17
28	1029	45
29	1011	45
30	1023	27
31	1011	19
32	1006	32
33	1044	28
34	1013	23
35	1036	23
36	1024	15
37	987	10
38	1020	18
39	966	8
40	1006	11
41	984	8
42	1008	38
43	995	27
44	937	31
45	977	42
46	988	46
47	980	1
48	988	42
49	1012	41
50	1006	31
51	981	2
52	970	33
53	1019	22
54	1009	25
55	1029	23
56	1010	29
57	999	46
58	1015	27
59	980	20
60	1023	12
61	1015	39
62	1014	48
63	1030	26
64	1018	24
65	969	14
66	1031	13
67	995	29
68	999	19
69	993	26
70	998	12
71	1002	25
72	1065	42
73	981	30
74	1000	42
75	978	38
76	999	28
77	992	31
78	1035	37
79	975	52
80	986	30
81	1025	26
82	1012	34
83	1026	11
84	1014	30
85	979	51
86	988	43
87	954	42
88	1013	26
89	1019	21
90	976	24
91	1006	43
92	1012	50
93	1035	33
94	1024	39
95	981	42
96	1007	25
97	1007	29
98	1018	31
99	1007	38
100	998	30
101	1044	49
102	1022	30
103	974	20
104	991	32
105	1001	38
106	1025	18
107	998	30
108	1002	25
109	1015	37
110	997	26
111	1026	26
112	964	26
113	1021	30
114	1004	46
115	1037	27
116	1023	22
117	1000	11
118	992	27
119	981	32
120	996	21
121	1026	13
122	1098	21
123	1007	14
124	1004	12
125	984	14
126	996	38
127	955	42
128	1019	58
129	1009	31
130	998	24
131	1026	13
132	963	26
133	1024	15
134	1036	36
135	993	25
136	968	31
137	1039	21
138	984	31
139	1006	25
140	1010	30
141	998	16
142	984	17
143	990	32
144	993	35
145	981	25
146	995	1
147	1005	19
148	1024	34
149	992	45
150	1008	31
151	1013	19
152	1048	9
153	991	38
154	1040	31
155	999	27
156	1020	31
157	999	26
158	965	32
159	997	45
160	965	29
161	973	41
162	976	36
163	1016	32
164	1000	17
165	1010	26
166	990	38
167	1008	39
168	990	26
169	973	24
170	1010	31
171	997	37
172	991	35
173	1005	27
174	965	11
175	988	40
176	980	33
177	1030	28
178	974	10
179	999	6
180	972	53
181	963	20
182	1018	18
183	971	35
184	1019	35
185	982	60
186	1002	31
187	1002	20
188	963	20
189	980	37
190	975	25
191	1021	37
192	1020	56
193	950	56
194	982	41
195	962	35
196	1010	26
197	999	17
198	1005	34
199	1004	37
200	1020	3
201	1022	0
202	1004	16
203	995	17
204	1019	20
205	1017	0
206	1009	20
207	1004	11
208	1000	34
209	1002	31
210	1075	23
211	1049	41
212	977	30
213	1021	17
214	1054	25
215	989	39
216	1008	30
217	974	27
218	976	28
219	1014	35
220	1057	26
221	974	29
222	1016	30
223	980	19
224	971	36
225	998	34
226	974	33
227	998	35
228	1009	32
229	993	16
230	985	44
231	1034	61
232	1001	33
233	1036	29
234	998	7
235	990	6
236	988	8
237	1018	61
238	986	56
239	991	32
240	996	30
241	1028	25
242	1033	31
243	1002	43
244	996	19
245	1009	5
246	1019	17
247	1002	36
248	1002	31
249	1004	13
250	1012	12
251	978	21
252	1010	41
253	1055	37
254	962	11
255	1025	31
256	988	34
257	1003	41
258	1006	21
259	1043	39
260	1001	20
261	996	40
262	1008	39
263	982	17
264	989	4
265	995	28
266	1030	39
267	1009	78
268	983	64
269	939	40
270	956	36
271	997	12
272	1015	27
273	981	39
274	1012	40
275	945	27
276	967	11
277	994	34
278	1015	22
279	1011	33
280	1032	36
281	1026	24
282	1015	7
283	1013	15
284	1001	7
285	970	33
286	1008	41
287	1013	19
288	1007	34
289	983	18
290	990	16
291	998	19
292	1011	17
293	1002	20
294	1017	31
295	1054	48
296	998	39
297	1007	32
298	1004	40
299	984	45
300	1024	22
301	1016	37
302	986	24
303	997	34
304	978	24
305	997	17
306	1040	29
307	1005	22
308	1000	15
309	1009	20
310	1003	28
311	993	18
312	1006	33
313	1011	19
314	1014	35
315	1016	48
316	1016	54
317	1026	34
318	1019	63
319	1030	46
320	1015	29
321	967	10
322	1028	10
323	1003	40
324	992	28
325	1012	16
326	992	59
327	999	54
328	1000	36
329	1004	38
330	1038	36
331	966	41
332	981	28
333	981	33
334	1024	34
335	981	28
336	1005	33
337	1023	16
338	1031	31
339	979	47
340	1008	29
341	997	37
342	967	25
343	1004	10
344	1000	37
345	1008	29
346	1010	31
347	995	44
348	998	57
349	1020	43
350	1022	30
351	1003	35
352	994	22
353	955	23
354	956	29
355	979	32
356	997	1
357	994	24
358	1009	22
359	1052	22
360	1014	32
361	996	14
362	997	25
363	1031	17
364	969	35
365	1021	17
366	993	18
367	1001	32
368	993	18
369	953	30
370	1003	42
371	984	26
372	1005	33
373	1021	20
374	1024	29
375	1065	18
376	971	4
377	1017	0
378	1006	15
379	972	20
380	982	35
381	981	30
382	970	11
383	991	15
384	1030	21
385	1018	20
386	1010	30
387	1003	44
388	992	46
389	1010	34
390	1046	32
391	1022	56
392	999	63
393	990	7
394	971	3
395	991	0
396	984	33
397	1055	27
398	986	55
399	1029	48
400	986	4
401	1050	0
402	963	35
403	988	40
404	974	18
405	1038	12
406	967	32
407	1017	31
408	957	30
409	1021	15
410	1019	3
411	1026	24
412	1000	44
413	952	61
414	1000	33
415	1031	50
416	1024	47
417	967	27
418	1003	14
419	991	20
420	992	36
421	1021	18
422	970	29
423	1037	19
424	997	35
425	1007	12
426	1029	28
427	955	39
428	999	53
429	970	43
430	1024	37
431	975	35
432	1024	23
433	1040	31
434	1018	32
435	1003	45
436	955	45
437	1025	36
438	984	28
439	984	39
440	1016	18
441	996	23
442	1030	13
443	1031	38
444	1006	18
445	989	24
446	1029	17
447	1032	54
448	974	57
449	996	35
450	999	29
451	952	34
452	1014	22
453	989	55
454	994	25
455	935	26
456	1015	22
457	1019	38
458	988	26
459	982	26
460	1010	9
461	997	16
462	1010	27
463	967	18
464	1038	33
465	1020	26
466	1005	21
467	1014	16
468	999	28
469	1011	34
470	996	31
471	990	26
472	1016	0
473	950	32
474	984	37
475	969	9
476	1007	0
477	997	18
478	1031	50
479	1001	43
480	993	31
481	984	10
482	1026	20
483	1000	32
484	1006	44
485	987	38
486	1000	44
487	1062	46
488	1029	38
489	1033	38
490	1001	17
491	998	31
492	1022	42
493	1003	42
494	980	35
495	1012	21
496	1026	20
497	1036	19
498	977	33
499	995	45
500	995	22
501	1006	20
502	1006	19
503	991	41
504	966	49
505	1038	25
506	974	25
507	1013	20
508	1018	8
509	979	29
510	1046	39
511	981	21
512	1019	16
513	1016	18
514	981	4
515	976	36
516	980	36
517	950	44
518	1008	36
519	959	16
520	962	2
521	1034	38
522	1000	44
523	982	21
524	975	25
525	1003	7
526	991	28
527	998	39
528	1007	43
529	989	23
530	992	36
531	981	50
532	1008	33
533	1004	20
534	994	25
535	1040	10
536	1014	23
537	1033	43
538	984	2
539	1005	2
540	1008	35
541	1012	40
542	1038	50
543	1014	45
544	1023	33
545	964	58
546	998	39
547	1012	21
548	998	33
549	953	30
550	976	21
551	1008	23
552	1014	27
553	1000	44
554	1013	38
555	943	50
556	1033	28
557	1005	44
558	999	13
559	988	19
560	989	21
561	1006	31
562	998	47
563	1019	12
564	981	12
565	989	30
566	1039	8
567	993	41
568	982	35
569	989	39
570	1041	12
571	1015	35
572	987	46
573	994	49
574	970	32
575	976	38
576	1002	29
577	1012	31
578	987	35
579	1014	31
580	1000	31
581	985	25
582	1015	15
583	1018	43
584	988	40
585	1019	56
586	997	33
587	1008	52
588	1031	41
589	978	52
590	970	51
591	974	31
592	1013	15
593	996	26
594	988	43
595	983	18
596	1024	51
597	992	47
598	1006	60
599	999	18
600	1026	1
601	1005	0
602	1009	4
603	986	7
604	1020	39
605	992	48
606	1001	13
607	1001	31
608	1015	20
609	1009	0
610	1039	19
611	998	17
612	979	19
613	960	40
614	953	44
615	977	44
616	976	18
617	996	21
618	1022	41
619	953	34
620	1003	23
621	969	17
622	1009	29
623	984	8
624	986	23
625	1012	48
626	1011	29
627	988	38
628	961	25
629	995	5
630	999	40
631	995	45
632	1060	30
633	956	61
634	984	5
635	1047	20
636	1025	37
637	1014	23
638	1014	26
639	1003	33
640	1005	45
641	977	42
642	996	36
643	982	22
644	993	29
645	1030	38
646	980	6
647	1001	30
648	948	58
649	967	37
650	988	33
651	1008	31
652	1010	27
653	1017	9
654	1004	46
655	974	41
656	966	22
657	1008	24
658	995	22
659	989	20
660	956	15
661	1004	30
662	1002	30
663	996	32
664	973	33
665	981	23
666	978	24
667	986	14
668	990	19
669	1010	13
670	998	13
671	975	43
672	982	27
673	928	44
674	957	27
675	1028	5
676	992	0
677	977	47
678	1006	51
679	989	25
680	1044	5
681	1063	17
682	1030	41
683	994	21
684	1002	26
685	1021	36
686	993	26
687	996	45
688	953	23
689	1020	40
690	972	30
691	999	1
692	1017	6
693	1026	37
694	971	29
695	984	45
696	999	17
697	996	3
698	987	39
699	997	26
700	987	41
701	1003	61
702	1008	41
703	1004	35
704	988	31
705	988	9
706	1011	51
707	997	22
708	988	35
709	982	29
710	1023	40
711	1030	40
712	1034	40
713	1006	19
714	1013	15
715	973	20
716	969	28
717	1002	31
718	943	49
719	1013	32
720	1014	23
721	1015	20
722	1000	27
723	1016	55
724	970	36
725	972	22
726	1000	26
727	973	33
728	984	41
729	963	33
730	1000	39
731	979	30
732	973	9
733	1013	27
734	985	15
735	999	22
736	973	18
737	944	22
738	1026	7
739	968	10
740	988	35
741	1028	47
742	997	23
743	950	16
744	1049	51
745	1009	59
746	1014	22
747	1027	45
748	987	30
749	968	34
750	993	36
751	991	25
752	999	18
753	970	15
754	1012	0
755	1029	23
756	986	25
757	1030	37
758	966	37
759	990	16
760	1013	39
761	1017	33
762	1000	35
763	1024	30
764	1006	25
765	1022	27
766	1010	24
767	1021	26
768	988	20
769	988	6
770	1003	39
771	995	36
772	941	39
773	986	40
774	992	5
775	1001	9
776	996	24
777	1029	37
778	997	16
779	991	39
780	1014	50
781	983	37
782	990	7
783	1019	14
784	962	39
785	1036	19
786	1022	25
787	966	49
788	986	66
789	994	34
790	993	31
791	1001	46
792	1010	15
793	968	51
794	991	11
795	967	26
796	980	21
797	1002	20
798	1021	19
799	974	32
800	998	0
801	943	0
802	1021	0
803	985	0
804	969	0
805	974	29
806	1009	32
807	989	24
808	1027	59
809	976	50
810	1024	43
811	1030	7
812	1001	60
813	969	4
814	979	0
815	1031	56
816	1021	63
817	1004	24
818	980	18
819	999	14
820	987	22
821	1025	25
822	1036	3
823	1003	0
824	1005	0
825	991	3
826	1013	11
827	969	23
828	978	45
829	990	46
830	964	67
831	970	16
832	961	0
833	975	35
834	1032	22
835	1010	28
836	971	14
837	953	29
838	974	32
839	1023	20
840	982	26
841	1019	32
842	1000	18
843	991	21
844	988	35
845	985	39
846	997	31
847	999	16
848	972	18
849	1007	44
850	993	39
851	1033	28
852	1004	9
853	969	11
854	991	12
855	1011	30
856	958	6
857	1044	57
858	1015	50
859	1016	17
860	1036	49
861	1013	52
862	984	45
863	957	29
864	995	45
865	999	60
866	1014	17
867	1049	17
868	1014	9
869	946	23
870	988	27
871	950	44
872	1017	22
873	1025	34
874	999	47
875	991	7
876	1022	0
877	1015	8
878	982	44
879	990	28
880	1005	32
881	990	32
882	1031	28
883	1029	35
884	1011	31
885	1003	15
886	1017	25
887	1025	28
888	989	16
889	993	38
890	991	20
891	1018	1
892	998	20
893	995	1
894	1037	5
895	997	31
896	1006	24
897	980	36
898	1052	47
899	980	32
900	1037	35
901	1047	29
902	967	47
903	1021	21
904	992	59
905	1008	25
906	1017	46
907	983	41
908	977	52
909	967	6
910	1030	17
911	995	0
912	990	0
913	1007	3
914	969	22
915	1017	21
916	1018	17
917	995	57
918	1008	40
919	995	26
920	975	17
921	991	45
922	998	41
923	975	23
924	1016	19
925	997	11
926	989	14
927	1009	49
928	1011	11
929	999	13
930	1002	14
931	1058	22
932	1004	24
933	998	5
934	985	33
935	1005	44
936	984	26
937	973	5
938	1000	26
939	998	45
940	1011	59
941	1027	38
942	1000	35
943	1016	23
944	1039	16
945	993	54
946	1006	28
947	990	30
948	1005	25
949	1019	30
950	1043	21
951	1002	15
952	1028	28
953	990	48
954	963	17
955	1013	13
956	985	6
957	1000	0
958	1019	1
959	1042	45
960	1005	21
961	971	21
962	991	38
963	975	64
964	991	26
965	1011	13
966	990	30
967	1027	33
968	989	41
969	1003	60
970	1025	31
971	1013	32
972	1008	34
973	978	35
974	964	8
975	994	21
976	1016	25
977	1000	14
978	1001	5
979	973	4
980	1041	16
981	991	62
982	1012	56
983	1009	45
984	995	34
985	1026	25
986	989	30
987	1013	10
988	983	42
989	1005	45
990	1044	20
991	1000	17
992	1011	38
993	1013	27
994	1030	6
995	959	9
996	972	35
997	994	10
998	984	13
999	1023	15
