0	2000	0
1	1014	1
2	1016	0
3	1041	2
4	1063	0
5	1012	1
6	1036	0
7	1060	0
8	1006	0
9	1022	0
10	1009	1
11	997	0
12	972	0
13	980	0
14	1006	0
15	972	1
16	1008	3
17	1021	0
18	978	1
19	1001	1
20	1013	0
21	987	0
22	1036	0
23	1002	0
24	1009	0
25	961	3
26	973	0
27	1005	0
28	980	0
29	992	0
30	995	0
31	993	0
32	984	0
33	1027	0
34	1014	0
35	1007	3
36	1018	0
37	965	0
38	1014	0
39	993	0
40	1013	0
41	1007	0
42	993	0
43	996	0
44	995	0
45	1027	0
46	1043	0
47	988	0
48	1024	0
49	1010	1
50	996	0
51	982	0
52	1032	0
53	1014	0
54	975	0
55	1015	2
56	1002	2
57	1034	0
58	1030	0
59	982	0
60	1005	0
61	1007	3
62	1005	0
63	987	0
64	999	0
65	1027	0
66	1015	0
67	999	0
68	990	0
69	972	0
70	994	0
71	1013	1
72	1023	0
73	980	4
74	1053	1
75	985	0
76	966	0
77	993	1
78	996	2
79	1003	0
80	1024	0
81	1000	0
82	1008	0
83	985	2
84	1025	0
85	1003	0
86	999	2
87	989	0
88	985	0
89	1024	0
90	1016	0
91	1009	0
92	1035	0
93	997	1
94	1017	0
95	1002	0
96	986	0
97	1038	0
98	1003	0
99	983	2
100	992	0
101	1008	0
102	1021	0
103	982	0
104	983	1
105	986	0
106	1018	0
107	990	0
108	980	0
109	991	0
110	1009	0
111	1010	0
112	1019	0
113	1024	0
114	1007	0
115	1004	0
116	1034	0
117	992	1
118	979	0
119	985	0
120	997	0
121	989	1
122	982	4
123	1012	0
124	1028	0
125	1005	0
126	1035	0
127	973	0
128	964	0
129	1002	1
130	1002	1
131	1019	0
132	1009	0
133	970	0
134	962	0
135	1040	0
136	1016	0
137	1017	0
138	999	0
139	1023	2
140	985	0
141	1015	0
142	980	0
143	952	0
144	993	0
145	977	0
146	984	4
147	1029	2
148	970	1
149	1013	0
150	991	0
151	1014	0
152	981	0
153	1024	0
154	1022	0
155	1014	0
156	1010	0
157	1025	0
158	1030	0
159	1002	0
160	998	0
161	1002	0
162	954	0
163	962	1
164	993	0
165	1018	0
166	998	0
167	979	6
168	1025	1
169	999	1
170	991	0
171	1008	0
172	1022	0
173	977	2
174	1003	0
175	1023	0
176	1021	1
177	1006	0
178	985	0
179	1008	0
180	971	0
181	1012	0
182	992	0
183	1013	0
184	998	0
185	1000	0
186	973	0
187	1010	1
188	964	0
189	985	0
190	1031	0
191	1000	0
192	988	1
193	1015	0
194	1019	0
195	989	0
196	953	0
197	1018	0
198	1026	0
199	996	1
200	994	0
201	985	4
202	1019	0
203	1032	0
204	977	0
205	979	0
206	974	0
207	1010	0
208	1020	0
209	1008	1
210	1007	1
211	1028	0
212	989	0
213	992	0
214	1032	0
215	1013	0
216	934	0
217	992	0
218	993	0
219	985	0
220	980	5
221	986	0
222	1020	1
223	982	0
224	991	0
225	1003	0
226	1023	0
227	969	4
228	973	0
229	998	0
230	1006	0
231	965	0
232	1027	0
233	972	0
234	960	0
235	1038	0
236	967	0
237	1031	1
238	974	0
239	949	0
240	990	0
241	991	0
242	1010	0
243	1004	1
244	1018	0
245	952	0
246	1003	0
247	982	0
248	1008	0
249	968	0
250	1015	0
251	1013	0
252	976	0
253	1001	0
254	999	3
255	1005	0
256	995	0
257	1024	0
258	1006	0
259	1001	4
260	1021	2
261	1017	3
262	986	0
263	1014	0
264	980	0
265	1000	0
266	1016	0
267	995	0
268	1042	0
269	968	0
270	1003	1
271	990	0
272	990	1
273	978	0
274	1032	0
275	1015	0
276	994	0
277	1027	0
278	1020	0
279	1007	2
280	982	0
281	1033	0
282	1021	1
283	1010	0
284	995	0
285	994	1
286	977	0
287	965	0
288	1010	0
289	1011	0
290	1027	0
291	988	0
292	1023	0
293	1023	0
294	1009	0
295	1055	0
296	994	0
297	992	0
298	977	0
299	1014	0
300	997	0
301	1012	0
302	972	1
303	968	0
304	1007	0
305	1016	0
306	1012	1
307	979	0
308	1001	0
309	961	0
310	1016	0
311	973	0
312	995	0
313	1030	1
314	1016	0
315	963	0
316	965	0
317	996	0
318	1007	0
319	1041	0
320	1003	0
321	967	0
322	1051	0
323	986	0
324	1021	0
325	1049	0
326	979	0
327	990	1
328	1014	0
329	1001	0
330	1006	0
331	963	0
332	983	0
333	1014	0
334	1007	0
335	1000	0
336	1006	0
337	1009	0
338	981	0
339	991	0
340	1003	0
341	999	0
342	1020	0
343	1015	0
344	1022	0
345	990	0
346	985	0
347	997	0
348	961	0
349	982	0
350	976	0
351	1017	0
352	982	0
353	1042	0
354	990	0
355	1034	0
356	1026	0
357	1001	0
358	994	3
359	1024	2
360	988	0
361	974	0
362	1005	1
363	1016	0
364	964	0
365	948	0
366	1010	0
367	993	0
368	963	0
369	1032	0
370	990	0
371	1037	0
372	1036	0
373	966	1
374	993	0
375	1009	0
376	1018	0
377	1042	0
378	1029	0
379	1001	0
380	1006	1
381	1018	0
382	1017	0
383	1015	3
384	969	0
385	1004	0
386	1035	0
387	1027	0
388	1017	0
389	1017	0
390	1031	0
391	969	0
392	1001	0
393	926	0
394	1000	0
395	1011	0
396	1021	0
397	998	0
398	988	0
399	972	0
400	986	1
401	1002	0
402	1005	0
403	1046	0
404	980	0
405	1047	0
406	989	0
407	997	0
408	990	0
409	994	2
410	984	0
411	992	0
412	940	0
413	1014	0
414	1036	0
415	1009	1
416	991	2
417	986	0
418	990	0
419	966	0
420	996	0
421	987	0
422	1004	0
423	990	0
424	1015	0
425	1034	0
426	1022	3
427	994	0
428	986	0
429	965	0
430	1065	0
431	1007	0
432	1007	0
433	992	0
434	991	0
435	1004	1
436	1005	0
437	995	0
438	1000	0
439	971	0
440	1017	2
441	987	2
442	1003	0
443	984	0
444	1017	0
445	1007	0
446	1042	0
447	982	1
448	984	1
449	974	0
450	1037	0
451	969	0
452	1010	1
453	1004	0
454	1018	0
455	972	1
456	1030	0
457	1022	0
458	991	0
459	988	3
460	978	1
461	981	0
462	1046	0
463	1026	0
464	957	0
465	1015	0
466	990	0
467	988	0
468	1001	0
469	1001	0
470	970	0
471	1035	0
472	1014	0
473	1006	0
474	1013	0
475	1043	0
476	1000	0
477	1004	1
478	1032	0
479	1037	0
480	1056	0
481	987	0
482	1037	0
483	1003	1
484	1002	0
485	1032	0
486	964	0
487	1027	1
488	1016	2
489	1016	0
490	1043	0
491	1003	0
492	994	0
493	996	0
494	1010	0
495	1030	0
496	1008	0
497	1011	0
498	995	0
499	973	0
500	966	0
501	991	0
502	1014	0
503	1000	0
504	1001	0
505	993	1
506	986	0
507	981	0
508	1017	2
509	1008	1
510	998	0
511	1028	1
512	1036	3
513	997	1
514	990	0
515	965	0
516	1017	0
517	1008	0
518	1001	0
519	966	0
520	994	0
521	1023	0
522	1035	0
523	983	0
524	1022	1
525	959	3
526	1019	0
527	993	0
528	1018	0
529	980	0
530	995	0
531	1033	0
532	1016	0
533	974	0
534	993	0
535	981	0
536	992	0
537	1042	0
538	996	1
539	1037	0
540	1016	0
541	1041	0
542	972	0
543	1001	0
544	1022	1
545	1010	0
546	995	0
547	978	0
548	1016	0
549	1020	0
550	1023	0
551	1032	0
552	979	0
553	1032	0
554	990	0
555	968	0
556	1032	0
557	991	4
558	992	2
559	1025	0
560	1025	0
561	954	0
562	971	0
563	1029	0
564	990	0
565	993	0
566	1030	0
567	1010	0
568	991	0
569	1001	1
570	1038	0
571	1033	0
572	1014	0
573	1024	0
574	1011	0
575	1024	0
576	979	0
577	989	0
578	1024	0
579	1028	0
580	1002	0
581	955	1
582	1027	0
583	1004	0
584	1026	0
585	971	0
586	1002	0
587	993	0
588	1001	1
589	1012	0
590	1010	1
591	971	5
592	975	0
593	969	0
594	1001	0
595	985	0
596	993	0
597	1014	0
598	1028	0
599	997	0
600	997	2
601	1004	0
602	1009	0
603	996	0
604	977	1
605	948	0
606	996	0
607	1018	0
608	1035	0
609	973	0
610	981	0
611	987	0
612	967	0
613	1049	0
614	1017	0
615	1004	0
616	1015	0
617	1007	0
618	1005	0
619	995	0
620	992	0
621	1039	0
622	974	1
623	989	0
624	1016	0
625	994	0
626	1004	0
627	992	0
628	1015	0
629	970	0
630	935	0
631	1016	1
632	1065	0
633	1013	0
634	989	0
635	1014	0
636	976	0
637	1003	0
638	978	0
639	1004	1
640	1009	0
641	1023	0
642	976	0
643	994	0
644	985	1
645	973	0
646	1035	0
647	1034	1
648	1030	0
649	977	0
650	1001	0
651	1017	2
652	1008	2
653	1014	3
654	1003	0
655	990	1
656	990	0
657	979	0
658	1000	0
659	1017	1
660	981	2
661	1018	0
662	972	0
663	1014	0
664	995	0
665	970	0
666	1016	1
667	997	0
668	986	0
669	1012	1
670	993	0
671	1053	0
672	999	2
673	982	0
674	1049	0
675	951	0
676	988	1
677	1011	0
678	999	0
679	1011	0
680	1013	0
681	970	0
682	977	0
683	984	1
684	997	0
685	976	0
686	1016	0
687	1002	0
688	1011	0
689	1061	0
690	1033	0
691	1039	0
692	1019	0
693	954	0
694	1020	0
695	993	1
696	977	0
697	1001	0
698	964	0
699	1006	0
700	1017	2
701	967	0
702	975	1
703	1000	2
704	1037	0
705	993	0
706	972	0
707	988	0
708	1008	0
709	973	1
710	972	0
711	1001	0
712	977	2
713	985	0
714	996	0
715	1034	0
716	1003	0
717	1040	0
718	1017	0
719	1012	0
720	1021	2
721	986	0
722	980	0
723	979	0
724	989	0
725	970	0
726	977	0
727	956	0
728	993	0
729	1025	0
730	1002	1
731	991	0
732	1010	0
733	1014	0
734	1008	0
735	1009	0
736	985	0
737	996	0
738	1019	0
739	1006	0
740	989	0
741	998	0
742	1003	0
743	963	0
744	1020	0
745	1019	0
746	986	0
747	1009	0
748	1005	0
749	1005	0
750	1020	0
751	979	0
752	1008	0
753	994	0
754	1029	0
755	1025	0
756	1002	0
757	996	0
758	981	0
759	994	0
760	1007	0
761	1024	0
762	988	0
763	1008	0
764	1041	0
765	1020	4
766	1008	4
767	974	1
768	1018	0
769	1009	0
770	1027	0
771	998	3
772	1009	1
773	1028	0
774	985	0
775	983	0
776	992	0
777	981	3
778	986	3
779	1005	0
780	983	0
781	1016	0
782	1001	0
783	994	0
784	946	0
785	979	0
786	979	0
787	996	0
788	1003	0
789	1002	0
790	976	0
791	1009	0
792	987	0
793	1034	0
794	976	0
795	975	0
796	970	0
797	1000	0
798	972	0
799	1033	0
800	1004	0
801	987	0
802	997	0
803	1022	0
804	1007	0
805	1002	0
806	1010	0
807	1012	1
808	1001	0
809	982	0
810	1013	0
811	1000	0
812	944	0
813	987	0
814	981	0
815	1006	0
816	996	0
817	1026	0
818	994	0
819	1035	2
820	1027	0
821	972	0
822	984	0
823	1000	0
824	996	1
825	1002	3
826	963	0
827	1002	1
828	994	0
829	1005	0
830	1006	0
831	961	0
832	1034	0
833	969	0
834	1048	0
835	1026	0
836	1011	3
837	1019	1
838	1016	2
839	997	0
840	964	0
841	993	0
842	1011	0
843	1007	0
844	999	0
845	968	0
846	987	0
847	1014	0
848	960	0
849	1044	1
850	976	0
851	1004	0
852	1009	0
853	1034	0
854	1028	0
855	985	0
856	1018	1
857	1062	1
858	968	1
859	993	0
860	1010	0
861	980	1
862	979	0
863	969	0
864	1012	0
865	1017	0
866	1016	0
867	1003	0
868	961	0
869	1008	0
870	972	1
871	1003	0
872	1040	0
873	1007	3
874	962	0
875	1074	0
876	1032	0
877	955	0
878	1034	0
879	1040	0
880	992	0
881	970	0
882	971	0
883	981	0
884	1016	0
885	1004	0
886	1004	0
887	1025	0
888	957	4
889	1003	4
890	1020	0
891	990	0
892	1023	0
893	996	1
894	1026	0
895	998	0
896	972	0
897	996	0
898	1048	0
899	975	0
900	1020	0
901	992	0
902	1006	0
903	993	0
904	1017	0
905	1015	1
906	998	4
907	1004	1
908	1024	0
909	1037	0
910	1026	0
911	1023	0
912	944	0
913	975	0
914	1033	0
915	952	0
916	1005	0
917	1001	0
918	989	0
919	994	0
920	994	0
921	939	0
922	979	1
923	961	0
924	1001	0
925	1028	0
926	965	0
927	968	0
928	959	1
929	1004	0
930	958	0
931	991	1
932	1020	0
933	1011	0
934	965	0
935	998	0
936	1011	0
937	1001	0
938	943	0
939	1016	0
940	1018	0
941	990	0
942	995	0
943	958	2
944	1017	0
945	992	0
946	992	0
947	997	0
948	966	0
949	996	0
950	996	0
951	991	0
952	965	0
953	971	0
954	1027	0
955	993	0
956	1006	0
957	985	0
958	1017	0
959	1029	0
960	983	0
961	930	0
962	1019	0
963	1029	0
964	1008	0
965	1018	0
966	968	0
967	973	1
968	1017	0
969	1009	0
970	962	3
971	1014	1
972	979	0
973	1024	0
974	1013	0
975	1023	0
976	1031	0
977	998	0
978	983	0
979	1003	0
980	998	0
981	980	0
982	973	0
983	978	0
984	978	0
985	991	3
986	1014	0
987	968	0
988	985	0
989	999	0
990	1008	0
991	1027	0
992	997	0
993	1001	0
994	992	0
995	982	0
996	970	0
997	969	0
998	982	0
999	1021	0
