0	500	0
1	274	1
2	250	1
3	246	2
4	241	1
5	253	2
6	246	1
7	249	4
8	250	0
9	262	4
10	255	1
11	229	3
12	253	2
13	247	2
14	248	1
15	237	0
16	241	2
17	264	3
18	247	1
19	273	1
20	262	1
21	247	4
22	240	2
23	258	1
24	245	3
25	246	2
26	258	0
27	267	0
28	252	1
29	262	2
30	265	2
31	232	0
32	245	1
33	257	1
34	242	2
35	249	3
36	264	1
37	254	0
38	246	1
39	242	1
40	249	0
41	252	0
42	258	0
43	248	3
44	255	1
45	235	5
46	254	2
47	219	2
48	259	1
49	258	1
50	246	1
51	266	2
52	245	1
53	265	1
54	242	2
55	265	2
56	237	1
57	237	0
58	241	2
59	274	2
60	248	2
61	263	1
62	262	2
63	233	3
64	237	1
65	261	1
66	255	1
67	247	3
68	256	1
69	247	0
70	250	0
71	254	1
72	246	1
73	250	3
74	241	5
75	245	1
76	246	0
77	252	1
78	249	1
79	252	1
80	241	0
81	262	2
82	248	2
83	246	1
84	240	1
85	256	2
86	247	4
87	259	0
88	250	3
89	254	2
90	250	0
91	259	2
92	260	1
93	254	2
94	255	2
95	248	1
96	258	3
97	251	1
98	260	2
99	262	2
100	247	1
101	249	1
102	244	1
103	263	3
104	259	1
105	252	1
106	248	4
107	257	3
108	249	2
109	243	0
110	284	1
111	257	1
112	264	3
113	236	3
114	269	2
115	268	2
116	260	2
117	241	2
118	251	0
119	250	3
120	242	2
121	244	4
122	242	5
123	236	2
124	253	2
125	246	2
126	245	3
127	258	1
128	245	0
129	253	1
130	250	2
131	249	0
132	240	3
133	245	1
134	258	2
135	228	1
136	260	1
137	260	2
138	247	1
139	262	1
140	238	0
141	230	5
142	241	3
143	238	2
144	246	1
145	265	1
146	236	3
147	240	2
148	242	1
149	259	1
150	262	2
151	247	1
152	252	1
153	270	2
154	266	4
155	254	1
156	250	1
157	262	4
158	260	4
159	246	1
160	225	1
161	254	4
162	244	4
163	238	2
164	276	4
165	248	2
166	241	0
167	259	1
168	226	4
169	254	0
170	239	2
171	260	3
172	267	0
173	251	2
174	258	1
175	249	2
176	263	4
177	247	3
178	256	4
179	247	0
180	257	0
181	252	1
182	251	0
183	253	0
184	245	2
185	274	1
186	239	2
187	260	0
188	246	2
189	248	1
190	254	1
191	262	2
192	276	0
193	261	1
194	231	3
195	253	1
196	268	2
197	260	0
198	250	1
199	252	3
200	235	0
201	238	0
202	253	1
203	263	1
204	237	2
205	247	2
206	241	1
207	255	1
208	230	1
209	257	1
210	227	0
211	258	1
212	252	3
213	257	5
214	257	4
215	240	0
216	257	2
217	244	1
218	261	2
219	263	2
220	235	5
221	259	0
222	252	1
223	231	2
224	264	4
225	248	2
226	231	4
227	248	0
228	253	2
229	253	2
230	233	2
231	249	1
232	230	3
233	260	2
234	271	0
235	246	2
236	249	1
237	245	1
238	257	2
239	245	2
240	244	4
241	238	4
242	255	1
243	242	1
244	228	1
245	240	0
246	255	1
247	234	2
248	244	4
249	250	2
250	248	2
251	264	0
252	256	3
253	256	1
254	260	2
255	246	2
256	257	0
257	240	1
258	258	2
259	262	2
260	260	2
261	259	2
262	242	1
263	252	0
264	250	3
265	264	2
266	282	0
267	250	7
268	256	3
269	242	1
270	253	2
271	222	1
272	258	1
273	255	4
274	235	4
275	265	1
276	255	0
277	244	1
278	239	1
279	237	2
280	259	2
281	248	3
282	263	2
283	264	3
284	279	0
285	239	0
286	253	1
287	258	4
288	253	2
289	236	3
290	252	0
291	217	1
292	253	1
293	238	4
294	245	2
295	261	1
296	248	2
297	253	4
298	251	3
299	256	1
300	267	0
301	255	3
302	261	1
303	241	1
304	244	1
305	266	2
306	245	3
307	243	1
308	251	0
309	240	1
310	266	3
311	261	2
312	243	1
313	246	1
314	244	0
315	255	3
316	261	1
317	248	2
318	241	2
319	232	4
320	256	0
321	261	1
322	252	2
323	241	1
324	246	1
325	242	1
326	242	0
327	222	2
328	246	0
329	251	3
330	264	2
331	249	1
332	272	3
333	268	1
334	252	1
335	248	2
336	251	5
337	238	2
338	243	3
339	251	4
340	246	0
341	264	3
342	250	1
343	233	1
344	238	0
345	273	0
346	279	0
347	274	0
348	254	2
349	244	1
350	239	1
351	245	1
352	227	3
353	246	1
354	254	3
355	262	3
356	249	2
357	248	2
358	265	1
359	240	4
360	252	3
361	268	2
362	248	4
363	267	2
364	257	5
365	251	2
366	257	0
367	269	0
368	246	1
369	247	0
370	264	4
371	250	1
372	251	0
373	249	0
374	260	2
375	248	0
376	277	0
377	236	2
378	267	0
379	249	1
380	230	1
381	255	2
382	256	1
383	237	0
384	243	1
385	249	4
386	238	3
387	258	1
388	241	1
389	250	1
390	258	1
391	246	0
392	235	3
393	219	1
394	252	0
395	250	2
396	256	1
397	225	3
398	260	2
399	235	2
400	252	1
401	223	6
402	246	3
403	234	3
404	251	2
405	263	3
406	255	2
407	256	1
408	245	2
409	245	2
410	256	1
411	236	2
412	258	1
413	242	1
414	253	1
415	252	3
416	257	3
417	230	1
418	232	1
419	247	0
420	241	0
421	231	0
422	241	1
423	238	2
424	255	3
425	250	2
426	238	2
427	254	3
428	230	1
429	246	0
430	238	1
431	250	2
432	263	1
433	248	2
434	240	5
435	224	3
436	256	2
437	261	3
438	253	0
439	249	1
440	266	6
441	265	3
442	240	2
443	250	6
444	234	2
445	244	4
446	249	1
447	262	2
448	239	3
449	242	3
450	250	3
451	263	1
452	243	0
453	254	1
454	255	1
455	249	0
456	266	4
457	274	1
458	256	0
459	264	2
460	239	5
461	241	2
462	255	0
463	268	1
464	248	1
465	260	2
466	264	1
467	239	0
468	270	1
469	263	4
470	260	1
471	259	4
472	241	1
473	240	3
474	240	0
475	238	1
476	247	0
477	243	3
478	251	2
479	231	4
480	240	2
481	259	3
482	246	3
483	262	3
484	248	2
485	248	5
486	264	3
487	242	4
488	241	2
489	253	0
490	256	3
491	230	1
492	265	2
493	239	3
494	257	2
495	237	0
496	235	3
497	247	1
498	264	3
499	228	2
500	236	2
501	251	0
502	246	1
503	251	4
504	244	4
505	236	3
506	266	3
507	238	1
508	244	1
509	258	1
510	246	4
511	266	5
512	256	1
513	243	2
514	243	3
515	226	4
516	233	1
517	250	4
518	238	6
519	249	2
520	253	1
521	263	1
522	244	1
523	246	1
524	252	2
525	268	1
526	265	3
527	257	1
528	244	3
529	253	0
530	245	1
531	261	1
532	241	1
533	249	2
534	253	2
535	245	2
536	232	4
537	241	2
538	256	2
539	248	1
540	244	0
541	244	4
542	236	0
543	253	0
544	235	4
545	249	2
546	239	2
547	257	1
548	270	0
549	245	3
550	254	2
551	245	1
552	251	1
553	266	2
554	236	1
555	253	1
556	253	1
557	246	1
558	227	1
559	265	2
560	271	2
561	251	2
562	239	1
563	255	1
564	235	0
565	248	1
566	255	0
567	255	2
568	248	2
569	265	1
570	251	2
571	250	1
572	263	0
573	248	1
574	264	0
575	247	0
576	237	1
577	253	3
578	263	2
579	235	3
580	260	1
581	258	5
582	228	2
583	244	3
584	252	2
585	253	2
586	256	3
587	235	4
588	264	1
589	256	1
590	252	3
591	244	1
592	256	1
593	240	2
594	252	1
595	242	1
596	240	3
597	256	3
598	250	2
599	263	1
600	275	2
601	252	0
602	227	1
603	252	0
604	263	1
605	267	1
606	255	1
607	256	2
608	254	2
609	248	2
610	256	1
611	247	1
612	263	0
613	243	1
614	258	1
615	248	3
616	258	1
617	270	3
618	242	3
619	252	2
620	252	0
621	230	1
622	234	1
623	235	2
624	252	4
625	246	3
626	244	2
627	253	0
628	246	2
629	238	2
630	260	1
631	241	1
632	252	1
633	260	3
634	241	2
635	258	0
636	253	2
637	247	0
638	265	2
639	272	1
640	280	4
641	237	1
642	241	1
643	246	5
644	242	1
645	246	3
646	248	5
647	245	1
648	241	2
649	264	2
650	237	0
651	261	1
652	262	2
653	259	3
654	255	3
655	262	2
656	221	3
657	250	1
658	245	4
659	268	3
660	244	0
661	248	1
662	263	0
663	257	2
664	242	3
665	270	0
666	266	2
667	255	1
668	238	2
669	237	0
670	240	1
671	246	0
672	254	1
673	262	1
674	219	0
675	274	2
676	231	3
677	251	1
678	245	1
679	257	2
680	255	0
681	265	2
682	242	1
683	245	1
684	253	3
685	245	3
686	252	4
687	245	1
688	276	1
689	271	1
690	233	1
691	254	1
692	247	1
693	245	0
694	255	2
695	253	0
696	252	1
697	236	1
698	242	2
699	247	5
700	247	2
701	244	1
702	237	1
703	241	1
704	255	1
705	238	3
706	231	1
707	252	1
708	265	2
709	259	1
710	257	4
711	252	3
712	253	2
713	236	2
714	249	0
715	228	4
716	242	2
717	267	0
718	257	1
719	258	4
720	245	5
721	258	2
722	253	0
723	257	1
724	239	0
725	239	1
726	229	1
727	255	4
728	246	4
729	261	0
730	236	4
731	241	1
732	252	0
733	269	3
734	249	4
735	240	2
736	268	1
737	241	2
738	241	1
739	233	1
740	269	2
741	250	3
742	240	2
743	249	1
744	252	0
745	249	4
746	249	3
747	247	1
748	244	1
749	243	4
750	266	1
751	246	1
752	241	0
753	241	1
754	237	0
755	242	2
756	249	3
757	270	1
758	243	0
759	225	1
760	249	0
761	246	0
762	252	0
763	246	2
764	248	2
765	232	2
766	250	2
767	261	0
768	244	0
769	237	1
770	254	4
771	241	1
772	251	0
773	238	0
774	248	1
775	259	1
776	240	3
777	246	4
778	272	5
779	240	3
780	249	1
781	246	4
782	264	1
783	254	1
784	234	3
785	255	3
786	255	5
787	247	1
788	245	1
789	251	2
790	220	0
791	233	0
792	259	2
793	251	2
794	229	0
795	254	2
796	246	3
797	260	2
798	255	1
799	238	0
800	238	0
801	239	0
802	255	1
803	257	1
804	251	2
805	233	0
806	235	2
807	274	1
808	252	3
809	251	1
810	262	0
811	244	2
812	258	3
813	242	2
814	234	1
815	257	1
816	260	0
817	265	2
818	247	2
819	248	2
820	258	1
821	263	1
822	261	1
823	246	2
824	232	1
825	241	1
826	263	3
827	237	0
828	245	2
829	252	1
830	258	0
831	249	1
832	246	2
833	238	3
834	241	2
835	267	0
836	257	5
837	261	2
838	263	3
839	262	3
840	246	4
841	275	1
842	240	2
843	245	1
844	249	0
845	258	0
846	254	3
847	254	4
848	237	1
849	246	2
850	244	0
851	248	0
852	256	0
853	276	1
854	257	1
855	264	1
856	252	3
857	272	1
858	251	1
859	263	2
860	254	4
861	230	5
862	257	4
863	244	4
864	250	0
865	267	3
866	247	4
867	253	1
868	265	0
869	259	1
870	264	1
871	246	3
872	252	3
873	245	1
874	256	2
875	268	2
876	252	1
877	242	0
878	255	0
879	250	2
880	242	2
881	234	2
882	251	1
883	245	0
884	268	0
885	252	3
886	249	2
887	259	3
888	242	2
889	245	0
890	251	6
891	237	2
892	261	3
893	248	6
894	254	3
895	253	2
896	270	1
897	242	3
898	249	1
899	243	1
900	250	0
901	247	0
902	237	0
903	237	1
904	263	0
905	245	2
906	234	3
907	233	0
908	255	4
909	259	0
910	257	1
911	240	0
912	259	3
913	255	0
914	255	1
915	257	2
916	259	2
917	272	3
918	261	5
919	229	1
920	267	1
921	261	1
922	234	1
923	250	0
924	279	0
925	245	5
926	246	1
927	251	1
928	254	0
929	242	2
930	245	1
931	239	0
932	249	0
933	253	2
934	251	1
935	238	0
936	242	3
937	253	1
938	251	1
939	255	2
940	256	0
941	264	1
942	261	3
943	249	3
944	258	4
945	251	1
946	251	0
947	234	2
948	239	1
949	260	2
950	241	0
951	267	3
952	266	2
953	272	1
954	249	3
955	239	3
956	266	0
957	225	1
958	249	1
959	240	4
960	243	1
961	261	5
962	246	1
963	240	1
964	235	0
965	249	4
966	257	3
967	251	1
968	261	3
969	258	1
970	228	0
971	256	2
972	267	1
973	246	2
974	244	2
975	272	2
976	254	2
977	234	2
978	267	1
979	237	4
980	242	3
981	248	1
982	261	1
983	257	1
984	248	0
985	241	1
986	243	4
987	262	2
988	256	1
989	264	1
990	254	4
991	240	2
992	239	0
993	245	2
994	259	1
995	249	1
996	248	1
997	252	1
998	263	2
999	264	1
