0	2000	0
1	1013	35
2	994	9
3	1013	6
4	987	12
5	957	9
6	967	4
7	1035	10
8	996	13
9	1030	11
10	986	15
11	1009	9
12	1015	23
13	996	16
14	985	12
15	1003	9
16	1048	9
17	1030	11
18	999	12
19	1020	9
20	991	12
21	1004	15
22	1000	14
23	995	18
24	1042	15
25	994	15
26	980	20
27	1014	22
28	969	14
29	1018	18
30	1020	13
31	1007	12
32	1021	14
33	994	14
34	1004	15
35	1017	17
36	1004	15
37	944	4
38	965	12
39	1001	7
40	1029	12
41	1016	18
42	982	11
43	986	13
44	1011	18
45	1016	6
46	1036	11
47	998	16
48	956	7
49	999	11
50	1022	0
51	988	0
52	1001	3
53	999	12
54	995	8
55	942	12
56	1028	16
57	1029	9
58	971	16
59	986	12
60	973	15
61	993	7
62	979	7
63	992	15
64	1003	11
65	976	10
66	1028	14
67	1009	17
68	1013	16
69	993	12
70	1001	9
71	1006	13
72	951	12
73	985	14
74	987	13
75	996	9
76	1006	9
77	989	19
78	1021	19
79	1029	11
80	1019	13
81	1013	10
82	1015	19
83	1016	20
84	1002	7
85	959	11
86	978	15
87	1008	14
88	1033	11
89	1008	8
90	1027	14
91	1001	16
92	983	8
93	1009	10
94	1032	6
95	984	6
96	1008	16
97	983	19
98	1007	12
99	980	8
100	1001	0
101	1035	0
102	997	11
103	960	12
104	1016	19
105	977	17
106	988	8
107	1006	21
108	974	15
109	996	11
110	1013	16
111	988	8
112	1006	9
113	983	15
114	1022	15
115	975	13
116	1015	22
117	1021	23
118	996	20
119	999	16
120	1053	18
121	998	20
122	1012	23
123	1001	15
124	1027	13
125	994	15
126	986	17
127	1012	15
128	959	11
129	1008	8
130	976	6
131	1010	9
132	961	16
133	986	14
134	1021	15
135	1014	13
136	996	1
137	1031	3
138	1004	12
139	1002	17
140	1002	9
141	1046	20
142	1013	11
143	1004	9
144	981	7
145	1012	11
146	1002	13
147	1043	14
148	1025	3
149	1015	6
150	964	0
151	996	1
152	1002	6
153	1000	14
154	1035	6
155	980	12
156	1035	19
157	949	14
158	1038	20
159	1022	17
160	1029	8
161	1001	15
162	997	15
163	1044	23
164	1011	8
165	989	10
166	983	10
167	1028	12
168	1005	16
169	1004	8
170	987	7
171	991	13
172	994	21
173	979	21
174	1037	15
175	1051	12
176	1000	12
177	1010	11
178	996	17
179	1012	17
180	961	13
181	990	17
182	997	23
183	980	5
184	990	4
185	1035	11
186	967	11
187	977	15
188	975	7
189	998	15
190	1020	25
191	975	16
192	1003	9
193	1012	10
194	1054	18
195	968	16
196	1021	12
197	1009	13
198	957	13
199	1021	12
200	974	0
201	1014	0
202	972	5
203	982	3
204	1016	4
205	1002	13
206	974	12
207	989	19
208	1013	9
209	999	11
210	991	9
211	996	11
212	1031	14
213	996	8
214	976	6
215	1021	21
216	1026	5
217	1004	13
218	988	16
219	1015	17
220	975	16
221	1014	5
222	1000	9
223	995	11
224	1003	10
225	1001	12
226	992	11
227	1009	10
228	1021	11
229	985	13
230	1023	23
231	1035	23
232	1043	16
233	1014	6
234	991	9
235	993	13
236	987	9
237	983	11
238	978	15
239	973	15
240	1022	19
241	1012	12
242	1023	19
243	1000	17
244	973	10
245	976	11
246	996	8
247	968	6
248	969	8
249	1004	8
250	1021	0
251	997	0
252	1029	6
253	1038	5
254	982	7
255	980	10
256	1006	16
257	1050	12
258	1018	10
259	947	20
260	980	4
261	1007	4
262	999	11
263	1020	16
264	992	13
265	982	4
266	952	8
267	963	6
268	1033	10
269	1009	6
270	974	15
271	964	20
272	1020	15
273	1019	9
274	972	10
275	1024	9
276	966	9
277	968	15
278	993	10
279	1029	3
280	999	6
281	958	10
282	957	13
283	1015	19
284	1004	17
285	979	15
286	1008	7
287	975	2
288	999	6
289	970	6
290	994	4
291	987	11
292	1009	12
293	966	7
294	977	9
295	1026	2
296	994	10
297	977	15
298	1021	14
299	1010	6
300	986	0
301	972	0
302	986	11
303	981	14
304	980	16
305	1048	9
306	1015	11
307	1030	12
308	977	5
309	1004	13
310	988	7
311	985	18
312	1032	10
313	968	10
314	984	14
315	966	8
316	1001	19
317	1032	12
318	977	13
319	1017	8
320	996	12
321	990	14
322	996	14
323	1023	8
324	961	10
325	1003	7
326	1005	10
327	1031	6
328	1040	5
329	992	9
330	989	0
331	1022	2
332	998	6
333	987	16
334	1034	8
335	1020	12
336	980	1
337	979	0
338	1044	10
339	979	2
340	991	10
341	1029	20
342	982	11
343	998	13
344	998	14
345	1043	13
346	982	8
347	1024	9
348	996	14
349	1025	3
350	979	1
351	1004	0
352	1024	11
353	989	12
354	1009	8
355	1015	8
356	995	12
357	1002	11
358	1045	19
359	983	20
360	968	4
361	981	15
362	1014	7
363	1023	14
364	1038	16
365	1044	15
366	1024	15
367	983	8
368	985	18
369	972	6
370	1029	4
371	1004	10
372	1010	25
373	1015	20
374	994	7
375	989	12
376	1018	11
377	1011	12
378	1026	8
379	1003	15
380	993	7
381	1016	17
382	1026	7
383	1007	8
384	1028	11
385	1026	12
386	1024	6
387	963	8
388	975	2
389	960	4
390	980	10
391	1007	10
392	1019	11
393	988	10
394	991	10
395	990	17
396	1012	8
397	996	18
398	977	9
399	971	13
400	994	0
401	1008	0
402	984	10
403	977	6
404	1010	10
405	984	8
406	990	5
407	1047	1
408	1010	1
409	1005	0
410	997	0
411	1015	10
412	1005	16
413	975	10
414	1013	4
415	1010	5
416	996	4
417	1034	13
418	1016	11
419	1004	10
420	969	10
421	1012	9
422	980	0
423	1002	6
424	943	8
425	981	12
426	1017	4
427	1039	7
428	1003	19
429	986	7
430	1034	12
431	962	20
432	1026	18
433	972	18
434	996	13
435	962	23
436	990	9
437	1000	15
438	986	9
439	1008	12
440	1006	14
441	1014	10
442	999	6
443	977	0
444	1020	2
445	994	3
446	1023	7
447	1001	8
448	1016	16
449	1002	7
450	966	0
451	967	0
452	1003	14
453	1042	11
454	948	8
455	994	3
456	1039	9
457	965	12
458	1008	7
459	999	0
460	978	16
461	996	9
462	1001	7
463	1032	9
464	969	9
465	1007	9
466	1020	8
467	979	11
468	965	14
469	1020	10
470	983	10
471	1001	8
472	1026	8
473	988	13
474	1016	11
475	1008	9
476	1001	20
477	1004	12
478	1025	12
479	1014	15
480	987	15
481	1002	2
482	1023	15
483	1019	8
484	969	17
485	1015	9
486	1007	15
487	1030	7
488	1026	10
489	1025	4
490	993	4
491	1030	0
492	1012	11
493	978	10
494	1040	13
495	987	23
496	1005	17
497	980	8
498	1034	18
499	1023	5
500	1008	0
501	977	0
502	1036	23
503	986	1
504	983	0
505	1015	19
506	991	10
507	1005	3
508	1037	6
509	1049	14
510	987	3
511	1024	11
512	988	17
513	987	3
514	985	2
515	954	7
516	995	6
517	983	5
518	985	3
519	1091	9
520	1024	11
521	1034	6
522	986	8
523	989	0
524	1023	0
525	999	15
526	1002	12
527	990	4
528	997	12
529	993	22
530	1002	9
531	1039	1
532	1006	0
533	1000	16
534	1031	8
535	982	9
536	1038	2
537	1028	6
538	995	6
539	1008	0
540	995	1
541	1017	20
542	1013	14
543	984	11
544	1009	19
545	1033	1
546	1023	5
547	1009	18
548	983	0
549	1008	2
550	1025	0
551	986	6
552	1008	0
553	996	5
554	1006	8
555	1018	11
556	1037	6
557	969	0
558	1005	0
559	1008	3
560	1038	5
561	1024	0
562	1001	0
563	1002	7
564	978	5
565	1019	4
566	999	16
567	1001	2
568	1028	5
569	992	21
570	977	12
571	973	15
572	1012	2
573	1024	16
574	1009	12
575	1032	0
576	984	12
577	994	5
578	996	16
579	1007	7
580	1015	2
581	1004	0
582	1013	0
583	1028	11
584	1023	22
585	987	15
586	1014	10
587	999	5
588	1013	8
589	948	13
590	1019	9
591	940	10
592	998	12
593	1000	11
594	1007	14
595	1000	20
596	1027	18
597	993	0
598	1015	8
599	970	8
600	998	0
601	977	0
602	987	5
603	998	4
604	1019	5
605	1024	8
606	1050	3
607	960	9
608	996	12
609	988	0
610	1026	0
611	1016	10
612	1004	1
613	1010	4
614	1017	2
615	976	8
616	1016	3
617	1013	1
618	1005	10
619	987	10
620	995	11
621	972	7
622	1003	4
623	1015	0
624	993	0
625	1040	0
626	1016	0
627	994	5
628	1025	20
629	1016	12
630	997	2
631	976	0
632	1035	0
633	970	21
634	1000	0
635	986	0
636	966	1
637	1001	8
638	997	9
639	1010	9
640	1004	11
641	979	3
642	1005	0
643	997	6
644	996	7
645	988	6
646	1055	6
647	970	0
648	987	7
649	986	0
650	1005	0
651	969	0
652	988	15
653	1006	1
654	1012	2
655	1012	3
656	990	0
657	1003	0
658	960	0
659	1022	1
660	999	0
661	969	6
662	971	0
663	994	0
664	1006	0
665	1009	0
666	1023	0
667	955	0
668	1004	1
669	994	0
670	983	0
671	943	0
672	992	0
673	1016	0
674	994	0
675	1024	0
676	1006	0
677	964	2
678	989	3
679	1003	9
680	1006	19
681	977	9
682	981	16
683	998	11
684	973	8
685	998	3
686	961	0
687	983	6
688	981	0
689	1000	6
690	987	1
691	977	2
692	1017	0
693	995	0
694	956	11
695	1000	11
696	994	4
697	979	4
698	997	1
699	1005	0
700	1046	0
701	1024	0
702	1012	28
703	1016	15
704	999	0
705	1016	4
706	986	30
707	1021	3
708	1002	2
709	972	0
710	1005	0
711	988	7
712	959	2
713	970	0
714	1032	1
715	970	0
716	980	0
717	977	5
718	955	8
719	977	18
720	1004	15
721	991	0
722	1007	0
723	960	0
724	1020	0
725	977	0
726	994	4
727	1006	0
728	994	0
729	993	0
730	997	2
731	993	12
732	1001	0
733	976	14
734	1005	20
735	989	4
736	1020	6
737	997	0
738	993	9
739	1020	1
740	1044	0
741	953	13
742	1027	5
743	1003	0
744	1012	13
745	997	1
746	995	0
747	1002	0
748	996	20
749	1027	0
750	1007	9
751	976	0
752	1002	0
753	998	0
754	980	30
755	1009	11
756	1004	1
757	1012	0
758	983	0
759	985	16
760	995	15
761	1023	16
762	999	8
763	998	0
764	1037	0
765	988	5
766	977	10
767	1001	1
768	1012	2
769	1023	0
770	980	5
771	1001	5
772	1018	0
773	1043	9
774	1007	10
775	996	12
776	1017	18
777	978	19
778	1021	0
779	978	0
780	993	0
781	1028	0
782	992	15
783	976	14
784	992	6
785	952	12
786	962	0
787	960	9
788	1040	0
789	978	0
790	988	8
791	986	0
792	999	0
793	1016	0
794	973	0
795	1010	0
796	1025	4
797	1007	11
798	1038	0
799	989	0
800	995	0
801	984	0
802	1000	5
803	994	0
804	1009	0
805	1018	14
806	1040	6
807	991	0
808	944	25
809	982	25
810	1012	21
811	953	1
812	1021	0
813	1030	8
814	1039	0
815	964	24
816	1013	1
817	1009	7
818	1027	0
819	1003	12
820	998	25
821	997	2
822	977	0
823	999	0
824	1001	7
825	978	0
826	1011	0
827	980	6
828	987	0
829	987	1
830	988	0
831	970	0
832	1000	9
833	1015	0
834	1024	2
835	992	0
836	1019	0
837	1003	8
838	1001	16
839	999	1
840	982	2
841	992	2
842	973	9
843	1013	14
844	998	0
845	1006	0
846	1007	0
847	1031	0
848	978	24
849	1002	2
850	994	0
851	1055	0
852	992	4
853	981	0
854	973	3
855	937	2
856	965	4
857	994	7
858	990	4
859	1034	4
860	980	0
861	989	13
862	1014	21
863	1016	2
864	996	9
865	1045	0
866	1004	0
867	1027	0
868	1013	22
869	998	13
870	1012	4
871	975	13
872	1033	8
873	986	0
874	971	0
875	1048	7
876	1039	2
877	1016	13
878	999	0
879	1016	4
880	994	0
881	980	0
882	1002	9
883	968	14
884	993	0
885	1011	0
886	1013	7
887	991	0
888	1006	11
889	974	0
890	1022	0
891	991	8
892	1014	0
893	995	3
894	1009	17
895	994	0
896	1028	13
897	1008	0
898	1015	0
899	1003	0
900	982	0
901	982	0
902	1009	8
903	1016	6
904	979	7
905	966	0
906	1016	3
907	1014	1
908	993	0
909	981	0
910	975	15
911	1004	2
912	1020	6
913	994	0
914	992	3
915	964	4
916	1041	3
917	987	1
918	994	0
919	964	0
920	1019	0
921	1008	27
922	998	5
923	974	0
924	1034	6
925	989	37
926	1010	19
927	1011	0
928	1008	0
929	984	11
930	964	35
931	1016	4
932	1036	2
933	956	14
934	1042	0
935	1023	20
936	1017	9
937	1017	6
938	1028	8
939	963	0
940	982	7
941	974	7
942	1017	3
943	989	0
944	995	10
945	973	19
946	983	1
947	1005	2
948	1056	0
949	950	0
950	1051	0
951	1006	0
952	1031	0
953	999	0
954	1027	0
955	1017	0
956	1016	15
957	985	0
958	998	0
959	990	10
960	994	3
961	957	0
962	978	0
963	999	0
964	1006	0
965	973	6
966	976	0
967	979	6
968	1018	0
969	991	21
970	998	4
971	1017	2
972	1008	1
973	1022	2
974	998	7
975	986	0
976	1016	0
977	998	0
978	999	27
979	974	13
980	1004	14
981	1006	5
982	1048	0
983	996	0
984	988	0
985	1009	0
986	961	0
987	984	8
988	990	8
989	973	11
990	1009	0
991	1004	7
992	991	1
993	1021	17
994	994	0
995	1014	0
996	972	6
997	1003	0
998	1002	0
999	1030	6
