0	2000	0
1	1000	17
2	1010	3
3	1008	1
4	993	9
5	1033	9
6	971	5
7	958	1
8	988	1
9	1007	7
10	990	3
11	1011	2
12	999	2
13	1009	7
14	1003	9
15	976	2
16	1014	9
17	975	7
18	991	5
19	1025	1
20	998	3
21	971	15
22	997	1
23	978	0
24	1029	0
25	1017	4
26	994	6
27	1031	6
28	1007	0
29	991	8
30	987	9
31	990	3
32	991	7
33	1005	7
34	1002	5
35	987	3
36	990	4
37	1001	4
38	985	1
39	954	5
40	992	4
41	1084	3
42	1023	5
43	985	12
44	977	6
45	1020	1
46	1023	4
47	976	6
48	979	4
49	990	5
50	1005	7
51	1034	5
52	1025	2
53	980	0
54	984	2
55	995	4
56	992	5
57	1024	4
58	967	2
59	980	6
60	996	6
61	999	1
62	1001	0
63	953	4
64	998	11
65	1008	6
66	1029	5
67	1032	7
68	959	5
69	1001	5
70	995	2
71	992	5
72	980	4
73	1028	5
74	986	12
75	1032	0
76	980	0
77	1010	6
78	1012	0
79	1006	0
80	1019	6
81	980	5
82	1038	9
83	991	8
84	999	4
85	994	0
86	1027	4
87	1047	4
88	966	7
89	947	2
90	968	7
91	990	5
92	984	7
93	1005	5
94	952	8
95	1029	6
96	987	9
97	1024	2
98	1009	14
99	1004	6
100	969	3
101	977	4
102	955	0
103	1023	8
104	984	6
105	996	6
106	985	6
107	979	8
108	1009	1
109	979	5
110	1006	7
111	983	11
112	972	3
113	972	5
114	975	7
115	995	5
116	1027	4
117	983	4
118	967	2
119	1040	12
120	982	5
121	977	1
122	1004	0
123	994	5
124	1053	3
125	1005	1
126	1003	8
127	962	7
128	999	9
129	992	4
130	1022	7
131	950	3
132	986	8
133	1005	0
134	1005	1
135	1018	3
136	1005	3
137	1005	6
138	1022	3
139	988	0
140	977	1
141	1027	3
142	987	5
143	1024	8
144	995	5
145	972	11
146	974	5
147	993	3
148	1011	1
149	987	3
150	1002	6
151	1027	7
152	1020	3
153	1059	1
154	977	8
155	986	2
156	1026	4
157	1034	4
158	991	2
159	1017	7
160	1020	1
161	961	7
162	963	3
163	1039	0
164	972	0
165	995	10
166	1000	3
167	969	6
168	1000	5
169	970	6
170	996	3
171	964	4
172	1031	3
173	980	3
174	1003	3
175	1009	6
176	979	5
177	961	6
178	1050	6
179	1014	2
180	992	0
181	982	3
182	1014	6
183	986	5
184	1038	3
185	1005	5
186	1010	9
187	986	5
188	976	2
189	1034	4
190	1000	5
191	1021	0
192	984	0
193	999	1
194	1011	5
195	1058	4
196	991	10
197	1046	3
198	1013	8
199	1000	2
200	980	0
201	1013	0
202	998	3
203	999	8
204	999	9
205	984	8
206	1015	12
207	998	7
208	1023	5
209	1016	3
210	1051	6
211	976	9
212	1028	2
213	1011	5
214	989	6
215	980	0
216	1006	2
217	960	1
218	1024	2
219	1024	5
220	1010	13
221	966	9
222	1017	4
223	1002	8
224	1022	8
225	1014	7
226	1027	4
227	996	3
228	994	3
229	992	7
230	971	6
231	1034	5
232	988	8
233	1006	9
234	994	6
235	965	7
236	975	6
237	1010	7
238	1008	1
239	1005	1
240	1000	2
241	1014	7
242	979	3
243	993	1
244	1002	6
245	999	3
246	1004	4
247	1003	4
248	981	4
249	1042	5
250	979	0
251	995	2
252	991	2
253	1000	0
254	1001	7
255	1013	1
256	967	4
257	1011	7
258	1012	0
259	990	5
260	1017	9
261	1036	4
262	1061	6
263	1013	2
264	980	10
265	1002	3
266	1027	6
267	983	6
268	1007	0
269	1027	2
270	995	4
271	986	4
272	1022	5
273	987	8
274	1030	6
275	976	4
276	1010	3
277	1030	6
278	989	2
279	1029	2
280	1018	4
281	1005	4
282	973	7
283	989	5
284	992	12
285	1045	5
286	1013	1
287	1018	0
288	962	8
289	983	9
290	1010	4
291	1003	4
292	957	4
293	1006	5
294	967	8
295	995	6
296	1034	7
297	973	8
298	1004	11
299	1015	5
300	1028	8
301	981	8
302	1008	1
303	984	1
304	996	5
305	994	5
306	1027	18
307	927	7
308	1000	7
309	998	0
310	994	1
311	969	0
312	1019	0
313	1011	5
314	1021	0
315	1003	5
316	963	2
317	1015	3
318	989	9
319	1002	3
320	999	1
321	965	0
322	1003	2
323	1026	3
324	1020	4
325	1004	3
326	1023	0
327	965	3
328	1016	3
329	967	0
330	1007	0
331	1001	6
332	998	3
333	1007	2
334	985	1
335	1032	4
336	1014	3
337	1010	6
338	1007	2
339	995	8
340	999	2
341	970	0
342	1010	5
343	962	0
344	982	2
345	981	3
346	1031	0
347	983	0
348	1003	7
349	992	6
350	990	7
351	959	0
352	980	6
353	992	3
354	995	3
355	1037	2
356	1000	5
357	989	6
358	1023	8
359	1005	2
360	1009	5
361	1012	2
362	999	1
363	979	1
364	993	0
365	1005	2
366	978	3
367	977	3
368	1017	3
369	969	2
370	987	7
371	1024	3
372	969	0
373	975	3
374	1037	7
375	1011	0
376	1014	4
377	1015	12
378	976	8
379	1013	2
380	1017	1
381	1015	5
382	993	4
383	1004	4
384	993	0
385	960	0
386	1013	1
387	999	0
388	1000	3
389	986	3
390	1000	5
391	990	1
392	992	4
393	1007	1
394	1009	0
395	1035	2
396	1021	1
397	961	2
398	1035	6
399	1013	9
400	983	0
401	987	0
402	980	1
403	1015	0
404	1028	2
405	1030	11
406	1020	9
407	994	4
408	1003	5
409	989	2
410	989	0
411	1023	3
412	1012	4
413	1005	12
414	1018	3
415	1018	0
416	976	3
417	1015	5
418	1032	1
419	1012	5
420	1027	9
421	975	2
422	1047	5
423	989	6
424	1028	5
425	952	2
426	1023	7
427	1024	6
428	969	5
429	1001	4
430	998	6
431	994	4
432	993	7
433	949	2
434	969	4
435	980	11
436	1003	2
437	985	6
438	999	5
439	974	6
440	1031	0
441	995	2
442	1001	3
443	1030	10
444	967	8
445	1019	5
446	980	2
447	1016	1
448	988	1
449	990	4
450	1009	6
451	1016	3
452	975	3
453	995	3
454	970	8
455	1025	4
456	991	3
457	961	6
458	1016	6
459	1013	4
460	980	10
461	1013	6
462	977	6
463	1020	6
464	969	7
465	1056	4
466	1026	0
467	981	7
468	1018	9
469	967	1
470	979	1
471	1005	0
472	967	2
473	997	2
474	992	7
475	1030	2
476	1002	0
477	991	5
478	1033	7
479	976	6
480	1002	3
481	1017	5
482	1023	4
483	1012	4
484	979	0
485	973	1
486	1013	0
487	985	5
488	1014	5
489	1009	2
490	1013	4
491	979	5
492	1011	8
493	1011	2
494	1027	1
495	987	6
496	1006	7
497	982	0
498	1039	0
499	990	0
500	996	0
501	1040	6
502	1017	7
503	988	1
504	1026	1
505	1012	3
506	1017	2
507	1001	5
508	983	8
509	1006	6
510	1030	8
511	1000	9
512	1012	0
513	1018	2
514	991	4
515	1013	2
516	1028	5
517	986	1
518	1022	7
519	980	8
520	970	6
521	1041	1
522	970	0
523	963	8
524	986	4
525	998	4
526	994	4
527	1039	11
528	980	9
529	996	5
530	975	5
531	1007	3
532	984	0
533	993	4
534	999	3
535	1000	1
536	994	6
537	1016	0
538	1004	4
539	989	4
540	1034	2
541	996	9
542	1012	4
543	988	5
544	996	4
545	1010	3
546	1010	1
547	1042	2
548	982	6
549	991	4
550	1002	4
551	985	3
552	1008	1
553	1006	2
554	963	2
555	981	2
556	992	2
557	1004	3
558	1003	1
559	1019	6
560	1006	2
561	970	3
562	1016	5
563	990	6
564	995	3
565	1047	0
566	968	5
567	985	1
568	1007	4
569	1006	2
570	978	5
571	995	4
572	1031	4
573	993	7
574	1019	5
575	999	0
576	1003	5
577	979	8
578	1033	2
579	1002	0
580	1011	0
581	974	1
582	995	7
583	982	6
584	978	4
585	999	3
586	1006	6
587	989	11
588	999	11
589	990	7
590	1043	1
591	964	1
592	963	4
593	994	1
594	997	0
595	1011	14
596	1027	2
597	1038	5
598	992	1
599	996	2
600	995	0
601	994	0
602	970	5
603	1001	11
604	1002	9
605	990	5
606	1002	8
607	988	5
608	994	2
609	999	10
610	977	3
611	1021	1
612	1033	0
613	996	2
614	981	2
615	1037	3
616	998	0
617	1015	3
618	1000	5
619	988	1
620	997	0
621	1041	10
622	979	1
623	996	0
624	1001	1
625	999	0
626	995	0
627	1010	1
628	1014	4
629	1013	4
630	1039	1
631	970	11
632	1030	4
633	989	4
634	965	5
635	977	5
636	981	4
637	1009	1
638	971	2
639	1028	3
640	1012	2
641	984	8
642	1018	2
643	1022	4
644	1001	1
645	1026	4
646	977	5
647	989	7
648	986	3
649	1051	6
650	982	11
651	1023	10
652	986	2
653	978	5
654	973	9
655	1011	9
656	995	5
657	1050	1
658	978	0
659	1031	2
660	1020	7
661	1001	3
662	1016	0
663	985	0
664	1004	3
665	987	7
666	988	9
667	988	5
668	1008	7
669	1070	10
670	988	6
671	989	4
672	1021	5
673	1028	0
674	1031	0
675	972	4
676	1009	5
677	1038	7
678	987	5
679	986	2
680	998	5
681	1025	6
682	984	8
683	1043	7
684	1014	8
685	1033	4
686	1031	1
687	1030	3
688	1026	6
689	975	2
690	1013	3
691	1007	3
692	1018	0
693	1013	5
694	999	2
695	1006	3
696	1007	1
697	989	2
698	978	4
699	1033	7
700	966	7
701	992	0
702	1003	0
703	1007	9
704	1025	7
705	1025	8
706	946	6
707	1006	0
708	1040	0
709	1023	1
710	954	2
711	1044	4
712	1022	0
713	1010	3
714	988	2
715	1046	2
716	991	1
717	969	3
718	1000	7
719	973	1
720	997	1
721	996	6
722	974	8
723	973	5
724	996	3
725	1009	0
726	1037	4
727	968	2
728	1010	2
729	1002	0
730	1020	0
731	983	2
732	1022	5
733	1034	9
734	1004	13
735	978	8
736	1014	1
737	1011	2
738	956	0
739	1030	0
740	996	0
741	1030	0
742	994	3
743	1014	3
744	994	4
745	1022	1
746	1005	0
747	1008	0
748	965	5
749	1020	5
750	972	2
751	1030	4
752	987	7
753	952	2
754	976	0
755	1002	2
756	1005	0
757	969	1
758	974	6
759	1012	3
760	1008	0
761	990	3
762	999	4
763	1022	0
764	993	0
765	989	0
766	1054	7
767	997	9
768	982	1
769	1039	3
770	1000	0
771	976	2
772	1004	3
773	986	5
774	995	4
775	960	0
776	989	2
777	1039	6
778	991	8
779	992	15
780	1000	9
781	1028	1
782	1017	1
783	987	1
784	1009	2
785	1001	4
786	1027	2
787	1024	1
788	970	5
789	982	10
790	994	5
791	986	2
792	1042	5
793	1027	8
794	1021	0
795	995	8
796	996	5
797	1030	10
798	1005	4
799	965	0
800	997	0
801	1014	0
802	995	0
803	1018	5
804	1022	7
805	995	7
806	981	1
807	1017	4
808	1023	0
809	1001	0
810	992	4
811	1023	1
812	985	6
813	961	4
814	981	4
815	971	4
816	970	4
817	1001	1
818	1046	7
819	1004	0
820	1005	0
821	1033	6
822	1028	1
823	997	6
824	964	1
825	1025	3
826	974	3
827	1001	4
828	1029	2
829	999	0
830	1005	1
831	1048	0
832	963	2
833	976	0
834	987	0
835	1005	7
836	1009	4
837	1013	3
838	1012	7
839	989	0
840	1007	5
841	979	4
842	972	3
843	1013	5
844	1007	7
845	1025	11
846	973	0
847	999	2
848	977	5
849	1046	15
850	986	3
851	999	2
852	997	0
853	1013	3
854	1001	3
855	1010	10
856	971	0
857	985	2
858	1006	0
859	1013	0
860	978	0
861	997	2
862	1017	0
863	989	2
864	980	2
865	1021	2
866	1009	1
867	977	4
868	980	1
869	1022	4
870	981	3
871	998	3
872	990	12
873	1018	3
874	995	7
875	978	0
876	1004	0
877	990	5
878	1013	2
879	1016	0
880	1012	4
881	974	9
882	1014	13
883	1002	0
884	992	0
885	1010	0
886	1004	3
887	976	3
888	1012	7
889	977	1
890	1003	3
891	990	2
892	994	0
893	987	0
894	977	0
895	1006	13
896	970	17
897	996	5
898	1038	4
899	1009	0
900	1002	2
901	1009	0
902	1050	1
903	1023	0
904	1014	2
905	978	6
906	1015	4
907	1050	4
908	1031	9
909	1001	7
910	1023	5
911	1008	8
912	1010	3
913	1018	7
914	1007	13
915	1001	1
916	1033	4
917	1032	0
918	976	5
919	984	4
920	989	5
921	992	2
922	1024	4
923	1001	9
924	1008	2
925	993	0
926	1012	4
927	1004	0
928	973	0
929	980	2
930	964	2
931	955	2
932	1006	1
933	999	0
934	988	12
935	1030	9
936	1019	5
937	993	2
938	1031	4
939	1023	5
940	991	3
941	965	4
942	981	8
943	1019	4
944	1032	2
945	999	1
946	1018	1
947	1026	2
948	995	2
949	1013	1
950	988	1
951	988	1
952	1002	5
953	957	1
954	1007	0
955	997	3
956	1003	4
957	996	6
958	1050	2
959	1045	7
960	1055	6
961	1021	12
962	981	4
963	992	1
964	981	7
965	993	1
966	989	0
967	1012	0
968	996	2
969	1012	2
970	1018	1
971	1019	0
972	1006	4
973	1016	8
974	961	10
975	960	1
976	1001	14
977	1000	4
978	996	1
979	990	4
980	1040	5
981	1038	0
982	983	1
983	968	4
984	989	0
985	1014	7
986	979	3
987	1003	0
988	1029	1
989	970	2
990	1002	6
991	1021	0
992	1000	1
993	978	6
994	979	10
995	988	10
996	931	2
997	1001	2
998	974	0
999	961	4
