0	2000	0
1	999	0
2	1000	2
3	999	3
4	1025	0
5	1027	4
6	1032	5
7	1056	3
8	990	3
9	1012	12
10	950	7
11	958	5
12	981	1
13	1005	0
14	1010	0
15	999	0
16	986	7
17	963	4
18	1024	4
19	978	7
20	944	1
21	974	3
22	1029	1
23	952	2
24	1004	1
25	1043	2
26	1027	0
27	979	1
28	996	5
29	1004	8
30	1003	2
31	1011	4
32	966	5
33	1030	6
34	1031	6
35	1033	4
36	1035	0
37	1004	1
38	1004	2
39	981	0
40	987	1
41	1005	2
42	1002	3
43	980	7
44	1030	0
45	1032	2
46	1022	2
47	1004	6
48	1050	5
49	998	3
50	978	1
51	1019	2
52	1005	3
53	992	6
54	1020	4
55	955	0
56	1033	1
57	1054	2
58	1028	4
59	996	2
60	1011	3
61	977	6
62	997	2
63	1015	0
64	1013	4
65	1002	6
66	990	0
67	991	1
68	1045	4
69	1021	3
70	979	1
71	979	0
72	1007	0
73	936	1
74	966	1
75	990	2
76	990	4
77	1006	5
78	993	9
79	987	2
80	1034	4
81	1026	3
82	990	3
83	1023	0
84	1039	0
85	998	0
86	1005	6
87	1023	1
88	1012	1
89	961	2
90	998	13
91	1013	6
92	1001	8
93	988	1
94	1000	2
95	1013	5
96	1006	1
97	999	1
98	1012	2
99	999	0
100	978	0
101	957	0
102	976	0
103	969	2
104	1000	2
105	1049	0
106	1000	1
107	1028	7
108	989	2
109	1026	1
110	997	5
111	1004	1
112	1000	3
113	971	6
114	990	1
115	1023	3
116	982	11
117	1030	1
118	981	0
119	990	2
120	1040	4
121	977	7
122	1027	0
123	983	3
124	1029	2
125	994	3
126	993	0
127	1023	2
128	997	8
129	994	4
130	1025	3
131	1013	0
132	1009	2
133	1017	6
134	1031	0
135	977	1
136	1004	0
137	991	1
138	1002	5
139	995	9
140	1002	8
141	1007	2
142	1020	4
143	963	0
144	1047	7
145	962	3
146	985	10
147	948	2
148	973	3
149	995	1
150	966	0
151	992	0
152	1000	0
153	1043	0
154	969	3
155	1000	3
156	1010	3
157	975	5
158	1012	3
159	1022	0
160	995	1
161	985	4
162	1027	3
163	1032	3
164	1003	0
165	1027	2
166	1008	0
167	1028	1
168	976	3
169	955	1
170	994	1
171	1035	1
172	981	1
173	1011	3
174	980	1
175	963	0
176	1013	6
177	1021	4
178	1017	6
179	1004	4
180	972	3
181	990	0
182	1002	0
183	1010	5
184	981	7
185	979	5
186	1016	7
187	1030	11
188	1012	0
189	1000	1
190	985	4
191	1005	0
192	1014	7
193	1027	6
194	990	0
195	1041	0
196	1011	2
197	1001	8
198	995	1
199	1003	5
200	1013	0
201	1007	0
202	991	1
203	993	0
204	970	1
205	972	4
206	1061	0
207	971	0
208	966	0
209	992	7
210	1029	3
211	957	0
212	975	3
213	985	3
214	1014	1
215	983	3
216	994	3
217	1018	1
218	1017	1
219	975	3
220	986	5
221	1027	4
222	1017	3
223	1031	0
224	1028	2
225	1003	5
226	1003	0
227	952	0
228	994	0
229	1021	1
230	1050	3
231	1030	4
232	986	8
233	991	8
234	980	0
235	974	0
236	987	1
237	1033	2
238	1010	0
239	996	5
240	1011	2
241	983	3
242	973	2
243	1033	8
244	999	6
245	1008	4
246	981	5
247	1004	4
248	1038	1
249	1022	3
250	1011	4
251	1017	10
252	1003	0
253	999	0
254	959	0
255	987	0
256	980	3
257	1018	1
258	1031	4
259	1012	8
260	985	1
261	995	0
262	1008	2
263	977	0
264	986	1
265	953	2
266	1004	1
267	983	0
268	1020	0
269	1005	1
270	998	2
271	970	0
272	959	0
273	1010	6
274	1038	4
275	987	0
276	980	4
277	977	6
278	1026	7
279	1011	3
280	969	2
281	1012	2
282	1003	5
283	1001	3
284	1003	0
285	954	4
286	1017	6
287	989	0
288	1030	0
289	985	3
290	1014	0
291	991	4
292	1015	0
293	995	4
294	985	7
295	1008	0
296	985	0
297	1024	0
298	1001	0
299	1033	1
300	1016	0
301	1017	0
302	1054	6
303	1014	6
304	1006	0
305	973	0
306	1019	1
307	1011	1
308	1008	1
309	1031	6
310	1014	5
311	1028	4
312	982	1
313	1038	6
314	1075	1
315	1012	2
316	979	1
317	983	1
318	1004	4
319	965	2
320	1024	0
321	1010	0
322	988	0
323	990	1
324	1016	2
325	988	3
326	981	2
327	1001	0
328	1005	0
329	1002	0
330	1011	0
331	1019	0
332	980	0
333	992	0
334	999	0
335	982	0
336	1007	3
337	1022	1
338	1049	0
339	1020	0
340	976	4
341	971	2
342	992	2
343	987	6
344	1023	5
345	1004	2
346	994	2
347	964	3
348	987	6
349	958	0
350	1017	0
351	1019	0
352	988	6
353	970	0
354	1012	0
355	967	7
356	962	6
357	1031	3
358	1018	3
359	996	0
360	1003	8
361	1024	6
362	1003	4
363	1023	1
364	1010	1
365	993	0
366	991	1
367	987	0
368	1018	0
369	998	0
370	998	0
371	1025	0
372	996	0
373	987	4
374	1000	7
375	998	6
376	1005	1
377	980	3
378	1005	0
379	999	0
380	1006	0
381	1022	1
382	992	2
383	993	0
384	978	0
385	1005	0
386	945	0
387	1012	0
388	998	5
389	1010	1
390	999	0
391	995	0
392	981	1
393	1011	0
394	1000	6
395	1030	1
396	983	0
397	1008	3
398	1002	4
399	996	4
400	1011	0
401	1009	0
402	987	0
403	962	0
404	995	5
405	958	0
406	998	1
407	994	1
408	987	6
409	1015	10
410	1023	1
411	984	0
412	1041	1
413	1010	5
414	1061	0
415	996	1
416	1010	4
417	1066	19
418	983	2
419	956	3
420	985	0
421	993	0
422	974	0
423	988	0
424	1010	2
425	1005	5
426	1016	0
427	1014	0
428	1031	0
429	1008	7
430	1007	1
431	1002	3
432	980	4
433	1023	3
434	964	6
435	946	1
436	1003	0
437	1024	0
438	1007	0
439	989	1
440	1002	6
441	1015	8
442	1007	0
443	1024	3
444	1009	3
445	1008	0
446	982	6
447	993	3
448	1001	0
449	1043	4
450	981	0
451	1027	4
452	1000	1
453	1026	0
454	994	4
455	1041	0
456	1016	0
457	992	6
458	1024	6
459	1040	3
460	984	0
461	1011	2
462	1036	8
463	1013	3
464	992	2
465	1031	0
466	1032	0
467	998	7
468	1051	0
469	982	0
470	1005	0
471	1009	0
472	989	0
473	991	3
474	982	5
475	990	1
476	986	0
477	1031	1
478	982	3
479	986	1
480	1013	2
481	1006	7
482	985	6
483	1007	0
484	993	0
485	989	0
486	988	0
487	1020	0
488	1005	5
489	1011	0
490	1009	0
491	1032	0
492	1036	4
493	996	0
494	1005	0
495	1013	0
496	994	1
497	994	6
498	1037	0
499	1008	0
500	975	0
501	1001	0
502	990	1
503	997	0
504	996	0
505	1020	1
506	1015	3
507	970	0
508	983	0
509	992	0
510	1015	3
511	1034	2
512	1001	2
513	1016	8
514	988	0
515	1013	4
516	1011	0
517	988	0
518	1013	5
519	964	5
520	1016	0
521	1025	0
522	1001	0
523	1009	0
524	968	2
525	1010	0
526	1032	0
527	1041	5
528	1042	0
529	1019	4
530	1004	9
531	988	5
532	1041	2
533	1017	3
534	1029	0
535	1020	0
536	1020	15
537	1023	0
538	995	2
539	975	0
540	997	5
541	1021	5
542	993	4
543	1057	9
544	1031	9
545	1041	0
546	986	0
547	992	2
548	1004	6
549	991	2
550	999	0
551	952	12
552	1005	4
553	1023	1
554	1001	0
555	993	11
556	998	3
557	971	0
558	1007	0
559	1023	5
560	968	0
561	1049	6
562	1008	0
563	964	0
564	943	0
565	964	0
566	964	2
567	980	0
568	1020	0
569	1011	1
570	1011	0
571	1011	3
572	973	0
573	1022	2
574	1004	0
575	967	0
576	974	0
577	990	0
578	992	0
579	1008	0
580	965	5
581	962	9
582	979	8
583	992	5
584	1005	1
585	989	8
586	1000	0
587	977	0
588	1010	0
589	1010	0
590	1008	4
591	994	2
592	1019	2
593	1007	3
594	1024	0
595	990	9
596	976	0
597	988	0
598	979	0
599	975	0
600	972	0
601	1007	0
602	1006	0
603	1001	0
604	986	0
605	1006	0
606	1002	9
607	1026	0
608	1021	0
609	1001	0
610	1006	1
611	1056	0
612	970	4
613	1007	0
614	1042	0
615	1035	0
616	1046	0
617	962	1
618	1010	0
619	983	0
620	1012	0
621	1011	0
622	1007	0
623	983	6
624	997	3
625	996	1
626	982	0
627	968	2
628	995	0
629	978	0
630	1021	0
631	1015	0
632	966	0
633	1041	0
634	1043	2
635	963	0
636	1021	0
637	1000	0
638	1005	2
639	1051	4
640	956	0
641	1023	0
642	1005	0
643	993	0
644	1002	0
645	1000	0
646	946	0
647	1032	0
648	1004	0
649	1001	0
650	1023	0
651	1028	11
652	995	1
653	1014	0
654	1018	6
655	1014	0
656	961	0
657	980	2
658	1000	1
659	973	4
660	1014	0
661	988	0
662	1018	0
663	1042	3
664	967	0
665	994	0
666	1031	0
667	1010	1
668	1049	0
669	993	2
670	1026	13
671	967	10
672	968	1
673	990	0
674	1020	0
675	990	0
676	973	0
677	982	1
678	1012	1
679	970	0
680	974	0
681	1026	5
682	1001	1
683	1005	1
684	993	0
685	1002	2
686	985	1
687	998	0
688	984	16
689	1027	6
690	1038	0
691	966	0
692	986	2
693	1011	9
694	1014	1
695	1033	0
696	1029	0
697	1017	0
698	977	9
699	1051	0
700	1007	1
701	998	9
702	994	0
703	1020	0
704	1013	0
705	989	0
706	989	0
707	1020	0
708	967	0
709	1011	0
710	966	0
711	999	0
712	1006	0
713	1032	9
714	1000	7
715	1013	0
716	997	1
717	1046	0
718	986	0
719	1027	0
720	975	0
721	1041	0
722	966	0
723	1009	0
724	1006	0
725	1025	0
726	1001	0
727	1000	0
728	986	0
729	957	0
730	1004	0
731	972	0
732	1003	5
733	993	0
734	991	0
735	994	0
736	958	0
737	1007	0
738	1006	0
739	1031	15
740	1020	8
741	1008	8
742	978	0
743	1030	1
744	1002	9
745	1013	3
746	993	2
747	994	0
748	1020	5
749	986	0
750	1005	0
751	983	0
752	1014	8
753	1014	8
754	1005	6
755	973	3
756	958	0
757	954	0
758	956	0
759	1025	0
760	994	0
761	1010	2
762	956	4
763	1027	1
764	1009	0
765	1037	0
766	1016	0
767	1014	5
768	992	0
769	996	0
770	1031	0
771	1023	0
772	975	0
773	967	3
774	1003	0
775	992	0
776	962	11
777	987	3
778	985	0
779	1020	0
780	1007	0
781	1035	0
782	985	6
783	980	0
784	1033	0
785	1020	0
786	1036	0
787	1007	0
788	957	0
789	980	0
790	963	0
791	1042	0
792	959	0
793	1034	2
794	1028	0
795	985	0
796	1035	0
797	1014	0
798	993	6
799	980	0
800	1024	0
801	974	0
802	1039	0
803	1001	0
804	986	6
805	974	6
806	1006	8
807	1040	1
808	1014	0
809	978	0
810	1044	0
811	1017	0
812	1017	12
813	993	0
814	1023	0
815	991	0
816	963	0
817	1014	0
818	981	0
819	1014	13
820	994	0
821	1019	0
822	1001	12
823	997	4
824	1013	3
825	996	0
826	974	0
827	1031	2
828	986	0
829	994	11
830	999	1
831	979	2
832	987	0
833	1032	0
834	1035	0
835	976	0
836	975	2
837	966	0
838	968	0
839	952	0
840	1038	0
841	976	1
842	1000	0
843	1028	0
844	1003	0
845	1028	0
846	990	0
847	987	0
848	975	0
849	982	3
850	1009	0
851	1015	0
852	1032	2
853	984	0
854	1024	5
855	1025	0
856	978	1
857	1020	0
858	1027	0
859	1031	1
860	1001	0
861	1021	0
862	1001	0
863	1057	0
864	1007	0
865	1031	0
866	985	0
867	990	0
868	970	3
869	983	0
870	1001	0
871	1004	0
872	1017	0
873	994	0
874	955	0
875	977	0
876	1009	0
877	1007	0
878	999	0
879	975	0
880	971	0
881	1028	3
882	1007	0
883	990	0
884	1023	0
885	1003	2
886	962	0
887	1009	0
888	973	0
889	980	0
890	988	0
891	999	0
892	998	5
893	1020	0
894	1049	2
895	978	5
896	996	0
897	1020	0
898	1035	18
899	1021	0
900	964	0
901	1014	2
902	955	0
903	993	0
904	992	0
905	972	0
906	967	0
907	978	0
908	976	0
909	1004	0
910	981	0
911	973	0
912	975	0
913	968	0
914	1017	0
915	985	0
916	1025	0
917	1009	0
918	977	0
919	992	0
920	1047	0
921	1000	0
922	979	0
923	1003	0
924	1039	0
925	989	0
926	1019	0
927	1006	1
928	997	0
929	1003	0
930	978	0
931	972	0
932	1023	0
933	952	3
934	976	11
935	1003	6
936	1015	9
937	1074	0
938	997	2
939	991	0
940	1041	0
941	984	0
942	994	0
943	1035	0
944	984	0
945	1009	0
946	1006	0
947	979	0
948	1007	0
949	982	0
950	1013	0
951	1003	1
952	988	0
953	1008	0
954	1025	2
955	970	0
956	987	0
957	1007	0
958	1044	0
959	1029	0
960	997	0
961	996	0
962	1002	0
963	964	5
964	974	0
965	1045	0
966	1017	0
967	1006	0
968	1019	0
969	958	0
970	991	0
971	1014	0
972	996	3
973	1004	0
974	983	0
975	1069	8
976	976	0
977	1031	0
978	979	0
979	1004	0
980	998	1
981	1011	0
982	1016	4
983	1027	0
984	997	7
985	986	0
986	979	1
987	978	0
988	993	3
989	1018	0
990	979	0
991	994	0
992	1013	1
993	991	0
994	1021	0
995	984	0
996	995	0
997	1009	0
998	1008	0
999	1011	13
