0	500	0
1	229	4
2	242	2
3	255	2
4	263	0
5	243	3
6	251	2
7	267	2
8	265	4
9	255	5
10	229	1
11	234	2
12	241	4
13	240	0
14	263	1
15	232	1
16	242	1
17	240	1
18	229	2
19	260	2
20	255	4
21	255	5
22	251	1
23	256	4
24	245	0
25	251	3
26	257	4
27	264	3
28	245	4
29	253	7
30	261	3
31	253	5
32	255	3
33	258	0
34	254	3
35	252	1
36	265	3
37	266	1
38	246	2
39	255	1
40	241	2
41	237	1
42	252	3
43	239	2
44	240	2
45	249	3
46	239	3
47	249	3
48	253	5
49	248	0
50	242	1
51	250	5
52	263	2
53	232	7
54	258	6
55	260	0
56	264	2
57	235	2
58	260	10
59	253	3
60	231	2
61	268	4
62	269	9
63	249	5
64	247	1
65	245	3
66	256	1
67	261	3
68	249	3
69	248	4
70	267	3
71	249	2
72	263	5
73	262	1
74	253	3
75	237	2
76	254	3
77	239	5
78	255	3
79	233	0
80	235	1
81	250	1
82	247	2
83	257	3
84	256	2
85	247	2
86	239	1
87	244	2
88	259	2
89	240	1
90	232	2
91	249	5
92	265	3
93	252	1
94	231	5
95	247	0
96	253	3
97	238	1
98	251	1
99	238	2
100	256	2
101	269	3
102	262	1
103	270	3
104	245	1
105	250	4
106	245	1
107	231	4
108	253	7
109	260	2
110	248	4
111	260	3
112	247	7
113	263	3
114	240	4
115	248	6
116	270	3
117	248	5
118	248	3
119	250	2
120	243	3
121	263	1
122	254	6
123	251	2
124	241	3
125	236	2
126	242	3
127	245	2
128	254	3
129	239	2
130	253	3
131	264	4
132	258	2
133	257	1
134	254	3
135	271	2
136	261	7
137	247	1
138	243	4
139	248	1
140	260	1
141	246	2
142	261	3
143	259	3
144	250	2
145	258	1
146	231	6
147	254	1
148	259	0
149	255	2
150	233	2
151	251	2
152	246	2
153	246	2
154	243	4
155	245	1
156	263	1
157	250	4
158	238	4
159	246	3
160	257	2
161	256	4
162	217	2
163	240	4
164	258	2
165	244	2
166	254	4
167	258	2
168	258	5
169	233	3
170	253	3
171	268	2
172	239	1
173	252	5
174	244	0
175	265	0
176	263	5
177	239	2
178	247	3
179	254	5
180	268	1
181	250	5
182	242	1
183	234	2
184	273	3
185	244	4
186	257	2
187	240	7
188	241	2
189	231	2
190	240	1
191	248	3
192	249	4
193	253	5
194	237	5
195	257	1
196	261	3
197	247	3
198	265	2
199	248	6
200	256	0
201	245	0
202	232	1
203	256	1
204	220	3
205	257	3
206	236	3
207	259	2
208	261	3
209	241	7
210	247	2
211	242	3
212	246	1
213	245	0
214	249	2
215	267	4
216	247	1
217	247	3
218	238	2
219	232	1
220	247	4
221	241	1
222	232	2
223	238	4
224	239	1
225	223	3
226	247	2
227	236	0
228	273	3
229	236	0
230	255	2
231	233	1
232	263	7
233	270	2
234	260	3
235	248	3
236	247	2
237	243	2
238	249	3
239	240	5
240	237	2
241	258	0
242	237	4
243	223	2
244	249	0
245	252	1
246	251	1
247	256	3
248	252	2
249	249	3
250	250	5
251	276	3
252	232	7
253	249	4
254	254	3
255	261	1
256	264	4
257	239	3
258	248	2
259	266	2
260	253	2
261	242	4
262	244	2
263	265	1
264	237	4
265	266	1
266	265	0
267	240	2
268	234	2
269	227	1
270	251	4
271	271	4
272	268	2
273	239	2
274	252	2
275	239	3
276	243	2
277	251	0
278	264	2
279	248	2
280	259	0
281	257	3
282	259	1
283	243	1
284	249	2
285	246	4
286	240	4
287	240	2
288	252	4
289	257	1
290	253	2
291	262	3
292	248	2
293	269	2
294	228	2
295	238	0
296	262	0
297	259	0
298	232	1
299	278	6
300	267	7
301	255	2
302	261	2
303	263	1
304	241	1
305	255	1
306	255	1
307	262	2
308	234	4
309	231	2
310	248	2
311	251	5
312	246	4
313	246	2
314	240	2
315	243	2
316	237	4
317	245	3
318	244	4
319	240	1
320	244	0
321	270	2
322	253	3
323	257	3
324	250	1
325	247	4
326	230	6
327	257	2
328	263	4
329	244	0
330	235	2
331	266	0
332	235	1
333	249	1
334	242	5
335	245	5
336	266	0
337	262	3
338	256	2
339	250	2
340	250	4
341	243	2
342	242	4
343	257	1
344	253	4
345	240	3
346	252	3
347	263	3
348	233	5
349	259	4
350	262	2
351	275	3
352	239	4
353	240	2
354	235	4
355	243	3
356	249	1
357	239	1
358	265	4
359	246	2
360	254	5
361	245	3
362	267	0
363	252	4
364	253	4
365	235	1
366	253	3
367	224	2
368	271	0
369	261	4
370	241	2
371	249	2
372	247	2
373	246	5
374	258	2
375	239	1
376	241	2
377	250	1
378	264	5
379	243	0
380	244	3
381	249	3
382	238	3
383	253	3
384	254	3
385	256	2
386	238	1
387	220	3
388	251	6
389	224	3
390	252	3
391	277	2
392	234	3
393	255	1
394	262	2
395	240	3
396	246	1
397	227	2
398	255	4
399	253	2
400	245	0
401	242	0
402	231	0
403	267	5
404	259	2
405	261	2
406	246	1
407	250	4
408	231	1
409	249	2
410	266	2
411	254	2
412	268	2
413	259	4
414	253	2
415	236	3
416	228	3
417	262	3
418	234	1
419	255	1
420	245	4
421	251	1
422	241	4
423	255	2
424	259	3
425	258	0
426	245	6
427	252	1
428	258	1
429	249	1
430	262	1
431	250	2
432	244	2
433	245	3
434	246	3
435	249	1
436	255	1
437	251	3
438	241	2
439	272	1
440	250	1
441	263	3
442	235	2
443	260	1
444	262	3
445	248	0
446	245	1
447	237	2
448	241	2
449	248	4
450	241	0
451	255	7
452	266	2
453	261	3
454	262	2
455	270	5
456	249	2
457	259	1
458	263	2
459	270	1
460	252	7
461	253	1
462	244	3
463	257	2
464	249	4
465	257	0
466	236	2
467	251	1
468	262	5
469	261	2
470	265	0
471	268	2
472	236	1
473	261	5
474	236	1
475	248	3
476	249	2
477	273	2
478	243	5
479	268	4
480	249	6
481	254	2
482	257	5
483	249	1
484	250	4
485	260	0
486	246	2
487	259	3
488	225	2
489	262	2
490	266	4
491	235	2
492	241	0
493	240	2
494	241	5
495	242	4
496	259	3
497	256	2
498	255	5
499	232	1
500	235	2
501	255	1
502	252	4
503	245	4
504	246	1
505	244	4
506	266	1
507	245	3
508	230	1
509	268	0
510	240	1
511	258	3
512	274	6
513	237	3
514	250	1
515	255	3
516	241	4
517	259	4
518	236	2
519	247	3
520	271	2
521	246	3
522	241	3
523	250	2
524	251	3
525	265	0
526	248	3
527	255	3
528	261	1
529	255	3
530	248	2
531	269	3
532	257	1
533	256	3
534	240	4
535	249	0
536	250	1
537	245	1
538	251	0
539	278	4
540	234	3
541	248	3
542	249	4
543	243	3
544	233	3
545	246	1
546	260	2
547	252	2
548	229	1
549	252	4
550	263	1
551	240	3
552	251	0
553	232	3
554	239	1
555	231	1
556	229	3
557	249	1
558	244	3
559	246	7
560	261	5
561	251	2
562	245	3
563	248	1
564	267	5
565	244	2
566	250	0
567	259	5
568	265	2
569	258	1
570	277	5
571	255	3
572	262	2
573	255	4
574	247	1
575	244	0
576	266	2
577	247	6
578	250	6
579	250	2
580	255	3
581	261	4
582	238	0
583	242	2
584	247	2
585	253	6
586	258	4
587	238	2
588	230	3
589	242	0
590	245	2
591	256	3
592	236	1
593	260	3
594	255	4
595	238	4
596	235	4
597	251	1
598	256	1
599	248	1
600	231	0
601	275	0
602	257	1
603	264	1
604	249	5
605	247	4
606	247	5
607	249	2
608	240	2
609	258	3
610	231	3
611	271	5
612	246	4
613	242	4
614	237	0
615	230	1
616	232	2
617	274	2
618	233	1
619	231	2
620	244	3
621	265	1
622	229	1
623	257	2
624	264	3
625	259	3
626	245	6
627	240	6
628	244	1
629	249	4
630	257	1
631	262	3
632	261	1
633	232	2
634	240	3
635	263	5
636	235	4
637	272	2
638	272	3
639	254	2
640	224	0
641	237	3
642	264	2
643	276	1
644	255	1
645	250	0
646	259	1
647	246	0
648	249	1
649	251	4
650	255	2
651	237	0
652	265	3
653	262	6
654	255	2
655	239	0
656	255	5
657	222	1
658	251	3
659	239	1
660	268	3
661	259	5
662	225	4
663	235	4
664	264	2
665	259	3
666	249	3
667	250	3
668	253	2
669	248	2
670	252	0
671	233	3
672	242	2
673	258	4
674	256	2
675	266	5
676	254	3
677	250	1
678	251	4
679	257	4
680	243	1
681	245	1
682	243	0
683	237	5
684	250	3
685	243	0
686	249	0
687	268	2
688	249	0
689	253	1
690	260	1
691	255	2
692	258	3
693	241	1
694	248	1
695	263	4
696	233	2
697	250	4
698	259	0
699	246	3
700	249	2
701	267	3
702	266	3
703	245	0
704	257	3
705	243	0
706	270	4
707	248	4
708	248	0
709	238	2
710	229	2
711	264	3
712	242	2
713	245	1
714	233	1
715	262	2
716	260	1
717	257	2
718	257	1
719	246	1
720	240	6
721	262	3
722	232	3
723	251	1
724	247	4
725	272	3
726	256	4
727	249	3
728	233	2
729	230	5
730	250	5
731	255	2
732	257	3
733	250	4
734	231	2
735	261	2
736	253	2
737	256	2
738	258	2
739	269	5
740	240	1
741	248	7
742	245	3
743	233	2
744	240	5
745	259	6
746	278	3
747	254	5
748	257	1
749	249	4
750	256	2
751	239	3
752	244	1
753	262	3
754	247	6
755	270	3
756	256	3
757	248	2
758	236	3
759	260	1
760	254	1
761	253	3
762	236	1
763	251	0
764	272	2
765	243	3
766	266	1
767	258	1
768	254	8
769	242	2
770	240	1
771	231	4
772	236	0
773	241	4
774	254	3
775	243	1
776	263	2
777	259	3
778	270	2
779	244	2
780	253	5
781	250	2
782	261	3
783	245	0
784	217	3
785	256	5
786	240	2
787	245	5
788	252	4
789	274	2
790	260	4
791	263	1
792	251	4
793	242	1
794	240	6
795	269	4
796	252	0
797	248	6
798	246	2
799	243	2
800	248	4
801	222	4
802	256	0
803	248	2
804	256	5
805	250	4
806	261	1
807	250	3
808	257	4
809	238	6
810	257	4
811	242	3
812	265	1
813	263	1
814	252	4
815	243	2
816	220	1
817	252	2
818	248	5
819	240	6
820	250	4
821	265	3
822	249	4
823	256	1
824	249	3
825	239	2
826	251	1
827	241	0
828	243	4
829	257	5
830	254	3
831	242	2
832	245	2
833	261	3
834	245	4
835	260	2
836	246	2
837	254	4
838	256	0
839	252	6
840	273	4
841	245	1
842	246	4
843	260	2
844	266	5
845	266	3
846	221	7
847	248	2
848	240	3
849	268	1
850	244	5
851	251	3
852	243	0
853	243	4
854	257	2
855	270	3
856	272	5
857	247	5
858	253	2
859	262	2
860	246	4
861	256	2
862	250	1
863	265	2
864	258	2
865	234	2
866	257	1
867	255	1
868	245	2
869	255	2
870	240	2
871	258	1
872	263	6
873	235	2
874	269	4
875	265	0
876	222	1
877	255	6
878	253	3
879	262	3
880	256	4
881	239	4
882	246	3
883	244	1
884	240	5
885	257	2
886	255	3
887	259	6
888	247	8
889	243	3
890	245	2
891	244	1
892	245	4
893	250	3
894	251	3
895	268	1
896	245	4
897	255	4
898	260	2
899	249	2
900	256	2
901	248	0
902	250	5
903	245	2
904	252	2
905	252	2
906	256	1
907	262	3
908	242	6
909	244	3
910	254	2
911	239	3
912	245	3
913	244	1
914	234	3
915	251	2
916	246	0
917	239	1
918	262	0
919	261	1
920	234	2
921	237	0
922	250	2
923	258	0
924	236	2
925	238	2
926	264	1
927	244	3
928	244	0
929	236	1
930	268	3
931	256	1
932	277	1
933	235	2
934	247	0
935	240	3
936	247	4
937	261	4
938	225	0
939	248	4
940	252	3
941	259	3
942	244	1
943	243	5
944	241	1
945	258	2
946	248	4
947	247	2
948	254	4
949	256	1
950	239	2
951	264	1
952	239	1
953	283	5
954	256	6
955	268	3
956	238	4
957	242	2
958	272	4
959	244	2
960	238	4
961	241	1
962	261	5
963	261	1
964	234	0
965	256	5
966	248	4
967	265	2
968	253	2
969	247	1
970	268	3
971	234	2
972	252	2
973	235	3
974	252	4
975	266	1
976	248	2
977	261	2
978	237	0
979	245	2
980	257	2
981	251	2
982	237	7
983	261	2
984	256	8
985	254	3
986	241	1
987	241	3
988	252	1
989	249	0
990	245	1
991	237	6
992	259	0
993	238	2
994	250	0
995	254	2
996	248	3
997	252	3
998	233	1
999	242	2
