0	2000	0
1	1093	211
2	1013	70
3	1004	98
4	985	69
5	1021	70
6	1022	99
7	1009	93
8	1031	97
9	1007	120
10	1058	117
11	999	106
12	997	103
13	1004	110
14	995	123
15	1010	122
16	1025	95
17	1017	96
18	1010	88
19	968	79
20	979	88
21	1024	104
22	996	107
23	1012	99
24	1020	116
25	973	143
26	985	102
27	970	109
28	977	73
29	991	88
30	995	85
31	1023	104
32	955	133
33	1015	132
34	1016	111
35	1028	126
36	1020	125
37	992	113
38	1010	80
39	982	93
40	1011	103
41	1021	83
42	1024	107
43	983	106
44	1000	98
45	988	111
46	986	148
47	1013	91
48	963	80
49	989	85
50	992	6
51	987	0
52	1015	70
53	1035	141
54	990	133
55	1017	104
56	1004	108
57	1032	121
58	984	107
59	1007	147
60	995	150
61	1033	129
62	986	156
63	1004	153
64	1035	135
65	963	118
66	1017	133
67	1011	118
68	991	152
69	989	173
70	1039	157
71	974	172
72	997	162
73	987	165
74	995	139
75	1015	110
76	989	158
77	1001	157
78	991	169
79	1024	129
80	1006	149
81	1002	130
82	985	128
83	1069	158
84	1075	153
85	1031	143
86	1009	164
87	986	169
88	929	128
89	1010	148
90	999	125
91	978	140
92	1015	142
93	971	155
94	1040	111
95	989	152
96	974	133
97	982	102
98	1039	115
99	1017	165
100	1020	13
101	990	0
102	1001	71
103	979	90
104	1008	102
105	1016	156
106	980	167
107	963	133
108	1042	142
109	1019	136
110	977	111
111	1031	126
112	1008	148
113	1007	158
114	986	176
115	978	122
116	1013	132
117	1001	158
118	967	142
119	999	157
120	983	183
121	1026	105
122	1006	108
123	952	117
124	963	128
125	1028	113
126	1008	117
127	1004	118
128	973	141
129	1007	149
130	1017	140
131	1000	112
132	1009	156
133	1026	151
134	1001	153
135	984	118
136	1016	131
137	1024	128
138	986	111
139	1010	142
140	955	159
141	954	136
142	1038	114
143	997	103
144	1019	138
145	1035	154
146	976	149
147	999	126
148	982	150
149	983	122
150	971	2
151	956	0
152	1011	63
153	1002	133
154	1011	149
155	1020	130
156	1007	140
157	1011	155
158	999	96
159	978	101
160	1029	130
161	1019	132
162	978	139
163	989	145
164	957	129
165	1008	114
166	996	133
167	1030	152
168	1022	154
169	1025	111
170	989	152
171	1012	121
172	996	124
173	1020	144
174	1005	141
175	1057	102
176	995	146
177	977	156
178	946	142
179	1008	112
180	974	116
181	981	102
182	1003	114
183	996	154
184	949	159
185	1006	104
186	983	129
187	984	160
188	1024	127
189	979	147
190	1002	136
191	1014	112
192	1017	122
193	978	135
194	1018	135
195	1067	73
196	1009	91
197	1004	107
198	988	129
199	985	160
200	1017	11
201	1030	0
202	1015	124
203	1014	146
204	987	148
205	1014	133
206	1019	173
207	989	145
208	985	185
209	962	163
210	993	109
211	1028	106
212	953	127
213	986	133
214	1007	164
215	980	139
216	1013	141
217	963	196
218	988	176
219	1005	135
220	960	63
221	972	85
222	1022	94
223	973	126
224	1042	147
225	974	132
226	1021	111
227	1010	91
228	1021	138
229	981	157
230	1022	118
231	1021	133
232	1031	110
233	1045	127
234	991	131
235	956	123
236	1025	114
237	1006	124
238	962	125
239	1012	178
240	1042	149
241	1004	149
242	1009	158
243	974	158
244	1022	131
245	1021	169
246	1015	146
247	963	102
248	968	98
249	1005	90
250	987	6
251	986	0
252	945	140
253	969	168
254	1004	127
255	1019	130
256	995	112
257	1009	172
258	989	146
259	995	145
260	1050	154
261	968	135
262	1046	116
263	1015	146
264	1000	117
265	1000	112
266	975	125
267	1009	136
268	1026	114
269	1007	120
270	982	105
271	1026	130
272	1005	156
273	1029	105
274	1012	127
275	964	131
276	971	105
277	1011	135
278	1016	146
279	974	169
280	1000	127
281	1009	106
282	1009	95
283	986	112
284	972	137
285	995	142
286	1034	136
287	1014	174
288	1012	153
289	1036	116
290	992	153
291	980	144
292	1025	137
293	1036	143
294	996	131
295	1022	102
296	990	112
297	1011	116
298	977	136
299	983	140
300	971	5
301	1016	0
302	998	116
303	996	121
304	1004	150
305	996	146
306	984	117
307	1012	126
308	1007	144
309	985	143
310	996	123
311	1001	146
312	1045	143
313	1014	126
314	1019	124
315	1021	144
316	1018	125
317	978	91
318	1020	129
319	998	106
320	1001	164
321	1037	148
322	1018	189
323	988	159
324	1019	90
325	1015	136
326	1007	158
327	1039	144
328	1012	148
329	1027	162
330	1016	159
331	1006	124
332	1026	114
333	1019	121
334	1014	149
335	1013	121
336	1037	108
337	1012	145
338	1017	129
339	994	182
340	977	150
341	977	160
342	1025	134
343	1008	166
344	1022	152
345	1030	188
346	981	119
347	999	140
348	990	172
349	1005	121
350	970	1
351	1028	0
352	1030	164
353	1022	97
354	1005	150
355	982	128
356	1020	82
357	1037	136
358	1035	145
359	989	93
360	994	110
361	987	175
362	983	83
363	974	105
364	1004	70
365	1032	99
366	1043	135
367	995	129
368	986	150
369	1035	114
370	1039	144
371	964	157
372	963	141
373	1003	153
374	1018	154
375	980	96
376	989	138
377	1016	85
378	1025	88
379	988	166
380	1003	121
381	983	104
382	1002	113
383	1001	174
384	991	137
385	1011	162
386	1020	153
387	1048	130
388	978	148
389	1015	138
390	982	142
391	961	144
392	989	171
393	978	161
394	995	147
395	1005	145
396	1017	92
397	956	122
398	1016	123
399	997	117
400	1011	2
401	1043	0
402	988	170
403	1043	143
404	1023	179
405	982	107
406	994	122
407	980	117
408	1033	72
409	1004	85
410	1013	123
411	1011	153
412	996	206
413	964	157
414	1018	136
415	1017	137
416	1005	76
417	974	71
418	1006	135
419	1003	141
420	1040	151
421	963	138
422	1003	70
423	969	63
424	999	110
425	1001	124
426	973	72
427	987	80
428	1007	103
429	1023	84
430	1009	131
431	965	133
432	997	114
433	1041	151
434	958	145
435	1009	99
436	1010	102
437	1000	94
438	1033	170
439	1026	72
440	998	100
441	1015	100
442	1007	129
443	993	131
444	973	113
445	1026	151
446	979	137
447	1035	126
448	1002	76
449	1016	100
450	981	0
451	990	0
452	979	162
453	973	127
454	1011	107
455	998	105
456	1016	158
457	1035	141
458	1004	161
459	982	206
460	988	143
461	998	161
462	993	110
463	991	125
464	1021	151
465	1026	103
466	1003	59
467	998	63
468	1008	112
469	961	136
470	1017	97
471	1012	88
472	983	89
473	1016	145
474	1014	94
475	992	88
476	1009	85
477	988	107
478	1005	128
479	979	120
480	995	93
481	1016	111
482	1007	130
483	1032	143
484	960	102
485	985	168
486	993	152
487	1013	110
488	1034	93
489	991	96
490	994	117
491	1011	127
492	1009	107
493	948	98
494	1043	141
495	1034	111
496	1014	111
497	994	189
498	960	136
499	984	77
500	1157	139
501	979	0
502	1018	0
503	1025	99
504	1009	164
505	1045	99
506	965	164
507	992	151
508	1007	177
509	1015	137
510	998	143
511	1000	158
512	1008	106
513	1004	116
514	1012	147
515	976	161
516	1007	115
517	1024	109
518	995	127
519	976	137
520	957	135
521	1008	104
522	981	96
523	1005	195
524	1011	119
525	1007	182
526	1000	200
527	977	125
528	1023	105
529	1006	185
530	999	116
531	1011	76
532	1050	122
533	1000	170
534	1008	138
535	985	124
536	968	94
537	1007	78
538	988	127
539	964	134
540	982	145
541	1027	100
542	1002	108
543	1016	66
544	966	135
545	989	135
546	1023	176
547	980	145
548	973	92
549	982	100
550	995	0
551	1011	0
552	967	268
553	972	253
554	1014	143
555	976	145
556	1011	119
557	1015	77
558	1010	99
559	981	144
560	986	51
561	1013	68
562	1026	0
563	1029	113
564	981	113
565	1006	94
566	954	137
567	982	78
568	1004	110
569	973	142
570	990	198
571	1016	88
572	984	92
573	967	114
574	1017	132
575	1006	165
576	1011	231
577	1007	146
578	996	177
579	990	146
580	988	88
581	1014	58
582	1025	97
583	989	152
584	1000	146
585	1015	99
586	1031	46
587	979	104
588	992	101
589	1011	89
590	963	42
591	1000	68
592	955	184
593	967	171
594	975	132
595	977	60
596	999	138
597	963	172
598	998	162
599	999	165
600	1020	0
601	995	0
602	970	438
603	1016	179
604	962	111
605	996	113
606	1004	91
607	991	106
608	953	124
609	986	116
610	1037	115
611	993	143
612	1008	159
613	1024	104
614	989	145
615	968	169
616	1012	194
617	1005	147
618	1014	101
619	1003	131
620	966	84
621	1018	94
622	998	140
623	961	57
624	993	77
625	991	72
626	990	71
627	993	60
628	1050	59
629	988	107
630	1021	166
631	991	77
632	994	81
633	1012	0
634	1028	126
635	973	164
636	980	187
637	1036	171
638	1032	138
639	1021	60
640	1030	90
641	977	106
642	1034	107
643	1016	157
644	1005	87
645	1012	92
646	991	37
647	968	82
648	1028	132
649	992	166
650	994	0
651	1034	0
652	1035	235
653	984	161
654	1032	165
655	1013	202
656	1001	34
657	1009	0
658	1009	118
659	989	61
660	999	100
661	980	34
662	1016	70
663	1035	103
664	975	139
665	995	90
666	996	39
667	1015	116
668	963	114
669	1013	68
670	970	137
671	992	135
672	1032	202
673	977	194
674	997	247
675	990	155
676	977	149
677	1015	210
678	1051	57
679	1034	82
680	1007	20
681	1002	158
682	1016	109
683	996	137
684	977	157
685	1011	125
686	1034	106
687	1032	126
688	1008	136
689	1022	170
690	1008	51
691	1010	65
692	1010	170
693	1017	186
694	1015	205
695	1017	182
696	984	148
697	1020	179
698	996	227
699	997	174
700	1029	0
701	996	0
702	985	189
703	976	195
704	1036	30
705	986	0
706	982	80
707	983	199
708	1008	231
709	1017	76
710	998	65
711	1009	113
712	1009	134
713	1013	1
714	1025	96
715	962	145
716	1038	0
717	982	88
718	997	124
719	1011	73
720	988	120
721	998	94
722	1019	178
723	988	204
724	1015	185
725	970	178
726	996	192
727	1021	209
728	1006	156
729	960	107
730	996	134
731	995	240
732	992	35
733	1005	68
734	994	129
735	1032	2
736	1018	0
737	1025	149
738	997	103
739	983	47
740	1007	5
741	986	123
742	1023	135
743	1018	149
744	978	179
745	1017	139
746	1014	136
747	1037	182
748	1008	217
749	1049	313
750	1038	1
751	1018	0
752	975	397
753	1002	243
754	1044	282
755	1043	0
756	1034	45
757	976	120
758	1002	157
759	1017	135
760	1005	168
761	996	164
762	994	0
763	964	151
764	1017	214
765	987	247
766	995	129
767	1022	63
768	1040	146
769	989	105
770	942	61
771	972	95
772	1020	62
773	1030	48
774	975	108
775	1032	82
776	984	112
777	1023	202
778	991	250
779	981	86
780	1019	133
781	1003	55
782	997	67
783	1050	66
784	990	154
785	995	68
786	1002	79
787	991	152
788	1015	113
789	994	170
790	1027	164
791	1016	155
792	962	134
793	1019	169
794	1005	215
795	1007	55
796	1005	90
797	1033	0
798	1014	68
799	1009	4
800	1123	143
801	1030	62
802	993	0
803	991	133
804	1020	47
805	996	75
806	998	197
807	1027	26
808	1014	129
809	981	0
810	974	0
811	1000	42
812	998	114
813	1004	112
814	990	130
815	994	0
816	1021	7
817	995	129
818	992	136
819	990	29
820	1015	58
821	1011	0
822	1035	0
823	1031	153
824	939	182
825	978	187
826	995	206
827	1009	90
828	1001	51
829	1034	45
830	962	0
831	1014	140
832	1022	165
833	1002	95
834	1016	96
835	997	142
836	990	1
837	1005	103
838	984	142
839	966	108
840	1023	86
841	983	156
842	971	185
843	983	226
844	1022	158
845	948	197
846	994	228
847	974	286
848	1025	207
849	974	173
850	945	0
851	994	0
852	982	188
853	994	69
854	1018	185
855	994	167
856	1019	2
857	976	43
858	1026	114
859	1011	0
860	981	50
861	1016	137
862	1030	135
863	985	155
864	1011	33
865	1013	0
866	988	130
867	1029	151
868	979	238
869	1053	120
870	1004	81
871	1019	145
872	1017	137
873	978	1
874	951	37
875	992	71
876	989	139
877	998	135
878	972	193
879	1005	189
880	1006	154
881	996	185
882	970	144
883	1018	101
884	960	135
885	990	97
886	1021	0
887	994	121
888	999	171
889	986	24
890	1011	52
891	1011	79
892	990	205
893	955	0
894	1020	69
895	1005	168
896	1016	131
897	987	0
898	1015	80
899	972	117
900	956	0
901	975	0
902	984	89
903	1000	143
904	992	12
905	1007	109
906	1059	1
907	952	0
908	962	91
909	994	3
910	989	18
911	1019	136
912	1005	153
913	1033	97
914	977	194
915	969	194
916	1005	129
917	1022	141
918	1035	133
919	1017	3
920	968	83
921	992	152
922	1008	83
923	1012	153
924	1012	147
925	1040	97
926	1002	58
927	983	58
928	968	135
929	1011	198
930	1003	159
931	969	78
932	998	111
933	984	189
934	955	51
935	995	179
936	988	206
937	978	139
938	1028	106
939	1023	0
940	1021	96
941	1008	143
942	992	82
943	969	185
944	1017	219
945	989	101
946	994	127
947	977	0
948	991	130
949	984	242
950	1292	256
951	965	0
952	1017	0
953	1014	0
954	1001	114
955	1024	0
956	999	140
957	1002	68
958	1006	0
959	998	0
960	987	64
961	980	26
962	1010	73
963	993	162
964	998	53
965	1041	78
966	1013	188
967	956	150
968	990	1
969	1025	143
970	985	245
971	1030	274
972	1006	88
973	1008	212
974	988	161
975	984	175
976	1031	202
977	974	63
978	971	1
979	989	88
980	1019	204
981	986	163
982	1024	161
983	994	134
984	1005	90
985	997	62
986	995	116
987	977	29
988	984	58
989	1002	0
990	1032	0
991	991	169
992	1010	64
993	1011	79
994	989	101
995	1024	113
996	1028	174
997	1022	47
998	981	13
999	1024	0
