0	2000	0
1	1010	62
2	999	4
3	997	19
4	996	0
5	1017	0
6	1019	16
7	998	16
8	1020	18
9	993	30
10	1055	26
11	997	32
12	998	14
13	991	25
14	988	34
15	1021	41
16	1024	10
17	1002	7
18	1006	2
19	991	0
20	998	7
21	1021	27
22	993	16
23	994	21
24	1010	32
25	972	52
26	973	16
27	969	16
28	996	0
29	986	1
30	1024	0
31	1031	18
32	969	47
33	1019	38
34	1012	27
35	1034	36
36	1028	39
37	999	30
38	1003	1
39	978	5
40	996	22
41	1015	1
42	1016	25
43	976	17
44	1000	24
45	979	24
46	988	58
47	1023	13
48	971	0
49	980	2
50	1030	17
51	996	54
52	1021	26
53	1018	20
54	997	4
55	1015	0
56	1004	0
57	1014	3
58	993	0
59	1005	21
60	997	38
61	1026	12
62	983	39
63	1012	21
64	1023	23
65	955	10
66	1019	15
67	1005	10
68	997	34
69	986	50
70	1022	46
71	972	54
72	987	38
73	987	57
74	996	22
75	1021	0
76	984	27
77	994	42
78	986	44
79	1020	15
80	995	28
81	996	14
82	987	16
83	1056	41
84	1071	31
85	1031	31
86	1019	44
87	993	42
88	935	6
89	1000	36
90	996	14
91	971	25
92	1012	25
93	982	32
94	1020	1
95	977	34
96	999	18
97	998	0
98	1026	8
99	1016	34
100	990	42
101	996	27
102	1019	3
103	985	0
104	1020	0
105	1027	35
106	975	56
107	956	30
108	1038	34
109	1020	15
110	972	6
111	1024	21
112	1010	34
113	985	50
114	990	46
115	992	8
116	996	25
117	991	32
118	971	10
119	979	43
120	984	44
121	1028	9
122	1009	5
123	958	7
124	969	26
125	1025	8
126	1009	0
127	1001	9
128	986	28
129	1004	38
130	1009	20
131	982	0
132	1020	27
133	1022	39
134	1001	49
135	981	3
136	1010	11
137	1014	12
138	982	13
139	1004	36
140	959	37
141	974	8
142	1039	5
143	996	0
144	1001	20
145	1037	42
146	971	16
147	1004	9
148	978	36
149	981	6
150	1030	8
151	984	3
152	1012	0
153	997	32
154	1005	35
155	1032	34
156	1010	35
157	1006	42
158	1021	4
159	979	0
160	1033	18
161	1034	19
162	964	27
163	979	33
164	955	27
165	993	9
166	1014	19
167	1033	31
168	1022	22
169	1029	5
170	980	31
171	1011	20
172	1004	6
173	1013	17
174	1010	22
175	1058	1
176	994	19
177	984	27
178	941	19
179	1001	3
180	968	0
181	993	0
182	996	1
183	1002	38
184	949	31
185	1019	3
186	992	0
187	969	19
188	1020	15
189	991	13
190	1010	4
191	1020	8
192	1015	2
193	995	24
194	1027	14
195	1066	0
196	1020	0
197	1013	0
198	997	10
199	985	48
200	1026	2
201	1030	0
202	1002	5
203	1016	32
204	1011	12
205	1017	18
206	1028	38
207	976	18
208	955	49
209	964	43
210	989	3
211	1022	0
212	961	11
213	1004	27
214	1019	34
215	972	23
216	1029	31
217	957	84
218	997	63
219	1016	8
220	969	0
221	983	0
222	1013	1
223	968	19
224	1031	26
225	959	19
226	1022	2
227	1023	0
228	1024	21
229	990	22
230	1026	0
231	1016	10
232	1043	4
233	1048	28
234	987	5
235	960	11
236	1025	26
237	1020	4
238	976	13
239	1014	48
240	1023	40
241	999	40
242	994	47
243	981	37
244	1004	19
245	1018	44
246	1016	31
247	967	6
248	960	0
249	1001	0
250	978	28
251	980	11
252	943	14
253	963	26
254	1004	9
255	1014	9
256	975	0
257	1007	54
258	985	46
259	970	36
260	1052	46
261	969	20
262	1043	13
263	1009	32
264	1004	19
265	1002	28
266	968	8
267	1007	6
268	1019	7
269	1006	11
270	975	14
271	1022	34
272	1010	19
273	1033	1
274	1014	25
275	969	16
276	960	0
277	1020	16
278	999	15
279	978	37
280	996	1
281	1005	0
282	1006	0
283	992	0
284	969	20
285	991	30
286	1025	15
287	1014	42
288	996	17
289	1037	9
290	996	41
291	984	26
292	1019	13
293	1042	27
294	986	9
295	1022	6
296	995	11
297	1021	2
298	945	0
299	989	14
300	969	1
301	977	21
302	1016	22
303	993	0
304	986	24
305	979	15
306	1007	6
307	1014	4
308	1001	14
309	980	2
310	992	3
311	1001	4
312	1033	49
313	1008	38
314	1017	30
315	1030	21
316	1031	12
317	983	12
318	1018	15
319	1006	6
320	993	42
321	1017	44
322	1011	60
323	972	23
324	1021	0
325	1017	8
326	998	39
327	1028	37
328	1004	36
329	1031	38
330	1016	25
331	989	9
332	1023	15
333	995	29
334	1016	15
335	1021	1
336	1025	0
337	1006	19
338	1006	14
339	982	38
340	977	30
341	991	42
342	1017	26
343	1008	30
344	1018	24
345	1035	35
346	981	13
347	982	41
348	1000	42
349	999	3
350	1011	1
351	1032	13
352	1046	10
353	1009	0
354	1012	9
355	979	1
356	1009	3
357	1048	13
358	1016	10
359	995	1
360	984	18
361	1005	11
362	990	0
363	971	0
364	1014	6
365	1046	7
366	1041	33
367	993	25
368	986	24
369	1032	15
370	1040	19
371	982	35
372	966	18
373	993	11
374	1043	19
375	988	4
376	999	24
377	1013	6
378	1019	0
379	995	31
380	992	6
381	996	3
382	989	0
383	983	32
384	991	39
385	1023	62
386	1029	12
387	1019	9
388	982	16
389	1013	18
390	985	33
391	961	22
392	988	32
393	982	31
394	1001	43
395	1005	27
396	1025	0
397	952	12
398	1026	23
399	1011	1
400	1013	0
401	1043	0
402	995	13
403	1044	4
404	1039	43
405	986	13
406	1000	36
407	993	8
408	1025	0
409	1002	13
410	1003	25
411	1004	44
412	980	62
413	964	29
414	988	12
415	1007	7
416	1025	10
417	964	11
418	1014	9
419	999	5
420	1056	21
421	971	6
422	1017	0
423	968	20
424	1006	7
425	1018	19
426	976	1
427	997	0
428	1014	12
429	1015	0
430	1000	18
431	962	28
432	996	19
433	1052	24
434	961	22
435	1010	18
436	1017	3
437	990	0
438	1031	28
439	1036	0
440	993	1
441	1001	4
442	1008	10
443	977	3
444	975	3
445	1038	35
446	968	22
447	1031	4
448	1010	10
449	1022	0
450	1000	8
451	1008	29
452	963	16
453	992	20
454	994	2
455	1003	0
456	1012	38
457	1027	37
458	1022	35
459	969	49
460	995	22
461	995	30
462	992	31
463	991	11
464	1020	34
465	1016	9
466	1001	3
467	1001	0
468	1008	0
469	990	3
470	998	0
471	998	0
472	981	13
473	1019	14
474	1012	0
475	992	0
476	1008	0
477	995	18
478	1019	34
479	985	0
480	1008	0
481	1025	12
482	1018	21
483	1040	27
484	947	3
485	976	39
486	1025	6
487	1005	2
488	1033	6
489	996	33
490	1007	14
491	999	7
492	996	4
493	970	28
494	1034	30
495	1025	12
496	1007	6
497	983	56
498	966	6
499	987	0
500	988	16
501	981	34
502	1022	22
503	1015	33
504	1020	17
505	1041	9
506	959	10
507	993	8
508	1011	25
509	1007	7
510	987	30
511	1001	1
512	1016	18
513	997	21
514	1010	19
515	988	23
516	1016	26
517	1025	16
518	997	9
519	960	31
520	956	2
521	1020	16
522	977	38
523	982	60
524	1016	14
525	989	56
526	1019	65
527	971	9
528	1022	0
529	1005	30
530	987	12
531	1004	17
532	1049	15
533	994	28
534	1006	30
535	981	26
536	964	22
537	1009	34
538	997	28
539	969	21
540	955	30
541	1021	34
542	1002	2
543	1011	13
544	978	39
545	1003	13
546	1026	15
547	971	6
548	990	5
549	982	0
550	978	22
551	1023	39
552	1000	35
553	963	2
554	1008	15
555	981	28
556	999	5
557	1014	30
558	1006	25
559	983	14
560	977	2
561	1013	0
562	1026	0
563	1021	23
564	980	16
565	993	19
566	952	23
567	990	0
568	1002	8
569	988	15
570	989	43
571	1009	11
572	1002	12
573	957	18
574	1016	37
575	1006	33
576	993	75
577	998	63
578	1004	37
579	985	7
580	989	5
581	1019	9
582	1014	0
583	992	9
584	1004	40
585	1008	4
586	1032	17
587	977	46
588	995	24
589	1014	0
590	956	5
591	1002	18
592	961	34
593	973	21
594	973	18
595	981	10
596	1007	42
597	966	51
598	989	53
599	1004	34
600	1020	0
601	995	0
602	991	17
603	1008	25
604	973	2
605	1014	9
606	985	4
607	974	15
608	967	32
609	990	6
610	1020	2
611	988	16
612	994	25
613	1021	7
614	976	30
615	986	37
616	989	43
617	1018	26
618	1017	14
619	1006	10
620	977	25
621	1007	5
622	995	19
623	966	0
624	1000	0
625	989	0
626	996	5
627	1002	7
628	1061	0
629	992	9
630	1009	8
631	991	1
632	989	0
633	1011	9
634	1034	28
635	978	57
636	989	46
637	1020	21
638	1016	56
639	1026	37
640	1031	25
641	983	22
642	1044	5
643	993	44
644	1000	20
645	1013	1
646	991	23
647	972	6
648	1010	8
649	973	19
650	1004	31
651	1006	41
652	1016	40
653	970	23
654	1008	33
655	1026	39
656	995	0
657	1009	0
658	1004	15
659	994	36
660	991	22
661	981	1
662	1017	1
663	1025	3
664	968	26
665	999	0
666	991	16
667	1014	9
668	973	12
669	1011	0
670	968	29
671	992	29
672	1045	27
673	987	14
674	981	43
675	997	26
676	978	36
677	1011	46
678	1066	10
679	1028	0
680	1003	0
681	1001	9
682	1005	18
683	1008	27
684	980	18
685	1022	0
686	1032	32
687	1049	23
688	1012	24
689	1018	34
690	1013	0
691	1003	0
692	1013	63
693	1015	48
694	1020	62
695	1002	27
696	963	33
697	1023	44
698	1007	52
699	983	42
700	999	15
701	1011	4
702	972	28
703	968	49
704	1023	9
705	983	11
706	984	42
707	978	40
708	1031	32
709	1025	0
710	987	34
711	1007	21
712	1037	12
713	1014	0
714	1018	15
715	966	33
716	1038	0
717	986	12
718	976	27
719	1036	14
720	1000	4
721	1004	0
722	1008	27
723	971	17
724	1016	14
725	971	19
726	1010	20
727	1014	24
728	1003	21
729	965	32
730	984	20
731	1000	27
732	991	16
733	998	23
734	981	22
735	1031	1
736	1018	4
737	1018	30
738	999	27
739	985	1
740	1008	16
741	982	13
742	1021	3
743	1001	0
744	974	11
745	1002	22
746	1009	47
747	1025	58
748	999	80
749	1016	70
750	1010	35
751	1009	5
752	970	28
753	1010	45
754	1027	25
755	1047	10
756	1044	5
757	970	20
758	989	22
759	1020	2
760	998	13
761	984	2
762	998	4
763	969	24
764	997	0
765	990	34
766	1007	1
767	1015	8
768	1034	68
769	989	31
770	960	9
771	980	7
772	1016	18
773	1025	1
774	974	23
775	1050	4
776	984	10
777	1013	12
778	999	36
779	982	1
780	1030	22
781	1011	3
782	1008	0
783	1046	0
784	976	26
785	993	26
786	1001	0
787	1005	12
788	1020	10
789	1014	4
790	1039	6
791	1019	0
792	973	39
793	1021	47
794	990	66
795	1007	3
796	1007	8
797	1033	2
798	1007	1
799	1006	1
800	1020	0
801	974	0
802	993	0
803	984	0
804	1013	0
805	991	0
806	985	30
807	1033	18
808	1005	40
809	981	0
810	974	0
811	990	6
812	998	22
813	996	0
814	1000	12
815	989	5
816	1020	0
817	999	37
818	1001	29
819	989	0
820	1019	22
821	1011	0
822	1048	27
823	1013	5
824	954	31
825	996	21
826	994	37
827	1011	6
828	1000	0
829	1018	1
830	962	0
831	1000	30
832	1017	12
833	1002	29
834	1008	24
835	995	28
836	990	1
837	989	27
838	982	6
839	972	26
840	1024	1
841	978	23
842	963	49
843	960	41
844	1018	6
845	962	25
846	962	18
847	1010	46
848	1006	4
849	991	12
850	1026	0
851	1003	0
852	967	7
853	987	34
854	1009	26
855	999	2
856	1017	0
857	976	23
858	1034	36
859	1007	6
860	986	17
861	1024	43
862	1033	12
863	992	38
864	1011	33
865	1010	3
866	982	0
867	1033	13
868	974	53
869	1040	13
870	1013	4
871	1005	21
872	990	42
873	979	6
874	956	0
875	979	12
876	1000	0
877	1003	0
878	977	20
879	1003	33
880	1011	19
881	1003	6
882	965	1
883	1023	0
884	949	6
885	994	15
886	1025	28
887	980	33
888	1002	60
889	984	30
890	1011	0
891	1008	0
892	999	4
893	955	0
894	1035	4
895	1002	1
896	1014	5
897	987	4
898	1014	27
899	980	1
900	982	0
901	978	23
902	977	0
903	989	0
904	995	5
905	1007	1
906	1058	0
907	954	16
908	980	49
909	987	34
910	992	9
911	1020	27
912	994	18
913	1044	22
914	961	30
915	972	35
916	1003	51
917	1020	55
918	1036	46
919	1017	25
920	976	39
921	990	42
922	995	22
923	1018	23
924	1024	7
925	1011	0
926	1006	18
927	973	30
928	991	6
929	1022	31
930	1003	49
931	978	21
932	1003	26
933	979	0
934	946	0
935	1003	33
936	1000	18
937	967	26
938	1013	1
939	1023	0
940	1019	0
941	989	0
942	993	1
943	966	24
944	1010	2
945	978	0
946	987	0
947	978	5
948	990	45
949	983	49
950	1023	1
951	1036	21
952	1017	0
953	1014	0
954	1002	19
955	1020	34
956	1000	23
957	999	15
958	1006	0
959	998	0
960	990	27
961	977	27
962	1013	46
963	983	0
964	995	0
965	1049	8
966	999	26
967	957	11
968	985	22
969	1026	18
970	973	45
971	1022	22
972	997	11
973	1021	53
974	996	11
975	1009	18
976	1037	24
977	975	34
978	978	20
979	993	12
980	1011	28
981	987	8
982	1029	0
983	989	1
984	1001	26
985	992	3
986	993	22
987	984	22
988	980	10
989	1001	1
990	1032	0
991	996	6
992	1008	20
993	1019	51
994	992	34
995	1026	15
996	1036	18
997	1021	38
998	979	9
999	1021	11
