0	500	0
1	264	23
2	249	1
3	251	2
4	251	6
5	234	0
6	245	4
7	240	24
8	248	8
9	244	0
10	241	0
11	261	1
12	208	0
13	263	0
14	259	14
15	242	13
16	256	3
17	249	8
18	243	5
19	250	14
20	222	13
21	250	12
22	250	7
23	237	24
24	264	0
25	227	0
26	216	7
27	237	4
28	249	22
29	255	11
30	260	1
31	243	11
32	243	9
33	250	10
34	244	0
35	246	0
36	242	4
37	228	14
38	238	4
39	243	0
40	260	0
41	260	0
42	250	11
43	231	9
44	259	1
45	236	4
46	233	16
47	263	3
48	244	5
49	278	8
50	261	10
51	250	0
52	254	0
53	246	1
54	246	0
55	275	1
56	259	3
57	231	0
58	220	0
59	259	6
60	250	22
61	253	13
62	253	5
63	244	0
64	267	4
65	260	10
66	261	20
67	267	15
68	280	20
69	273	9
70	250	11
71	244	0
72	221	18
73	273	16
74	256	0
75	244	3
76	244	3
77	236	2
78	250	21
79	257	9
80	257	7
81	237	0
82	243	0
83	238	3
84	245	18
85	252	0
86	258	10
87	244	15
88	248	9
89	227	1
90	237	0
91	244	0
92	237	2
93	248	6
94	231	13
95	246	9
96	244	0
97	247	9
98	256	21
99	238	0
100	265	2
101	237	0
102	245	0
103	249	6
104	246	0
105	241	6
106	253	11
107	248	4
108	254	0
109	247	10
110	254	23
111	271	12
112	261	8
113	258	0
114	249	17
115	263	3
116	249	0
117	241	13
118	241	6
119	238	3
120	236	0
121	253	1
122	262	4
123	240	7
124	245	10
125	252	2
126	266	0
127	241	5
128	267	2
129	257	4
130	263	15
131	252	9
132	257	1
133	264	4
134	248	2
135	249	0
136	252	6
137	252	0
138	256	4
139	235	14
140	248	8
141	253	4
142	257	0
143	254	3
144	249	0
145	242	0
146	232	5
147	247	8
148	249	2
149	257	3
150	263	12
151	262	0
152	251	0
153	254	0
154	237	4
155	254	10
156	255	4
157	254	15
158	239	1
159	255	0
160	247	0
161	242	6
162	249	13
163	266	12
164	230	18
165	246	10
166	242	21
167	265	21
168	257	7
169	252	0
170	261	17
171	248	27
172	244	14
173	261	3
174	290	4
175	243	0
176	239	5
177	230	4
178	243	1
179	262	23
180	244	6
181	240	1
182	239	1
183	265	5
184	251	8
185	240	13
186	257	6
187	253	8
188	252	4
189	256	13
190	248	10
191	256	3
192	229	5
193	271	16
194	243	10
195	232	10
196	254	14
197	274	10
198	261	21
199	266	8
200	246	10
201	265	71
202	248	0
203	255	2
204	230	6
205	259	1
206	257	2
207	242	2
208	246	1
209	250	3
210	249	4
211	244	3
212	226	5
213	258	1
214	249	0
215	227	18
216	235	5
217	267	2
218	252	6
219	243	7
220	277	0
221	252	3
222	246	7
223	251	2
224	250	0
225	242	5
226	247	0
227	251	2
228	246	12
229	225	9
230	272	9
231	243	19
232	234	10
233	244	14
234	259	7
235	272	8
236	256	11
237	236	8
238	245	8
239	256	6
240	257	2
241	252	1
242	245	2
243	248	5
244	261	20
245	252	18
246	241	0
247	242	9
248	253	8
249	256	5
250	264	13
251	253	0
252	255	0
253	232	17
254	258	9
255	264	0
256	245	6
257	250	1
258	242	8
259	257	8
260	244	1
261	247	4
262	256	1
263	247	1
264	237	17
265	256	16
266	263	23
267	257	5
268	232	16
269	252	25
270	261	6
271	251	20
272	248	15
273	243	17
274	252	1
275	259	4
276	258	11
277	259	0
278	248	0
279	257	2
280	267	5
281	251	0
282	244	0
283	248	2
284	227	10
285	250	7
286	239	22
287	257	0
288	243	0
289	267	2
290	276	0
291	238	5
292	251	0
293	256	0
294	261	0
295	243	0
296	251	1
297	250	3
298	244	7
299	239	8
300	261	12
301	263	0
302	245	0
303	264	1
304	252	2
305	254	0
306	252	5
307	239	1
308	243	5
309	241	18
310	259	23
311	256	13
312	249	10
313	246	19
314	242	5
315	263	16
316	217	8
317	255	1
318	268	0
319	240	10
320	240	0
321	255	1
322	237	9
323	248	11
324	270	0
325	243	2
326	247	2
327	254	1
328	261	1
329	245	0
330	234	0
331	259	6
332	242	0
333	247	7
334	255	6
335	229	8
336	241	12
337	235	5
338	258	19
339	238	8
340	268	0
341	258	6
342	240	3
343	242	0
344	253	5
345	259	5
346	243	3
347	245	6
348	248	17
349	268	11
350	257	16
351	243	0
352	236	0
353	243	0
354	247	10
355	261	9
356	244	10
357	270	4
358	256	26
359	254	14
360	258	0
361	232	13
362	260	5
363	254	12
364	241	10
365	247	4
366	238	10
367	226	14
368	247	6
369	250	1
370	244	7
371	245	14
372	246	3
373	235	12
374	236	5
375	267	1
376	234	0
377	269	19
378	260	20
379	264	0
380	246	0
381	270	0
382	242	0
383	244	15
384	270	7
385	254	6
386	260	6
387	270	10
388	270	9
389	265	0
390	272	0
391	261	1
392	244	18
393	256	7
394	260	7
395	242	1
396	250	0
397	244	1
398	251	4
399	247	13
400	265	0
401	226	0
402	238	0
403	230	8
404	263	1
405	249	0
406	237	18
407	257	1
408	243	0
409	250	9
410	228	13
411	265	7
412	254	8
413	256	0
414	249	8
415	231	15
416	254	3
417	247	9
418	250	0
419	240	0
420	235	13
421	235	14
422	270	15
423	248	12
424	239	11
425	245	3
426	262	4
427	236	13
428	244	17
429	246	12
430	248	0
431	272	4
432	253	4
433	252	2
434	253	1
435	250	0
436	251	6
437	229	9
438	229	0
439	247	0
440	251	0
441	239	0
442	256	0
443	240	1
444	249	8
445	264	0
446	245	5
447	256	3
448	251	5
449	256	9
450	265	38
451	244	0
452	256	0
453	245	4
454	242	0
455	244	0
456	246	4
457	256	1
458	247	0
459	260	1
460	263	0
461	232	12
462	255	0
463	232	0
464	245	5
465	240	6
466	240	3
467	253	1
468	251	9
469	246	23
470	243	9
471	258	7
472	259	8
473	240	3
474	261	0
475	250	9
476	268	3
477	265	0
478	232	0
479	234	7
480	239	18
481	235	1
482	245	6
483	237	0
484	246	10
485	241	11
486	256	12
487	259	2
488	256	12
489	237	15
490	256	1
491	265	1
492	251	9
493	235	0
494	269	0
495	246	11
496	246	16
497	247	6
498	264	5
499	259	7
500	264	34
501	252	0
502	254	0
503	247	17
504	244	25
505	241	5
506	245	0
507	264	0
508	260	0
509	247	7
510	232	0
511	260	1
512	253	5
513	235	16
514	242	8
515	242	0
516	258	2
517	258	0
518	271	12
519	258	2
520	251	0
521	253	6
522	237	0
523	236	6
524	247	2
525	234	2
526	236	0
527	251	0
528	249	19
529	254	0
530	247	0
531	249	7
532	266	0
533	253	0
534	241	0
535	246	6
536	251	1
537	239	1
538	266	5
539	241	7
540	255	2
541	245	0
542	252	2
543	236	7
544	251	0
545	250	0
546	238	11
547	227	3
548	255	4
549	244	1
550	269	0
551	264	0
552	240	0
553	247	11
554	242	1
555	218	0
556	242	14
557	255	11
558	234	18
559	247	4
560	237	0
561	247	0
562	249	6
563	253	1
564	236	0
565	246	5
566	244	10
567	254	8
568	259	8
569	245	6
570	239	25
571	270	2
572	243	2
573	256	10
574	248	0
575	252	8
576	276	2
577	243	9
578	278	6
579	253	0
580	262	6
581	244	3
582	258	0
583	241	0
584	225	12
585	230	5
586	253	9
587	264	0
588	258	12
589	246	1
590	238	8
591	258	14
592	260	0
593	259	6
594	254	10
595	253	7
596	220	1
597	244	0
598	257	22
599	241	18
600	262	25
601	255	0
602	273	0
603	251	1
604	273	0
605	240	0
606	273	12
607	238	2
608	247	0
609	254	2
610	261	0
611	228	1
612	260	0
613	245	9
614	302	5
615	240	1
616	241	2
617	267	2
618	245	7
619	282	2
620	255	26
621	276	10
622	249	10
623	249	14
624	242	11
625	252	4
626	268	0
627	246	1
628	250	0
629	250	0
630	260	0
631	269	0
632	250	5
633	241	8
634	250	14
635	260	0
636	250	6
637	244	0
638	234	0
639	250	4
640	261	7
641	241	0
642	243	0
643	247	0
644	249	0
645	240	5
646	266	15
647	253	15
648	258	0
649	242	0
650	260	27
651	242	0
652	243	0
653	251	11
654	243	19
655	252	0
656	250	0
657	267	0
658	257	18
659	246	6
660	249	3
661	262	19
662	259	14
663	244	17
664	255	23
665	249	1
666	250	0
667	261	13
668	250	11
669	237	4
670	249	11
671	248	2
672	253	3
673	260	14
674	269	5
675	238	1
676	272	3
677	260	0
678	267	0
679	249	6
680	274	2
681	270	0
682	245	5
683	226	2
684	244	14
685	250	6
686	249	3
687	246	15
688	267	5
689	261	3
690	242	8
691	255	4
692	233	1
693	265	1
694	275	0
695	258	8
696	241	6
697	255	0
698	251	14
699	263	13
700	244	0
701	261	0
702	223	13
703	237	0
704	240	0
705	240	0
706	247	0
707	240	0
708	253	0
709	256	13
710	265	4
711	227	0
712	249	0
713	260	0
714	228	13
715	246	5
716	221	1
717	267	0
718	260	0
719	259	0
720	246	8
721	253	7
722	257	0
723	265	0
724	238	0
725	261	1
726	246	2
727	254	3
728	265	14
729	264	4
730	247	3
731	254	3
732	258	14
733	271	23
734	254	14
735	238	0
736	223	0
737	237	0
738	249	12
739	267	7
740	253	0
741	236	2
742	248	20
743	244	8
744	232	8
745	268	1
746	247	1
747	250	19
748	257	9
749	255	0
750	258	0
751	246	0
752	248	2
753	231	12
754	226	16
755	258	0
756	261	4
757	265	15
758	261	17
759	243	4
760	247	0
761	268	0
762	264	0
763	259	0
764	245	0
765	236	10
766	260	8
767	256	3
768	262	0
769	264	0
770	270	9
771	244	12
772	240	18
773	259	19
774	253	18
775	254	3
776	255	0
777	261	14
778	256	11
779	245	7
780	265	9
781	233	3
782	263	18
783	224	0
784	246	5
785	253	1
786	250	5
787	259	14
788	259	15
789	239	0
790	240	0
791	261	0
792	243	2
793	253	2
794	228	6
795	275	1
796	257	2
797	259	0
798	280	0
799	257	1
800	268	5
801	241	0
802	234	0
803	267	0
804	258	0
805	222	0
806	260	2
807	252	0
808	252	0
809	250	17
810	229	13
811	235	1
812	252	0
813	263	0
814	248	8
815	242	6
816	263	3
817	246	4
818	239	3
819	244	0
820	239	0
821	252	3
822	257	0
823	236	0
824	244	0
825	263	2
826	251	1
827	259	0
828	247	1
829	272	6
830	258	0
831	251	9
832	252	0
833	245	0
834	242	20
835	248	21
836	239	6
837	241	6
838	233	17
839	239	5
840	236	1
841	248	1
842	231	17
843	254	13
844	241	0
845	263	2
846	266	16
847	240	5
848	241	8
849	245	12
850	280	25
851	227	0
852	246	0
853	254	6
854	256	10
855	242	4
856	246	8
857	223	3
858	226	12
859	246	0
860	254	0
861	262	3
862	236	1
863	251	0
864	255	0
865	226	0
866	243	12
867	263	1
868	242	4
869	252	2
870	234	0
871	242	0
872	249	7
873	258	17
874	237	26
875	249	5
876	238	9
877	258	0
878	252	0
879	252	0
880	251	12
881	238	0
882	227	0
883	240	15
884	244	4
885	246	0
886	262	5
887	246	16
888	254	1
889	259	0
890	241	0
891	252	0
892	271	14
893	212	15
894	265	27
895	246	18
896	263	2
897	255	1
898	248	15
899	257	5
900	266	16
901	243	0
902	259	0
903	252	0
904	227	3
905	220	6
906	247	0
907	250	1
908	239	8
909	256	15
910	241	11
911	245	0
912	232	9
913	254	10
914	254	11
915	254	26
916	257	19
917	255	13
918	247	12
919	247	1
920	261	0
921	261	2
922	267	0
923	235	16
924	239	12
925	257	3
926	236	0
927	257	0
928	247	0
929	250	1
930	253	1
931	249	7
932	246	11
933	247	9
934	266	0
935	265	0
936	270	0
937	232	0
938	265	0
939	245	6
940	245	9
941	250	9
942	237	0
943	246	0
944	266	21
945	248	3
946	242	0
947	265	0
948	269	27
949	250	15
950	266	10
951	251	0
952	261	0
953	250	1
954	252	0
955	259	0
956	237	2
957	259	4
958	247	6
959	237	1
960	237	0
961	252	3
962	254	26
963	239	15
964	237	12
965	248	7
966	249	1
967	228	0
968	255	11
969	259	24
970	248	26
971	255	2
972	253	0
973	257	0
974	245	3
975	247	26
976	272	0
977	251	0
978	247	0
979	233	0
980	277	6
981	265	0
982	250	1
983	260	4
984	261	1
985	233	1
986	252	4
987	275	4
988	244	0
989	248	3
990	240	7
991	253	4
992	244	6
993	255	22
994	246	8
995	252	24
996	256	20
997	233	9
998	240	2
999	261	0
