0	500	0
1	259	3
2	239	2
3	259	1
4	250	2
5	248	2
6	257	2
7	242	1
8	266	2
9	242	5
10	250	1
11	256	1
12	256	2
13	243	1
14	240	0
15	261	0
16	267	1
17	249	0
18	238	1
19	253	1
20	254	1
21	252	3
22	240	2
23	233	1
24	238	1
25	247	1
26	246	0
27	259	2
28	266	0
29	243	2
30	249	0
31	218	1
32	236	2
33	247	1
34	269	0
35	239	2
36	255	3
37	238	1
38	234	1
39	252	1
40	239	1
41	251	3
42	271	1
43	253	0
44	250	0
45	252	3
46	252	2
47	244	0
48	235	0
49	254	1
50	246	1
51	259	0
52	243	1
53	254	4
54	258	2
55	247	0
56	258	2
57	246	2
58	246	1
59	238	0
60	250	0
61	251	2
62	258	3
63	250	2
64	254	1
65	230	0
66	244	3
67	241	1
68	265	0
69	245	1
70	238	4
71	240	1
72	248	1
73	271	1
74	274	0
75	257	1
76	273	2
77	253	1
78	259	1
79	247	2
80	266	3
81	259	1
82	271	3
83	250	1
84	249	0
85	259	0
86	237	4
87	235	2
88	258	0
89	250	0
90	256	1
91	247	0
92	239	2
93	225	0
94	275	1
95	231	3
96	251	0
97	244	0
98	259	0
99	246	4
100	238	1
101	246	0
102	230	1
103	232	2
104	238	1
105	243	3
106	236	1
107	260	2
108	276	2
109	258	1
110	234	1
111	241	0
112	243	0
113	233	1
114	257	3
115	244	2
116	255	1
117	251	4
118	255	0
119	252	2
120	245	1
121	254	2
122	240	1
123	234	2
124	230	0
125	262	2
126	260	0
127	228	2
128	266	1
129	262	1
130	231	1
131	247	1
132	244	1
133	254	0
134	239	2
135	247	1
136	257	0
137	264	3
138	241	0
139	241	1
140	242	2
141	238	1
142	254	1
143	240	1
144	269	1
145	241	2
146	238	5
147	233	0
148	262	0
149	253	2
150	238	0
151	249	0
152	257	0
153	240	2
154	248	0
155	250	3
156	254	5
157	239	1
158	236	0
159	255	2
160	259	1
161	245	2
162	256	1
163	244	2
164	246	0
165	230	2
166	249	3
167	254	1
168	260	1
169	249	1
170	256	1
171	275	1
172	251	0
173	239	2
174	254	0
175	262	2
176	252	0
177	259	1
178	246	3
179	267	1
180	257	4
181	251	0
182	242	1
183	253	1
184	253	0
185	248	0
186	247	0
187	249	0
188	246	0
189	264	5
190	238	2
191	254	0
192	250	1
193	261	0
194	249	2
195	260	0
196	251	0
197	254	1
198	244	1
199	274	1
200	242	1
201	261	0
202	222	1
203	262	0
204	267	2
205	266	2
206	246	3
207	263	0
208	248	0
209	240	2
210	244	2
211	267	1
212	244	4
213	248	2
214	255	2
215	222	0
216	250	3
217	260	4
218	254	1
219	248	0
220	241	1
221	248	1
222	246	0
223	236	3
224	234	3
225	241	0
226	253	0
227	228	3
228	247	0
229	241	2
230	244	0
231	238	1
232	238	1
233	247	2
234	245	2
235	235	2
236	254	0
237	239	2
238	252	4
239	256	3
240	234	3
241	251	1
242	229	0
243	242	2
244	239	2
245	250	1
246	248	0
247	245	1
248	241	2
249	248	1
250	231	0
251	238	0
252	257	1
253	231	2
254	259	2
255	267	0
256	264	2
257	272	2
258	259	2
259	247	0
260	256	1
261	238	1
262	256	0
263	244	5
264	256	0
265	252	1
266	248	1
267	255	2
268	240	0
269	233	4
270	244	1
271	254	0
272	247	1
273	265	1
274	236	2
275	249	2
276	256	0
277	266	3
278	253	5
279	258	1
280	262	2
281	245	1
282	241	1
283	256	0
284	265	2
285	238	0
286	251	2
287	255	0
288	242	1
289	250	1
290	241	1
291	260	0
292	252	4
293	225	0
294	247	0
295	248	0
296	268	0
297	263	1
298	249	0
299	270	2
300	252	0
301	246	0
302	248	1
303	240	2
304	256	1
305	264	3
306	259	2
307	241	1
308	265	2
309	272	2
310	244	1
311	249	1
312	242	2
313	251	4
314	276	1
315	255	3
316	246	2
317	254	3
318	244	2
319	261	2
320	258	2
321	248	2
322	238	2
323	250	2
324	258	1
325	240	1
326	253	1
327	249	0
328	233	1
329	262	0
330	241	3
331	237	4
332	256	2
333	266	1
334	240	3
335	278	3
336	245	6
337	267	4
338	248	1
339	248	0
340	239	0
341	221	1
342	247	2
343	241	1
344	251	0
345	266	1
346	267	2
347	253	2
348	232	1
349	243	3
350	262	1
351	239	0
352	234	0
353	235	1
354	247	3
355	251	1
356	243	2
357	248	2
358	235	0
359	242	2
360	244	1
361	251	1
362	261	1
363	237	0
364	243	1
365	253	2
366	260	0
367	237	1
368	251	1
369	239	4
370	268	1
371	258	2
372	268	0
373	248	0
374	250	0
375	262	1
376	251	0
377	243	1
378	242	2
379	248	0
380	246	0
381	269	1
382	243	0
383	247	1
384	269	1
385	244	0
386	249	2
387	238	2
388	253	1
389	245	1
390	218	1
391	252	1
392	244	1
393	233	0
394	256	3
395	268	1
396	250	1
397	237	2
398	253	4
399	254	1
400	230	0
401	251	0
402	229	1
403	240	4
404	257	0
405	237	0
406	256	0
407	237	2
408	249	0
409	246	3
410	266	2
411	252	3
412	262	3
413	250	0
414	260	4
415	283	0
416	253	1
417	255	1
418	236	3
419	250	1
420	259	1
421	261	1
422	232	2
423	246	2
424	238	2
425	253	1
426	235	0
427	249	1
428	231	1
429	258	2
430	257	2
431	233	2
432	240	2
433	249	2
434	279	1
435	241	0
436	254	1
437	259	3
438	231	0
439	257	2
440	266	0
441	259	0
442	234	1
443	226	1
444	239	2
445	243	3
446	242	1
447	255	0
448	240	1
449	244	1
450	253	0
451	245	0
452	248	1
453	246	2
454	257	1
455	249	4
456	252	1
457	249	1
458	250	2
459	246	1
460	261	2
461	234	0
462	233	2
463	239	1
464	241	3
465	264	0
466	251	2
467	249	5
468	252	1
469	274	0
470	269	1
471	240	2
472	250	1
473	256	5
474	248	2
475	253	2
476	256	2
477	253	3
478	254	2
479	254	5
480	259	2
481	252	0
482	256	0
483	243	1
484	275	1
485	249	5
486	246	0
487	257	2
488	237	0
489	261	3
490	262	3
491	248	5
492	239	1
493	253	1
494	267	1
495	251	2
496	261	5
497	271	2
498	257	1
499	257	1
500	232	0
501	272	0
502	246	1
503	261	2
504	263	3
505	234	3
506	243	2
507	246	0
508	228	1
509	258	5
510	260	2
511	246	0
512	256	0
513	253	3
514	258	2
515	226	2
516	232	0
517	250	3
518	246	1
519	238	0
520	243	0
521	266	1
522	272	1
523	255	0
524	251	1
525	249	1
526	237	2
527	248	0
528	275	1
529	233	2
530	254	0
531	236	1
532	245	2
533	239	4
534	240	1
535	244	2
536	255	0
537	239	2
538	264	1
539	279	0
540	257	4
541	264	0
542	248	1
543	252	1
544	223	2
545	246	2
546	266	1
547	248	2
548	246	0
549	249	1
550	241	0
551	238	0
552	256	0
553	240	4
554	267	2
555	272	3
556	227	3
557	262	0
558	249	0
559	242	1
560	242	0
561	257	1
562	250	5
563	252	0
564	254	0
565	240	2
566	261	0
567	252	1
568	248	2
569	236	0
570	243	2
571	257	1
572	245	1
573	255	2
574	261	1
575	240	1
576	254	0
577	261	1
578	272	1
579	242	0
580	248	2
581	256	2
582	233	0
583	246	1
584	225	0
585	272	1
586	249	3
587	234	1
588	242	0
589	252	4
590	248	0
591	250	0
592	232	1
593	260	2
594	227	1
595	245	0
596	239	0
597	237	1
598	257	0
599	244	1
600	236	0
601	218	1
602	245	0
603	249	0
604	248	1
605	248	1
606	254	2
607	254	0
608	233	3
609	239	3
610	249	5
611	274	1
612	257	2
613	250	0
614	264	0
615	242	1
616	251	2
617	245	1
618	258	1
619	256	2
620	252	0
621	240	1
622	242	0
623	252	3
624	247	1
625	247	2
626	244	0
627	251	1
628	237	2
629	258	2
630	239	1
631	255	1
632	256	0
633	245	1
634	252	0
635	246	1
636	235	1
637	243	3
638	251	2
639	269	4
640	271	2
641	261	5
642	251	1
643	258	2
644	243	0
645	258	0
646	247	2
647	245	0
648	269	2
649	246	4
650	243	0
651	256	0
652	260	3
653	234	1
654	243	1
655	262	3
656	238	3
657	258	0
658	258	3
659	250	2
660	248	1
661	231	1
662	237	0
663	228	2
664	256	2
665	239	0
666	245	0
667	249	1
668	264	1
669	248	4
670	243	0
671	263	0
672	251	1
673	235	1
674	244	2
675	250	2
676	264	2
677	253	0
678	244	0
679	251	2
680	255	4
681	251	2
682	241	0
683	257	1
684	238	3
685	280	0
686	258	2
687	244	0
688	236	2
689	250	0
690	250	0
691	248	2
692	259	1
693	243	3
694	257	1
695	244	3
696	262	1
697	256	0
698	250	5
699	243	2
700	257	0
701	272	0
702	252	1
703	246	1
704	260	2
705	267	3
706	240	2
707	255	1
708	244	1
709	242	0
710	255	2
711	248	2
712	262	0
713	246	0
714	240	1
715	252	3
716	258	0
717	238	0
718	253	2
719	223	1
720	257	1
721	227	1
722	250	0
723	241	2
724	267	2
725	256	2
726	261	2
727	287	2
728	228	3
729	250	2
730	270	1
731	252	0
732	236	3
733	238	0
734	241	1
735	247	2
736	242	0
737	238	1
738	237	1
739	245	0
740	264	1
741	257	1
742	253	1
743	243	0
744	241	2
745	238	2
746	244	3
747	229	0
748	252	1
749	236	0
750	230	0
751	264	0
752	237	1
753	249	1
754	252	1
755	258	1
756	251	2
757	250	0
758	248	2
759	234	2
760	258	0
761	230	3
762	272	0
763	252	2
764	254	6
765	250	2
766	230	2
767	261	1
768	246	3
769	259	2
770	243	0
771	263	0
772	235	1
773	230	1
774	247	1
775	244	0
776	237	1
777	235	1
778	251	0
779	233	0
780	255	1
781	231	2
782	260	0
783	266	2
784	250	0
785	255	1
786	268	0
787	261	2
788	241	0
789	257	0
790	247	0
791	246	0
792	246	1
793	238	1
794	258	0
795	242	1
796	255	0
797	241	3
798	243	1
799	241	1
800	258	0
801	235	0
802	247	1
803	270	1
804	244	0
805	247	0
806	241	0
807	227	1
808	253	3
809	252	3
810	256	2
811	248	2
812	263	2
813	277	5
814	253	1
815	258	1
816	248	0
817	246	0
818	218	2
819	234	0
820	262	0
821	254	0
822	237	0
823	257	0
824	257	2
825	255	2
826	258	0
827	240	1
828	248	1
829	256	0
830	243	0
831	247	0
832	242	0
833	240	4
834	256	3
835	265	0
836	257	0
837	242	0
838	250	4
839	241	1
840	232	3
841	243	2
842	252	2
843	231	2
844	239	1
845	260	0
846	254	1
847	251	1
848	249	1
849	225	0
850	245	0
851	257	0
852	249	1
853	236	0
854	251	4
855	250	2
856	271	0
857	247	2
858	252	1
859	259	0
860	248	4
861	239	1
862	248	1
863	254	1
864	256	3
865	250	4
866	263	1
867	232	2
868	259	0
869	236	1
870	275	1
871	243	2
872	242	0
873	242	1
874	247	4
875	265	3
876	267	0
877	263	0
878	247	3
879	233	2
880	258	1
881	251	3
882	261	3
883	241	1
884	253	0
885	255	2
886	263	1
887	237	1
888	255	0
889	234	0
890	248	1
891	255	1
892	235	0
893	243	2
894	265	1
895	239	2
896	260	0
897	244	1
898	253	0
899	242	4
900	255	0
901	242	0
902	259	0
903	226	0
904	254	1
905	242	1
906	260	1
907	242	1
908	269	1
909	261	2
910	264	0
911	261	1
912	236	1
913	244	3
914	221	2
915	246	0
916	246	2
917	263	3
918	257	4
919	230	2
920	246	1
921	259	3
922	259	1
923	239	0
924	249	1
925	261	2
926	264	3
927	242	3
928	243	1
929	240	3
930	225	5
931	228	2
932	246	1
933	265	1
934	241	0
935	263	0
936	255	0
937	226	0
938	237	0
939	249	1
940	247	2
941	244	1
942	232	0
943	247	3
944	238	1
945	244	1
946	248	2
947	247	2
948	242	0
949	253	3
950	237	0
951	240	2
952	231	1
953	254	6
954	247	2
955	254	3
956	244	2
957	256	0
958	238	2
959	248	3
960	251	0
961	258	1
962	256	2
963	221	4
964	242	0
965	251	0
966	251	2
967	229	2
968	248	2
969	269	1
970	233	0
971	249	4
972	244	1
973	252	0
974	237	1
975	275	2
976	251	2
977	239	1
978	243	3
979	249	0
980	249	1
981	263	0
982	248	1
983	267	2
984	241	0
985	268	0
986	252	1
987	272	1
988	269	0
989	235	2
990	234	0
991	229	2
992	256	0
993	234	1
994	262	0
995	271	1
996	235	2
997	252	2
998	240	0
999	248	2
