0	500	0
1	226	2
2	250	2
3	248	3
4	234	1
5	246	3
6	258	1
7	249	1
8	263	0
9	238	4
10	240	0
11	242	3
12	250	2
13	261	1
14	253	2
15	257	0
16	241	1
17	252	1
18	248	1
19	262	4
20	237	3
21	243	1
22	259	1
23	262	1
24	245	2
25	250	2
26	245	0
27	258	1
28	233	0
29	242	0
30	247	3
31	253	2
32	254	3
33	257	0
34	262	1
35	248	1
36	259	1
37	253	7
38	254	3
39	248	3
40	249	1
41	251	2
42	248	2
43	249	4
44	261	5
45	273	2
46	261	2
47	239	2
48	266	1
49	238	2
50	255	0
51	241	0
52	226	0
53	269	1
54	258	2
55	229	1
56	249	1
57	249	0
58	269	3
59	219	0
60	248	1
61	229	3
62	255	1
63	237	1
64	243	3
65	255	0
66	262	3
67	255	2
68	270	4
69	250	1
70	250	0
71	269	1
72	250	3
73	243	0
74	235	1
75	231	2
76	254	3
77	246	2
78	250	1
79	255	3
80	252	3
81	249	2
82	247	2
83	260	0
84	245	1
85	246	0
86	264	4
87	240	3
88	242	1
89	252	5
90	231	3
91	261	1
92	261	1
93	242	3
94	233	1
95	252	4
96	253	2
97	254	1
98	242	1
99	232	2
100	249	2
101	278	0
102	260	2
103	226	1
104	264	1
105	256	4
106	259	1
107	244	2
108	253	0
109	246	2
110	258	3
111	240	2
112	246	2
113	256	1
114	223	3
115	235	3
116	236	3
117	241	4
118	237	1
119	255	1
120	256	1
121	258	1
122	245	2
123	245	3
124	258	1
125	238	3
126	250	3
127	247	1
128	261	2
129	248	3
130	249	0
131	243	3
132	254	2
133	239	5
134	254	3
135	244	0
136	234	1
137	250	2
138	254	3
139	243	1
140	258	0
141	241	3
142	238	2
143	245	2
144	256	2
145	245	4
146	239	2
147	243	2
148	258	2
149	232	0
150	257	0
151	247	0
152	226	2
153	244	1
154	256	2
155	236	0
156	235	0
157	247	1
158	233	1
159	246	1
160	264	3
161	230	1
162	245	3
163	247	3
164	254	1
165	280	2
166	258	1
167	238	1
168	266	1
169	242	0
170	253	0
171	234	2
172	225	2
173	254	0
174	263	2
175	248	1
176	252	1
177	259	4
178	266	2
179	253	5
180	260	2
181	273	2
182	257	0
183	254	0
184	251	2
185	242	3
186	256	2
187	254	3
188	231	0
189	256	2
190	277	1
191	245	2
192	266	1
193	276	3
194	252	2
195	263	2
196	239	0
197	257	1
198	239	4
199	271	2
200	258	0
201	232	0
202	233	0
203	245	2
204	260	2
205	275	0
206	238	1
207	254	3
208	250	2
209	250	4
210	258	4
211	240	2
212	266	2
213	237	0
214	231	3
215	252	2
216	280	0
217	261	3
218	260	4
219	262	3
220	254	1
221	260	1
222	252	6
223	258	2
224	256	1
225	236	3
226	245	1
227	259	0
228	254	4
229	256	3
230	246	3
231	234	1
232	271	1
233	256	5
234	247	1
235	248	2
236	249	6
237	237	2
238	234	2
239	242	2
240	247	6
241	253	1
242	248	2
243	260	1
244	240	3
245	272	3
246	257	2
247	235	5
248	235	1
249	248	1
250	247	0
251	261	0
252	255	1
253	254	1
254	242	2
255	257	3
256	256	2
257	261	2
258	253	1
259	243	3
260	229	1
261	246	2
262	247	1
263	267	0
264	248	0
265	245	1
266	234	4
267	234	6
268	249	4
269	254	2
270	235	2
271	242	4
272	242	2
273	241	0
274	245	4
275	234	3
276	247	4
277	243	3
278	264	3
279	243	1
280	242	2
281	243	1
282	245	1
283	252	0
284	263	1
285	254	3
286	239	1
287	286	0
288	246	4
289	243	1
290	271	2
291	242	1
292	253	2
293	232	1
294	246	0
295	243	3
296	263	1
297	246	2
298	258	1
299	239	3
300	267	0
301	238	0
302	252	0
303	268	1
304	251	0
305	252	5
306	262	2
307	234	3
308	233	0
309	255	3
310	239	2
311	253	3
312	260	3
313	249	4
314	241	3
315	244	1
316	262	1
317	262	2
318	268	2
319	252	3
320	236	0
321	250	3
322	235	3
323	257	1
324	264	1
325	249	1
326	233	0
327	241	1
328	250	1
329	239	3
330	247	4
331	252	1
332	245	4
333	260	1
334	259	2
335	251	3
336	254	1
337	258	2
338	260	3
339	235	3
340	235	2
341	248	2
342	241	1
343	247	2
344	237	2
345	244	0
346	261	1
347	245	0
348	258	1
349	241	2
350	253	1
351	262	0
352	256	2
353	245	1
354	246	0
355	261	2
356	236	5
357	262	4
358	255	1
359	252	6
360	251	0
361	255	0
362	255	3
363	254	3
364	244	1
365	236	2
366	249	1
367	252	3
368	260	2
369	256	3
370	240	2
371	244	0
372	251	1
373	248	1
374	234	3
375	245	0
376	250	4
377	255	2
378	241	1
379	258	2
380	247	0
381	255	1
382	260	2
383	243	3
384	261	0
385	263	1
386	261	5
387	264	1
388	247	2
389	241	3
390	258	3
391	278	3
392	258	2
393	229	3
394	266	3
395	248	1
396	250	1
397	244	4
398	263	3
399	248	3
400	250	0
401	244	0
402	264	2
403	242	2
404	252	1
405	259	2
406	263	4
407	241	3
408	246	2
409	252	2
410	256	1
411	245	1
412	264	3
413	258	3
414	237	3
415	253	1
416	261	2
417	246	4
418	260	2
419	235	3
420	269	1
421	257	2
422	243	4
423	250	3
424	254	0
425	251	2
426	255	0
427	259	1
428	256	2
429	246	2
430	272	1
431	267	2
432	244	2
433	263	2
434	262	0
435	256	2
436	266	4
437	234	1
438	251	1
439	273	6
440	245	0
441	264	1
442	253	5
443	247	2
444	245	2
445	255	1
446	267	3
447	244	2
448	251	1
449	260	3
450	250	0
451	245	0
452	250	0
453	259	0
454	240	1
455	251	1
456	262	0
457	268	1
458	228	1
459	250	0
460	255	3
461	247	0
462	253	1
463	255	3
464	254	1
465	268	3
466	260	2
467	247	1
468	244	3
469	264	1
470	249	4
471	248	2
472	246	2
473	270	5
474	257	3
475	243	6
476	259	2
477	260	1
478	253	1
479	242	1
480	267	1
481	259	1
482	263	3
483	248	1
484	241	1
485	240	1
486	228	2
487	263	2
488	273	2
489	252	2
490	259	0
491	241	3
492	262	2
493	240	2
494	265	0
495	244	2
496	256	0
497	276	2
498	240	4
499	252	2
500	256	0
501	254	0
502	234	1
503	253	2
504	241	2
505	248	3
506	267	3
507	260	1
508	258	3
509	243	2
510	246	0
511	247	0
512	247	2
513	242	1
514	253	4
515	264	2
516	246	3
517	242	2
518	264	2
519	261	4
520	261	1
521	262	0
522	249	4
523	249	1
524	258	0
525	241	1
526	247	2
527	252	2
528	253	5
529	258	5
530	245	3
531	253	2
532	256	4
533	261	3
534	246	2
535	238	3
536	250	1
537	265	3
538	251	3
539	236	2
540	255	1
541	265	4
542	281	1
543	221	1
544	243	3
545	245	1
546	253	1
547	244	2
548	262	3
549	241	5
550	248	0
551	249	0
552	276	1
553	252	3
554	267	1
555	271	1
556	243	1
557	242	5
558	251	4
559	263	3
560	245	2
561	249	2
562	259	2
563	270	2
564	251	1
565	260	3
566	244	1
567	280	0
568	235	1
569	265	4
570	254	1
571	256	2
572	250	1
573	259	1
574	251	1
575	274	2
576	243	2
577	278	5
578	247	3
579	250	0
580	248	2
581	237	3
582	240	1
583	264	3
584	261	1
585	260	6
586	248	3
587	255	2
588	246	4
589	278	4
590	244	1
591	250	3
592	245	5
593	261	1
594	265	2
595	254	2
596	240	1
597	238	0
598	254	0
599	254	1
600	264	1
601	252	0
602	271	1
603	235	2
604	240	0
605	259	1
606	246	5
607	238	0
608	262	2
609	260	6
610	255	4
611	256	0
612	251	1
613	266	2
614	247	2
615	234	2
616	236	2
617	237	1
618	256	2
619	251	2
620	233	4
621	245	2
622	262	2
623	245	1
624	226	2
625	252	2
626	249	2
627	256	0
628	258	3
629	258	2
630	259	0
631	262	4
632	230	0
633	246	2
634	260	1
635	251	5
636	238	0
637	251	3
638	244	0
639	238	0
640	267	1
641	246	0
642	245	4
643	256	2
644	251	2
645	243	2
646	253	3
647	242	3
648	259	1
649	240	1
650	240	0
651	234	0
652	260	0
653	249	3
654	235	3
655	237	2
656	247	4
657	255	2
658	237	2
659	262	4
660	264	0
661	243	3
662	232	1
663	254	2
664	254	1
665	244	2
666	257	2
667	243	0
668	269	1
669	250	1
670	249	0
671	257	0
672	248	0
673	252	0
674	246	2
675	240	1
676	274	1
677	267	5
678	247	3
679	234	2
680	256	0
681	247	3
682	255	1
683	250	3
684	245	3
685	249	2
686	250	2
687	234	1
688	245	3
689	253	1
690	242	3
691	259	2
692	251	3
693	238	1
694	245	1
695	254	2
696	271	3
697	251	1
698	241	4
699	252	3
700	242	2
701	266	0
702	254	3
703	259	0
704	258	4
705	254	1
706	246	3
707	266	2
708	237	1
709	253	3
710	228	1
711	250	2
712	217	3
713	229	3
714	260	4
715	244	3
716	257	4
717	249	2
718	241	3
719	239	4
720	255	2
721	249	3
722	254	4
723	257	0
724	269	2
725	254	2
726	260	0
727	241	0
728	228	3
729	238	1
730	247	2
731	255	1
732	254	1
733	258	1
734	257	5
735	244	3
736	229	2
737	259	5
738	259	3
739	260	0
740	247	3
741	251	1
742	246	4
743	252	2
744	238	1
745	262	0
746	260	1
747	244	0
748	248	3
749	236	2
750	258	0
751	248	0
752	249	1
753	263	5
754	242	0
755	257	5
756	253	0
757	239	1
758	258	2
759	241	1
760	273	2
761	236	5
762	242	1
763	245	2
764	247	4
765	258	2
766	238	0
767	251	2
768	253	3
769	235	1
770	261	0
771	237	3
772	235	1
773	253	1
774	238	1
775	241	3
776	253	1
777	240	3
778	264	1
779	256	2
780	229	5
781	233	0
782	254	1
783	246	3
784	259	1
785	232	3
786	254	2
787	247	1
788	239	1
789	233	1
790	244	4
791	255	1
792	248	2
793	248	1
794	240	2
795	248	0
796	248	4
797	246	0
798	251	2
799	243	0
800	238	1
801	252	7
802	259	1
803	245	2
804	261	2
805	268	1
806	263	1
807	246	3
808	272	3
809	230	2
810	256	3
811	254	1
812	248	3
813	252	2
814	248	4
815	244	4
816	255	3
817	254	2
818	241	3
819	263	8
820	243	4
821	252	1
822	247	1
823	258	1
824	269	1
825	244	4
826	264	0
827	264	0
828	247	3
829	243	4
830	249	2
831	242	2
832	255	1
833	225	3
834	233	0
835	256	4
836	252	4
837	247	2
838	252	2
839	239	0
840	264	4
841	244	2
842	246	4
843	249	0
844	241	1
845	254	2
846	267	4
847	219	4
848	255	3
849	230	1
850	259	2
851	251	1
852	251	5
853	238	1
854	247	1
855	240	0
856	251	4
857	249	5
858	230	4
859	273	3
860	261	3
861	233	1
862	253	1
863	269	1
864	254	1
865	254	2
866	272	2
867	257	3
868	236	2
869	247	0
870	238	4
871	241	1
872	261	3
873	240	1
874	256	2
875	267	3
876	245	2
877	241	3
878	255	4
879	246	2
880	258	0
881	240	3
882	268	2
883	232	0
884	276	2
885	246	1
886	265	0
887	248	4
888	244	7
889	255	2
890	257	3
891	247	2
892	269	2
893	269	2
894	244	3
895	253	2
896	236	3
897	255	0
898	242	4
899	257	1
900	235	0
901	247	0
902	256	2
903	244	1
904	251	0
905	248	1
906	235	3
907	239	1
908	238	2
909	242	3
910	233	1
911	256	3
912	256	0
913	246	3
914	250	1
915	243	4
916	266	1
917	239	0
918	230	2
919	240	2
920	232	0
921	214	2
922	241	5
923	257	1
924	258	1
925	246	2
926	239	2
927	263	3
928	260	2
929	258	2
930	266	3
931	269	0
932	245	1
933	254	4
934	227	4
935	257	3
936	246	2
937	234	2
938	253	2
939	245	1
940	243	0
941	234	1
942	264	1
943	245	4
944	243	5
945	231	1
946	261	2
947	276	6
948	234	0
949	238	3
950	259	2
951	253	1
952	244	1
953	256	4
954	241	1
955	247	0
956	252	3
957	240	3
958	265	1
959	241	2
960	238	2
961	257	0
962	273	1
963	256	2
964	245	1
965	245	6
966	247	1
967	262	1
968	236	0
969	234	0
970	257	2
971	217	3
972	254	4
973	258	2
974	247	2
975	243	0
976	258	2
977	240	3
978	259	1
979	266	1
980	251	3
981	245	4
982	228	2
983	255	1
984	248	2
985	257	4
986	230	6
987	266	3
988	267	1
989	254	1
990	240	0
991	253	3
992	233	4
993	257	0
994	263	2
995	256	1
996	245	0
997	247	1
998	243	1
999	252	4
