0	2000	0
1	990	12
2	1047	4
3	977	4
4	1022	2
5	994	2
6	1012	15
7	1020	10
8	990	9
9	1014	16
10	1005	10
11	1006	8
12	946	4
13	995	7
14	1017	11
15	988	13
16	1022	11
17	957	4
18	1042	14
19	963	19
20	986	10
21	1030	14
22	971	5
23	1006	7
24	1038	11
25	984	10
26	983	3
27	951	7
28	1008	10
29	1009	6
30	1004	11
31	1001	9
32	997	11
33	1016	5
34	1016	12
35	1007	9
36	1006	12
37	1019	6
38	1021	5
39	955	8
40	1037	11
41	1007	19
42	981	14
43	968	7
44	981	13
45	981	10
46	1011	6
47	977	7
48	1019	6
49	984	4
50	976	15
51	1003	2
52	1028	0
53	1020	9
54	971	14
55	994	10
56	1050	11
57	996	6
58	983	10
59	974	4
60	1016	3
61	987	8
62	973	13
63	1017	11
64	999	10
65	965	11
66	1024	10
67	1000	17
68	991	10
69	1030	12
70	984	15
71	1022	13
72	968	19
73	994	8
74	1016	11
75	996	11
76	1016	7
77	962	16
78	987	15
79	981	6
80	1003	14
81	1013	8
82	1050	17
83	959	11
84	1002	7
85	998	12
86	1012	20
87	1011	11
88	974	9
89	1009	7
90	969	5
91	1023	15
92	1014	12
93	990	9
94	993	12
95	994	4
96	1027	7
97	1015	13
98	989	7
99	970	9
100	1010	11
101	979	0
102	1003	0
103	945	5
104	991	13
105	999	8
106	970	11
107	976	17
108	1026	13
109	1022	4
110	1008	3
111	954	10
112	991	8
113	1002	17
114	952	10
115	1047	6
116	998	4
117	1001	10
118	986	8
119	978	9
120	1029	10
121	1009	7
122	988	8
123	1021	13
124	1027	6
125	1003	5
126	1028	8
127	994	4
128	1037	4
129	996	9
130	980	15
131	995	13
132	1027	10
133	1022	9
134	1002	13
135	960	12
136	962	12
137	1041	6
138	1035	6
139	986	17
140	1047	7
141	986	9
142	1002	7
143	986	10
144	1041	12
145	991	1
146	1012	5
147	996	15
148	1013	9
149	1015	7
150	1030	2
151	1005	3
152	974	2
153	991	4
154	998	11
155	1017	10
156	1038	6
157	968	12
158	1022	10
159	1034	5
160	989	7
161	971	9
162	997	12
163	975	8
164	965	4
165	994	4
166	977	15
167	1028	13
168	1026	10
169	1001	19
170	991	9
171	1019	9
172	982	14
173	1005	12
174	1014	8
175	975	13
176	1009	9
177	1027	15
178	997	6
179	990	6
180	983	11
181	1013	3
182	1002	9
183	985	11
184	1010	20
185	1006	14
186	996	8
187	1007	11
188	981	10
189	985	19
190	996	7
191	1002	7
192	1011	15
193	963	8
194	985	1
195	984	4
196	1007	4
197	982	8
198	1025	5
199	995	14
200	1014	8
201	988	5
202	1009	0
203	1011	8
204	1004	10
205	1082	14
206	970	7
207	1029	16
208	1012	3
209	988	7
210	999	9
211	1024	11
212	1017	8
213	942	6
214	1023	7
215	959	11
216	1003	10
217	1012	5
218	997	7
219	1001	19
220	1023	12
221	988	14
222	983	6
223	967	2
224	1031	15
225	991	14
226	998	11
227	1031	10
228	984	6
229	998	8
230	963	9
231	1011	5
232	995	13
233	993	15
234	1000	6
235	1013	9
236	1003	10
237	1003	8
238	1022	6
239	965	7
240	1009	8
241	1054	5
242	1001	7
243	977	11
244	964	10
245	998	17
246	1028	10
247	982	16
248	1025	9
249	1022	5
250	1046	8
251	991	0
252	1026	0
253	971	8
254	1021	6
255	967	9
256	975	4
257	1018	7
258	993	8
259	1024	9
260	1008	8
261	1018	11
262	1003	11
263	1022	6
264	970	7
265	1032	5
266	982	8
267	996	3
268	981	10
269	1014	6
270	1009	1
271	1033	2
272	996	1
273	977	14
274	1019	11
275	991	11
276	994	11
277	1050	14
278	988	11
279	1033	7
280	995	12
281	982	17
282	1002	9
283	995	12
284	981	10
285	979	6
286	1021	12
287	1029	5
288	1021	8
289	974	5
290	1022	0
291	1012	5
292	1038	10
293	1045	7
294	1037	9
295	1027	8
296	1023	3
297	1006	11
298	993	12
299	996	8
300	981	19
301	938	3
302	1026	0
303	1030	7
304	974	5
305	981	7
306	1004	2
307	970	17
308	972	4
309	1015	1
310	999	13
311	1000	9
312	987	9
313	1007	8
314	971	11
315	1060	19
316	1018	12
317	974	5
318	984	7
319	1000	9
320	985	12
321	1057	8
322	1046	12
323	996	7
324	971	9
325	1014	10
326	1012	6
327	1042	19
328	1015	12
329	988	2
330	1030	6
331	961	8
332	996	5
333	968	7
334	1017	7
335	994	13
336	992	7
337	987	9
338	982	7
339	1005	6
340	988	11
341	1008	7
342	1033	0
343	1018	15
344	997	11
345	1011	7
346	975	9
347	978	8
348	996	4
349	1047	6
350	1014	15
351	1023	25
352	1001	5
353	982	20
354	984	3
355	1012	3
356	1015	6
357	1001	9
358	1019	11
359	982	10
360	993	1
361	1018	11
362	1024	12
363	1026	7
364	986	10
365	1005	11
366	997	6
367	1015	6
368	1030	19
369	961	14
370	1004	5
371	1010	11
372	974	10
373	1023	15
374	1027	12
375	992	11
376	987	3
377	992	15
378	1006	6
379	947	12
380	980	11
381	970	6
382	1014	9
383	1001	10
384	1017	4
385	989	11
386	998	16
387	1009	12
388	981	14
389	1019	0
390	1017	3
391	1045	4
392	986	9
393	1014	9
394	1033	10
395	1033	7
396	987	3
397	1004	10
398	1009	9
399	1004	11
400	1010	15
401	985	1
402	1038	0
403	982	15
404	952	5
405	980	13
406	996	9
407	989	10
408	1008	11
409	990	8
410	1016	6
411	991	2
412	1001	2
413	1013	0
414	987	8
415	1006	11
416	1012	10
417	1015	13
418	991	13
419	1007	8
420	992	8
421	1002	4
422	993	10
423	978	8
424	961	1
425	1012	12
426	1000	3
427	1024	6
428	1026	4
429	1018	3
430	1039	8
431	1010	11
432	1013	10
433	1054	11
434	1014	10
435	942	8
436	974	12
437	1053	7
438	1014	9
439	1000	9
440	998	6
441	948	8
442	1032	10
443	1004	10
444	1003	13
445	980	6
446	1010	6
447	1021	5
448	1015	10
449	1009	6
450	1023	0
451	1047	0
452	952	1
453	977	0
454	991	14
455	983	15
456	1001	0
457	991	12
458	986	7
459	1006	15
460	1011	14
461	1018	11
462	983	12
463	1002	7
464	955	3
465	1008	3
466	983	17
467	988	3
468	982	6
469	983	3
470	997	4
471	995	12
472	985	6
473	986	12
474	995	10
475	1051	10
476	1016	9
477	1016	15
478	1019	14
479	1006	22
480	1003	11
481	999	2
482	988	19
483	999	5
484	972	8
485	978	7
486	955	13
487	1005	15
488	1043	9
489	1026	8
490	1014	8
491	1018	0
492	1020	2
493	1001	9
494	965	7
495	986	6
496	957	11
497	1024	4
498	1008	8
499	1002	10
500	1018	21
501	999	0
502	975	0
503	1078	5
504	998	13
505	997	13
506	979	0
507	998	1
508	1008	0
509	990	13
510	957	9
511	992	7
512	980	13
513	992	1
514	1028	0
515	980	3
516	1001	1
517	1043	0
518	995	11
519	1014	8
520	990	9
521	966	8
522	999	1
523	1013	6
524	967	4
525	1036	13
526	1021	11
527	999	6
528	1002	2
529	1001	0
530	1017	2
531	975	7
532	994	4
533	991	5
534	1000	14
535	1034	1
536	998	3
537	963	6
538	979	10
539	978	10
540	1017	8
541	1012	12
542	993	3
543	1013	0
544	1020	5
545	1019	1
546	989	12
547	1037	13
548	1004	0
549	975	10
550	988	6
551	989	0
552	1006	0
553	1009	0
554	1056	13
555	971	9
556	1027	13
557	996	0
558	1008	3
559	982	13
560	973	28
561	970	3
562	1020	6
563	1028	3
564	950	4
565	966	11
566	1029	0
567	1049	14
568	1004	2
569	976	0
570	1037	4
571	985	0
572	974	12
573	1045	14
574	993	6
575	1016	0
576	1003	8
577	963	12
578	983	9
579	1028	6
580	1013	19
581	976	12
582	1036	8
583	984	11
584	998	5
585	1026	16
586	1036	6
587	1010	3
588	985	4
589	1025	11
590	1005	7
591	1011	7
592	981	14
593	989	4
594	1013	0
595	985	3
596	1018	14
597	1002	12
598	956	1
599	996	0
600	1024	9
601	969	9
602	998	0
603	999	5
604	1019	1
605	1020	13
606	969	4
607	998	2
608	1038	9
609	988	15
610	1020	2
611	1002	4
612	1003	14
613	990	14
614	1001	5
615	984	3
616	966	8
617	988	17
618	1009	11
619	1034	9
620	1012	4
621	997	10
622	993	3
623	989	7
624	975	14
625	998	6
626	978	10
627	1020	17
628	1019	0
629	995	2
630	1009	3
631	1034	11
632	998	8
633	965	4
634	1022	1
635	979	11
636	978	0
637	984	0
638	1030	7
639	989	3
640	1003	11
641	947	0
642	1001	1
643	986	8
644	1000	15
645	994	11
646	1000	0
647	992	0
648	996	5
649	1015	21
650	989	20
651	1045	0
652	1034	0
653	1067	3
654	991	6
655	1006	8
656	997	0
657	988	1
658	1033	7
659	976	10
660	972	8
661	1005	15
662	1028	0
663	994	0
664	972	19
665	1007	7
666	1004	2
667	1012	0
668	969	0
669	1002	1
670	963	29
671	1000	0
672	1040	2
673	984	5
674	987	5
675	1027	0
676	1019	0
677	1008	1
678	998	0
679	1006	0
680	1008	4
681	973	11
682	986	8
683	1017	6
684	1001	13
685	991	7
686	1027	0
687	1024	0
688	1025	6
689	1024	8
690	1025	11
691	985	15
692	993	14
693	983	1
694	960	0
695	995	4
696	1001	4
697	952	16
698	968	18
699	999	8
700	1022	16
701	984	0
702	1048	0
703	998	1
704	949	0
705	1020	3
706	1037	0
707	1022	5
708	1002	2
709	1009	0
710	1020	23
711	994	17
712	1026	11
713	935	7
714	1001	6
715	960	11
716	998	9
717	965	11
718	999	1
719	1021	3
720	987	9
721	993	3
722	1002	0
723	1020	0
724	980	4
725	1005	1
726	968	0
727	985	0
728	989	1
729	1007	1
730	986	0
731	1002	10
732	1017	5
733	977	0
734	1013	2
735	1018	8
736	1038	16
737	1018	11
738	989	8
739	993	27
740	985	8
741	990	10
742	1005	17
743	973	5
744	1000	4
745	979	3
746	1000	15
747	967	2
748	985	12
749	1021	17
750	1057	8
751	994	0
752	1011	0
753	1016	10
754	992	1
755	1017	0
756	1008	0
757	981	0
758	990	6
759	978	14
760	960	14
761	979	25
762	1017	15
763	1014	0
764	969	1
765	986	4
766	985	2
767	968	0
768	1050	0
769	1029	1
770	984	20
771	956	0
772	987	0
773	1008	4
774	1007	14
775	1019	7
776	995	23
777	997	8
778	1013	0
779	999	9
780	994	2
781	967	14
782	994	8
783	990	0
784	997	0
785	975	7
786	1017	9
787	957	1
788	1013	0
789	1024	15
790	992	11
791	1003	9
792	1012	21
793	965	5
794	987	15
795	1001	19
796	973	11
797	992	9
798	984	28
799	974	8
800	1013	17
801	1006	10
802	975	0
803	973	1
804	1003	20
805	1044	8
806	1013	0
807	987	0
808	992	15
809	1032	0
810	995	3
811	1033	8
812	998	8
813	981	4
814	993	0
815	1006	0
816	978	15
817	994	13
818	979	0
819	970	0
820	1016	0
821	1012	0
822	1013	9
823	984	16
824	1012	0
825	1017	0
826	999	4
827	999	2
828	1025	0
829	1018	0
830	1001	0
831	997	1
832	1002	0
833	1015	0
834	1018	0
835	977	0
836	1006	15
837	982	0
838	978	0
839	972	0
840	955	0
841	1010	0
842	1032	5
843	979	0
844	1030	0
845	1031	2
846	1014	0
847	1027	5
848	1009	14
849	993	1
850	1022	4
851	1044	0
852	1004	0
853	1005	0
854	1024	0
855	1007	0
856	1004	0
857	988	14
858	1012	0
859	988	0
860	1004	0
861	1016	7
862	983	8
863	1014	0
864	1001	0
865	1018	0
866	990	0
867	965	5
868	988	9
869	962	0
870	989	0
871	988	0
872	995	3
873	1000	0
874	965	0
875	978	0
876	998	0
877	995	5
878	1002	3
879	1005	0
880	1039	0
881	1024	0
882	975	0
883	1001	0
884	973	0
885	990	8
886	1019	6
887	1007	1
888	968	0
889	984	0
890	975	0
891	1000	12
892	1009	14
893	1017	6
894	1010	0
895	995	0
896	1004	0
897	1012	6
898	1005	0
899	988	2
900	1028	0
901	965	0
902	997	0
903	987	0
904	999	0
905	1014	8
906	997	0
907	992	0
908	1013	0
909	982	0
910	978	1
911	1013	10
912	957	0
913	985	4
914	1026	0
915	994	0
916	992	0
917	1007	0
918	998	0
919	987	0
920	995	0
921	961	0
922	1038	11
923	1010	13
924	986	25
925	1014	8
926	980	11
927	1041	0
928	963	0
929	1019	2
930	1012	0
931	1012	1
932	986	0
933	1001	0
934	995	0
935	987	8
936	982	0
937	985	5
938	1017	1
939	990	0
940	1036	16
941	1035	7
942	992	0
943	1024	7
944	1036	0
945	1001	0
946	1012	8
947	1065	0
948	1023	7
949	983	0
950	1006	1
951	998	7
952	1010	0
953	1039	4
954	1052	0
955	995	7
956	1015	20
957	979	0
958	973	4
959	1023	0
960	1005	2
961	1012	8
962	1012	5
963	1041	0
964	1020	22
965	1040	0
966	1002	8
967	993	25
968	1004	8
969	1003	1
970	1003	20
971	980	0
972	977	0
973	1006	6
974	1012	0
975	969	0
976	958	0
977	987	9
978	978	0
979	1035	7
980	972	14
981	1035	0
982	1006	6
983	986	0
984	1001	0
985	1017	0
986	980	0
987	1026	0
988	970	0
989	1001	0
990	996	0
991	1015	1
992	994	0
993	988	0
994	984	6
995	955	0
996	1004	0
997	1019	0
998	1024	0
999	1025	0
