0	500	0
1	262	2
2	253	1
3	262	0
4	249	2
5	224	3
6	234	0
7	251	1
8	232	0
9	251	1
10	246	0
11	249	0
12	274	2
13	250	1
14	236	2
15	251	0
16	260	1
17	238	1
18	249	0
19	249	0
20	239	1
21	280	0
22	231	1
23	257	0
24	241	0
25	251	2
26	246	0
27	261	0
28	240	3
29	246	0
30	257	1
31	257	0
32	238	0
33	245	1
34	251	0
35	229	0
36	262	0
37	271	1
38	257	2
39	247	1
40	257	0
41	266	1
42	243	0
43	243	0
44	244	0
45	274	0
46	251	0
47	242	0
48	250	0
49	245	0
50	278	0
51	250	0
52	243	0
53	245	1
54	248	1
55	257	0
56	263	0
57	257	0
58	268	0
59	264	1
60	241	2
61	239	0
62	268	0
63	255	1
64	259	1
65	252	2
66	268	0
67	238	0
68	263	1
69	263	0
70	256	1
71	248	1
72	244	0
73	242	3
74	258	0
75	273	1
76	241	0
77	247	0
78	249	0
79	232	1
80	240	0
81	261	0
82	255	0
83	243	1
84	251	1
85	254	0
86	232	1
87	268	0
88	235	1
89	240	1
90	251	0
91	260	0
92	233	0
93	274	0
94	235	0
95	254	4
96	248	3
97	255	1
98	236	0
99	250	0
100	258	0
101	240	0
102	235	0
103	256	0
104	251	2
105	257	0
106	255	0
107	204	1
108	251	0
109	237	1
110	246	0
111	238	0
112	248	0
113	237	1
114	245	1
115	252	1
116	223	2
117	233	1
118	273	1
119	254	0
120	224	0
121	270	1
122	245	3
123	232	3
124	241	0
125	261	1
126	267	1
127	251	0
128	258	1
129	260	3
130	265	1
131	256	1
132	243	1
133	240	0
134	253	1
135	263	2
136	217	0
137	244	0
138	247	0
139	259	0
140	267	0
141	243	0
142	246	2
143	251	0
144	232	0
145	255	2
146	234	0
147	251	0
148	240	2
149	260	1
150	241	0
151	266	0
152	254	1
153	244	2
154	240	0
155	267	1
156	256	3
157	270	1
158	257	0
159	254	3
160	256	4
161	271	1
162	243	0
163	232	0
164	266	0
165	238	2
166	259	2
167	256	1
168	260	1
169	254	2
170	241	2
171	272	1
172	256	0
173	240	1
174	262	0
175	260	1
176	241	1
177	262	0
178	256	2
179	259	0
180	261	2
181	246	0
182	251	0
183	263	0
184	261	1
185	232	1
186	240	4
187	240	0
188	257	0
189	239	2
190	242	0
191	261	0
192	241	0
193	240	1
194	264	3
195	264	0
196	261	4
197	238	2
198	265	1
199	249	0
200	246	0
201	253	0
202	255	0
203	271	1
204	261	0
205	261	0
206	255	3
207	247	1
208	268	0
209	255	0
210	246	0
211	245	1
212	241	0
213	266	3
214	250	1
215	257	0
216	279	1
217	235	3
218	238	0
219	245	2
220	259	2
221	246	0
222	233	0
223	268	0
224	266	0
225	262	0
226	246	0
227	256	0
228	238	0
229	266	1
230	249	1
231	257	0
232	243	1
233	238	0
234	253	0
235	279	0
236	240	1
237	262	2
238	247	2
239	245	0
240	274	0
241	234	2
242	247	1
243	249	0
244	253	0
245	243	1
246	231	0
247	263	2
248	243	0
249	241	0
250	241	0
251	240	0
252	239	0
253	258	2
254	243	1
255	239	0
256	255	1
257	233	1
258	249	0
259	257	0
260	236	0
261	268	1
262	239	0
263	256	0
264	245	0
265	237	2
266	233	0
267	239	0
268	260	1
269	254	1
270	263	1
271	247	0
272	269	0
273	251	1
274	251	1
275	238	1
276	244	0
277	251	0
278	252	0
279	251	0
280	253	0
281	252	1
282	240	0
283	258	1
284	254	1
285	254	3
286	246	0
287	255	2
288	244	3
289	246	1
290	232	5
291	258	1
292	257	0
293	251	0
294	259	1
295	252	0
296	238	0
297	259	2
298	243	0
299	256	0
300	237	0
301	252	0
302	265	0
303	225	1
304	258	2
305	233	0
306	251	0
307	269	0
308	245	1
309	241	0
310	233	1
311	229	0
312	259	0
313	287	0
314	263	0
315	268	0
316	248	0
317	244	0
318	269	0
319	256	0
320	243	0
321	257	3
322	236	0
323	238	0
324	258	1
325	261	0
326	263	1
327	256	1
328	249	1
329	259	1
330	261	1
331	262	1
332	234	1
333	254	0
334	245	0
335	251	0
336	247	0
337	250	0
338	249	0
339	257	0
340	229	0
341	249	2
342	237	2
343	251	2
344	246	1
345	240	0
346	278	1
347	233	0
348	252	1
349	245	0
350	249	1
351	275	0
352	246	1
353	244	1
354	260	2
355	256	1
356	256	0
357	257	0
358	241	1
359	242	1
360	275	0
361	249	3
362	259	3
363	240	1
364	247	2
365	226	0
366	254	0
367	246	3
368	255	2
369	242	0
370	254	0
371	243	1
372	237	1
373	253	1
374	265	0
375	233	0
376	249	3
377	248	2
378	245	0
379	260	3
380	238	2
381	271	1
382	244	0
383	256	0
384	239	0
385	266	0
386	239	3
387	252	0
388	238	0
389	235	1
390	241	0
391	249	1
392	247	0
393	238	0
394	258	0
395	241	1
396	230	0
397	237	3
398	262	0
399	261	1
400	250	0
401	233	0
402	254	0
403	250	0
404	266	3
405	261	1
406	254	2
407	250	2
408	275	0
409	247	1
410	245	1
411	249	2
412	256	2
413	239	0
414	253	1
415	231	2
416	252	2
417	240	0
418	232	2
419	243	1
420	262	1
421	247	0
422	247	0
423	250	0
424	264	0
425	264	1
426	249	1
427	257	0
428	249	0
429	239	1
430	251	1
431	251	0
432	274	0
433	239	1
434	258	0
435	243	3
436	254	1
437	244	1
438	257	1
439	255	1
440	246	2
441	232	1
442	246	1
443	247	0
444	263	2
445	271	0
446	236	1
447	249	2
448	243	0
449	239	1
450	250	4
451	247	5
452	259	1
453	250	2
454	259	0
455	247	4
456	242	0
457	262	1
458	254	0
459	242	0
460	226	3
461	240	0
462	272	1
463	254	1
464	250	0
465	263	1
466	241	3
467	259	0
468	270	1
469	235	3
470	241	0
471	236	0
472	276	0
473	260	1
474	261	0
475	244	0
476	249	0
477	240	0
478	253	2
479	240	1
480	240	1
481	258	2
482	263	0
483	243	0
484	269	1
485	260	1
486	250	0
487	250	0
488	262	1
489	261	0
490	265	0
491	253	0
492	245	0
493	242	0
494	238	0
495	243	1
496	266	0
497	265	0
498	254	0
499	241	0
500	266	0
501	264	0
502	255	0
503	247	1
504	252	3
505	245	0
506	249	1
507	248	3
508	261	1
509	269	0
510	248	2
511	237	0
512	271	2
513	256	0
514	242	1
515	266	0
516	250	0
517	258	0
518	234	2
519	255	2
520	255	0
521	230	1
522	254	0
523	223	0
524	244	0
525	243	3
526	216	2
527	241	0
528	237	1
529	233	0
530	254	0
531	254	0
532	248	0
533	259	0
534	259	0
535	255	1
536	232	2
537	247	3
538	245	3
539	235	0
540	248	1
541	255	0
542	239	0
543	254	2
544	268	1
545	246	0
546	256	0
547	259	0
548	239	0
549	251	0
550	236	0
551	282	0
552	247	0
553	247	1
554	254	0
555	263	2
556	253	0
557	226	0
558	273	0
559	263	0
560	259	0
561	221	0
562	249	0
563	258	0
564	249	1
565	259	0
566	264	2
567	233	0
568	226	1
569	265	0
570	250	0
571	255	1
572	244	1
573	261	0
574	258	2
575	262	3
576	239	1
577	249	1
578	243	0
579	236	0
580	268	0
581	257	4
582	264	0
583	259	3
584	224	1
585	275	1
586	250	2
587	267	0
588	266	1
589	250	0
590	242	0
591	260	1
592	236	0
593	244	0
594	252	0
595	262	0
596	255	0
597	246	0
598	248	4
599	266	0
600	250	0
601	240	0
602	226	0
603	229	1
604	259	2
605	236	2
606	258	1
607	234	1
608	231	0
609	241	3
610	254	0
611	260	0
612	243	1
613	241	0
614	244	2
615	274	2
616	236	1
617	248	0
618	249	0
619	250	1
620	244	1
621	251	0
622	253	0
623	257	3
624	251	1
625	236	2
626	227	2
627	259	0
628	251	0
629	249	2
630	250	0
631	254	4
632	236	2
633	224	2
634	250	0
635	259	0
636	247	0
637	260	0
638	245	0
639	262	2
640	247	1
641	253	0
642	252	0
643	242	0
644	255	1
645	236	1
646	247	1
647	267	0
648	248	1
649	258	0
650	236	0
651	256	0
652	265	1
653	253	1
654	246	3
655	259	2
656	249	1
657	256	0
658	235	1
659	242	1
660	256	1
661	256	1
662	249	1
663	257	0
664	266	2
665	265	1
666	274	0
667	241	0
668	247	0
669	248	2
670	250	1
671	244	0
672	248	0
673	254	1
674	231	1
675	253	0
676	251	0
677	255	2
678	263	2
679	230	1
680	246	0
681	258	1
682	265	0
683	266	0
684	238	0
685	250	0
686	251	0
687	268	3
688	229	0
689	242	2
690	271	1
691	266	0
692	247	0
693	266	1
694	261	1
695	275	0
696	269	2
697	224	0
698	273	1
699	240	0
700	258	0
701	262	0
702	259	0
703	241	0
704	243	0
705	271	1
706	243	0
707	256	0
708	237	0
709	237	1
710	244	0
711	257	0
712	256	1
713	248	1
714	239	1
715	244	1
716	238	0
717	236	1
718	233	0
719	266	0
720	247	0
721	273	0
722	250	1
723	242	0
724	259	0
725	238	1
726	255	2
727	270	0
728	258	0
729	266	0
730	246	0
731	251	0
732	235	0
733	255	0
734	259	0
735	267	1
736	236	1
737	270	0
738	244	1
739	265	0
740	251	2
741	254	0
742	241	0
743	261	0
744	269	2
745	268	0
746	244	1
747	257	1
748	271	2
749	241	0
750	239	0
751	245	0
752	251	0
753	246	1
754	231	0
755	254	0
756	235	1
757	261	0
758	248	0
759	248	0
760	262	2
761	263	2
762	268	0
763	271	3
764	244	1
765	246	0
766	247	1
767	245	0
768	242	3
769	270	0
770	254	0
771	259	1
772	260	1
773	245	0
774	256	0
775	263	1
776	263	1
777	246	0
778	251	0
779	253	0
780	229	2
781	253	1
782	254	2
783	264	2
784	237	1
785	272	0
786	267	0
787	250	0
788	238	0
789	253	2
790	264	1
791	246	1
792	253	0
793	245	0
794	257	0
795	253	1
796	257	0
797	270	0
798	261	0
799	266	0
800	257	0
801	245	0
802	241	0
803	252	0
804	246	0
805	253	0
806	263	0
807	250	0
808	262	1
809	249	0
810	255	0
811	242	0
812	258	0
813	237	1
814	248	0
815	251	0
816	252	0
817	258	0
818	247	0
819	263	0
820	259	1
821	256	0
822	265	0
823	255	2
824	240	2
825	239	0
826	242	2
827	251	2
828	241	0
829	234	0
830	254	0
831	249	0
832	262	0
833	268	0
834	236	0
835	250	1
836	259	0
837	265	3
838	248	1
839	252	2
840	219	0
841	243	2
842	261	0
843	256	1
844	255	0
845	260	1
846	253	1
847	259	0
848	241	2
849	267	0
850	256	0
851	249	0
852	248	0
853	243	0
854	248	0
855	250	0
856	253	1
857	253	0
858	236	3
859	238	3
860	259	1
861	255	1
862	267	0
863	246	0
864	261	2
865	243	0
866	245	0
867	259	2
868	259	0
869	233	0
870	254	1
871	265	0
872	239	0
873	239	2
874	259	1
875	233	0
876	229	0
877	261	0
878	248	0
879	234	0
880	235	0
881	274	3
882	260	1
883	241	0
884	243	0
885	248	1
886	255	3
887	261	0
888	257	0
889	246	2
890	261	0
891	247	1
892	228	0
893	247	0
894	248	0
895	253	1
896	249	0
897	238	0
898	261	0
899	229	1
900	249	0
901	261	0
902	232	0
903	253	0
904	260	0
905	270	0
906	255	0
907	254	1
908	234	0
909	235	0
910	261	0
911	253	0
912	248	0
913	242	0
914	243	1
915	242	0
916	257	0
917	269	1
918	259	0
919	248	0
920	267	2
921	259	2
922	238	1
923	257	0
924	249	2
925	244	0
926	242	0
927	244	0
928	238	1
929	257	0
930	249	1
931	245	1
932	243	1
933	240	2
934	246	1
935	243	0
936	249	0
937	267	1
938	243	0
939	253	0
940	260	0
941	276	0
942	250	2
943	254	1
944	251	0
945	248	0
946	265	1
947	275	3
948	237	2
949	269	0
950	245	0
951	265	0
952	269	1
953	243	0
954	238	0
955	252	0
956	243	2
957	267	1
958	255	2
959	244	1
960	246	0
961	229	0
962	271	2
963	231	0
964	255	0
965	253	1
966	253	2
967	247	0
968	280	0
969	256	2
970	255	1
971	261	0
972	249	1
973	247	0
974	270	0
975	248	0
976	257	1
977	256	0
978	261	1
979	240	2
980	255	0
981	251	0
982	265	0
983	254	0
984	247	0
985	244	1
986	247	0
987	243	0
988	241	0
989	262	0
990	265	2
991	240	1
992	237	4
993	246	3
994	255	0
995	239	1
996	244	1
997	233	3
998	231	2
999	240	0
