0	500	0
1	264	4
2	253	1
3	262	0
4	249	2
5	224	3
6	235	1
7	250	2
8	232	0
9	251	1
10	245	1
11	249	0
12	274	2
13	249	2
14	236	2
15	250	1
16	260	1
17	239	2
18	249	0
19	249	0
20	239	1
21	280	0
22	232	2
23	257	0
24	242	1
25	251	2
26	247	1
27	261	0
28	239	4
29	246	2
30	258	2
31	258	1
32	236	2
33	245	1
34	250	1
35	230	1
36	262	0
37	271	3
38	257	2
39	247	1
40	256	1
41	266	1
42	243	0
43	242	1
44	243	1
45	274	0
46	250	1
47	241	1
48	250	0
49	245	0
50	248	2
51	248	0
52	243	0
53	245	1
54	248	1
55	257	0
56	263	0
57	257	0
58	267	1
59	264	1
60	240	3
61	239	2
62	268	2
63	255	1
64	259	1
65	252	2
66	268	0
67	238	0
68	264	2
69	263	0
70	256	1
71	248	1
72	244	0
73	243	6
74	258	0
75	275	3
76	240	1
77	248	1
78	249	0
79	232	1
80	240	0
81	261	0
82	255	0
83	244	2
84	252	2
85	254	0
86	232	1
87	269	1
88	237	3
89	241	2
90	249	2
91	260	0
92	233	0
93	274	0
94	235	0
95	254	4
96	248	3
97	255	1
98	236	0
99	250	0
100	265	1
101	268	0
102	234	1
103	255	1
104	251	2
105	257	0
106	256	1
107	205	2
108	251	2
109	238	2
110	246	0
111	237	1
112	248	0
113	237	1
114	245	1
115	252	1
116	223	2
117	234	2
118	273	3
119	253	1
120	224	0
121	270	1
122	245	3
123	231	4
124	240	1
125	261	3
126	268	2
127	250	1
128	258	1
129	261	4
130	266	2
131	256	1
132	243	1
133	240	0
134	254	2
135	263	2
136	218	1
137	244	0
138	247	0
139	260	1
140	267	2
141	244	1
142	245	3
143	251	0
144	232	0
145	255	2
146	233	1
147	251	0
148	240	2
149	260	1
150	239	0
151	245	1
152	253	0
153	244	2
154	239	1
155	267	1
156	256	5
157	270	1
158	257	0
159	252	5
160	256	4
161	269	3
162	244	1
163	232	0
164	266	0
165	237	3
166	259	2
167	256	1
168	259	2
169	253	3
170	240	3
171	271	2
172	256	0
173	240	3
174	262	0
175	261	2
176	241	1
177	262	2
178	255	3
179	260	1
180	262	3
181	246	0
182	251	0
183	263	0
184	261	3
185	232	1
186	240	4
187	240	0
188	257	0
189	239	2
190	242	0
191	261	0
192	241	0
193	239	2
194	264	3
195	264	0
196	261	4
197	237	3
198	265	1
199	250	1
200	246	0
201	253	0
202	255	0
203	271	1
204	259	2
205	261	0
206	255	3
207	247	1
208	267	1
209	255	0
210	245	1
211	245	1
212	241	0
213	266	3
214	250	1
215	257	0
216	280	2
217	234	4
218	238	0
219	245	2
220	260	3
221	245	1
222	234	1
223	268	0
224	266	0
225	263	1
226	246	0
227	257	1
228	238	0
229	266	1
230	249	3
231	256	1
232	243	1
233	238	0
234	253	2
235	278	1
236	240	1
237	262	2
238	247	2
239	245	0
240	274	0
241	234	2
242	248	2
243	250	1
244	253	0
245	245	3
246	232	1
247	262	3
248	244	1
249	240	1
250	263	0
251	238	0
252	238	1
253	258	2
254	242	2
255	238	1
256	255	1
257	233	1
258	248	1
259	258	1
260	236	0
261	269	2
262	238	1
263	256	0
264	244	1
265	237	2
266	232	1
267	239	0
268	260	1
269	254	1
270	263	1
271	247	0
272	269	0
273	251	1
274	251	1
275	238	1
276	243	1
277	252	1
278	252	0
279	251	0
280	252	1
281	252	1
282	242	2
283	258	1
284	254	1
285	254	3
286	246	0
287	255	2
288	244	3
289	247	2
290	232	5
291	258	1
292	256	1
293	252	1
294	261	5
295	252	0
296	238	0
297	259	2
298	244	1
299	256	0
300	246	0
301	241	2
302	266	1
303	225	1
304	259	3
305	232	1
306	251	0
307	270	1
308	245	1
309	241	0
310	232	2
311	230	1
312	259	0
313	287	0
314	262	1
315	269	1
316	247	3
317	245	1
318	268	1
319	256	0
320	243	0
321	257	3
322	236	0
323	239	1
324	258	3
325	261	0
326	263	1
327	255	2
328	251	3
329	260	2
330	261	1
331	262	1
332	234	1
333	256	2
334	245	0
335	251	0
336	246	1
337	250	0
338	249	0
339	257	0
340	230	1
341	249	2
342	237	2
343	251	2
344	246	1
345	239	1
346	278	1
347	233	0
348	252	1
349	245	0
350	263	2
351	272	0
352	247	4
353	244	3
354	259	3
355	256	1
356	257	1
357	258	1
358	241	1
359	241	2
360	274	1
361	249	3
362	260	4
363	241	2
364	247	2
365	226	0
366	254	0
367	246	3
368	255	2
369	241	1
370	255	1
371	242	2
372	237	1
373	253	1
374	265	0
375	233	0
376	250	4
377	248	2
378	245	0
379	259	4
380	240	4
381	271	1
382	244	0
383	254	2
384	239	0
385	265	1
386	239	3
387	252	0
388	238	0
389	235	1
390	241	0
391	249	1
392	247	0
393	239	1
394	258	0
395	241	1
396	230	0
397	237	3
398	261	1
399	261	1
400	253	0
401	232	0
402	254	0
403	250	0
404	266	3
405	261	1
406	254	2
407	250	2
408	275	0
409	247	1
410	245	1
411	251	4
412	257	3
413	240	1
414	253	1
415	231	2
416	251	3
417	240	0
418	232	2
419	243	3
420	262	1
421	247	0
422	246	1
423	249	1
424	263	1
425	264	1
426	248	2
427	257	0
428	249	0
429	239	1
430	252	2
431	250	1
432	275	1
433	239	1
434	258	0
435	243	3
436	254	3
437	244	1
438	257	1
439	254	2
440	246	2
441	232	1
442	247	2
443	247	0
444	263	2
445	271	0
446	236	3
447	251	4
448	242	1
449	239	1
450	247	2
451	253	2
452	261	3
453	250	2
454	259	0
455	246	5
456	241	1
457	262	1
458	253	1
459	242	0
460	226	3
461	240	0
462	272	1
463	255	2
464	250	0
465	263	1
466	239	5
467	259	2
468	270	1
469	235	3
470	241	0
471	236	0
472	276	0
473	260	1
474	261	0
475	245	1
476	250	1
477	240	0
478	253	2
479	240	1
480	240	1
481	258	2
482	263	0
483	243	0
484	269	1
485	260	1
486	250	0
487	250	0
488	262	1
489	260	1
490	264	1
491	254	1
492	244	1
493	241	1
494	238	0
495	242	2
496	267	1
497	265	0
498	254	2
499	241	0
500	237	5
501	256	0
502	255	2
503	247	1
504	253	4
505	245	0
506	250	2
507	248	3
508	261	1
509	269	0
510	248	2
511	237	0
512	271	2
513	256	0
514	242	1
515	267	1
516	250	0
517	258	0
518	235	3
519	253	4
520	255	2
521	230	1
522	254	0
523	223	0
524	245	1
525	242	4
526	216	2
527	239	2
528	237	1
529	232	1
530	255	1
531	254	0
532	249	1
533	259	0
534	258	1
535	255	1
536	232	2
537	247	3
538	244	4
539	234	1
540	248	1
541	256	1
542	239	0
543	253	3
544	267	2
545	245	1
546	256	0
547	260	1
548	239	0
549	251	0
550	252	2
551	252	2
552	246	1
553	246	2
554	252	2
555	264	3
556	253	0
557	226	0
558	273	2
559	264	1
560	261	2
561	219	2
562	249	0
563	258	0
564	249	1
565	259	0
566	263	3
567	235	2
568	226	1
569	265	0
570	250	0
571	254	2
572	244	1
573	260	1
574	257	3
575	262	3
576	238	2
577	249	1
578	243	0
579	236	0
580	268	0
581	257	6
582	264	0
583	258	4
584	224	3
585	275	3
586	250	2
587	267	0
588	266	1
589	250	0
590	242	0
591	260	1
592	234	2
593	245	1
594	253	1
595	261	1
596	255	0
597	246	0
598	246	6
599	265	1
600	258	0
601	238	0
602	226	0
603	230	2
604	259	2
605	236	2
606	257	2
607	234	1
608	230	1
609	241	3
610	254	0
611	260	0
612	243	1
613	242	1
614	243	3
615	272	4
616	236	1
617	248	0
618	249	0
619	249	2
620	244	3
621	251	0
622	251	2
623	257	3
624	251	1
625	237	3
626	228	3
627	259	0
628	252	1
629	248	3
630	249	1
631	254	4
632	236	2
633	224	2
634	249	1
635	259	0
636	247	0
637	259	1
638	245	0
639	261	3
640	247	1
641	253	0
642	252	0
643	242	0
644	255	1
645	237	2
646	246	2
647	267	0
648	248	1
649	258	0
650	243	0
651	253	2
652	264	2
653	254	2
654	246	3
655	260	3
656	250	2
657	256	2
658	235	1
659	244	3
660	257	2
661	256	1
662	249	1
663	257	0
664	266	2
665	265	1
666	275	1
667	241	0
668	247	2
669	248	2
670	250	1
671	243	3
672	248	0
673	254	1
674	231	1
675	252	1
676	251	0
677	256	3
678	263	2
679	230	1
680	246	0
681	258	1
682	265	0
683	266	0
684	238	0
685	249	1
686	251	0
687	267	4
688	229	0
689	243	3
690	271	1
691	266	0
692	246	1
693	266	1
694	261	1
695	274	1
696	270	3
697	222	2
698	273	1
699	240	0
700	243	1
701	263	1
702	259	4
703	240	1
704	244	1
705	271	1
706	242	1
707	256	0
708	237	0
709	237	1
710	244	0
711	256	1
712	256	1
713	248	1
714	239	1
715	244	1
716	240	2
717	236	1
718	233	0
719	266	0
720	247	0
721	273	0
722	250	3
723	242	0
724	259	0
725	240	3
726	255	2
727	270	0
728	258	0
729	266	0
730	246	0
731	251	2
732	234	1
733	255	0
734	259	0
735	266	2
736	236	1
737	270	0
738	244	1
739	266	1
740	250	3
741	254	0
742	241	0
743	260	1
744	269	2
745	268	0
746	244	3
747	257	1
748	272	3
749	241	2
750	256	1
751	242	1
752	251	0
753	246	1
754	231	0
755	254	0
756	235	1
757	262	1
758	247	1
759	248	2
760	262	2
761	263	2
762	269	1
763	272	4
764	244	1
765	245	1
766	247	1
767	245	0
768	242	5
769	271	1
770	254	2
771	259	1
772	260	1
773	245	0
774	256	0
775	263	1
776	263	1
777	247	1
778	251	0
779	253	0
780	228	3
781	253	1
782	254	2
783	264	2
784	236	2
785	272	0
786	268	1
787	251	1
788	239	1
789	253	2
790	264	1
791	247	2
792	255	2
793	246	1
794	257	0
795	253	1
796	258	1
797	271	1
798	261	0
799	266	0
800	260	0
801	243	1
802	241	0
803	252	0
804	246	0
805	252	1
806	262	1
807	250	2
808	262	1
809	249	2
810	255	0
811	242	0
812	256	2
813	237	3
814	248	0
815	251	0
816	252	0
817	258	0
818	246	1
819	262	1
820	258	2
821	255	1
822	266	1
823	253	4
824	241	3
825	240	1
826	242	2
827	251	2
828	241	0
829	234	0
830	254	0
831	250	1
832	262	0
833	268	0
834	237	1
835	250	1
836	258	1
837	266	4
838	248	3
839	252	2
840	219	0
841	243	2
842	261	0
843	256	1
844	255	0
845	260	1
846	254	2
847	259	0
848	241	2
849	267	0
850	245	1
851	242	1
852	249	1
853	243	0
854	248	0
855	250	0
856	253	1
857	252	1
858	237	4
859	238	3
860	259	1
861	255	1
862	266	1
863	246	0
864	261	2
865	242	1
866	246	1
867	259	4
868	259	0
869	233	0
870	254	1
871	266	1
872	239	0
873	239	4
874	258	2
875	233	0
876	229	0
877	261	0
878	246	2
879	234	0
880	235	0
881	274	3
882	258	3
883	241	0
884	244	1
885	249	2
886	255	3
887	261	0
888	257	0
889	246	2
890	260	1
891	247	1
892	228	0
893	247	0
894	247	1
895	253	1
896	250	1
897	237	1
898	261	0
899	229	1
900	254	0
901	250	0
902	232	0
903	253	0
904	260	0
905	270	0
906	255	0
907	254	3
908	234	0
909	235	2
910	261	0
911	254	1
912	248	0
913	242	0
914	243	1
915	242	0
916	258	1
917	269	1
918	259	0
919	248	0
920	267	2
921	260	3
922	238	1
923	257	0
924	248	3
925	244	0
926	242	0
927	245	3
928	238	1
929	256	1
930	250	2
931	245	1
932	244	2
933	239	3
934	246	1
935	244	1
936	249	2
937	267	1
938	242	1
939	253	0
940	259	1
941	276	0
942	250	2
943	253	0
944	251	0
945	249	1
946	263	3
947	275	3
948	238	3
949	268	1
950	274	1
951	246	1
952	268	0
953	245	2
954	239	1
955	252	2
956	244	3
957	266	2
958	255	2
959	243	2
960	246	0
961	229	0
962	271	2
963	230	1
964	255	0
965	254	2
966	253	2
967	245	2
968	280	0
969	256	2
970	255	1
971	261	0
972	249	1
973	248	1
974	271	1
975	249	1
976	257	1
977	256	0
978	261	1
979	240	2
980	255	2
981	251	0
982	265	0
983	253	1
984	244	3
985	244	3
986	247	0
987	245	2
988	240	1
989	264	2
990	265	2
991	240	1
992	237	4
993	246	3
994	256	1
995	239	1
996	245	2
997	233	3
998	231	2
999	240	0
