0	2000	0
1	987	0
2	998	4
3	974	0
4	1014	0
5	985	0
6	971	0
7	997	1
8	1033	3
9	1032	3
10	1005	0
11	992	0
12	1041	0
13	981	0
14	1012	0
15	1026	0
16	976	0
17	1033	0
18	1015	0
19	1030	1
20	978	2
21	1043	5
22	991	0
23	990	0
24	1021	0
25	994	0
26	1000	0
27	1031	1
28	1007	0
29	1021	0
30	1043	0
31	1000	0
32	971	0
33	999	5
34	996	4
35	975	4
36	990	3
37	1031	0
38	981	0
39	1033	2
40	1024	0
41	1021	0
42	1025	0
43	1018	0
44	994	0
45	990	2
46	1004	5
47	989	0
48	994	0
49	1011	0
50	979	5
51	993	0
52	973	0
53	965	3
54	994	1
55	1004	0
56	1023	1
57	1000	0
58	987	0
59	961	0
60	1079	0
61	1019	0
62	998	0
63	1022	0
64	989	0
65	996	1
66	1012	2
67	995	2
68	1026	5
69	981	3
70	1006	0
71	1016	0
72	1025	2
73	1008	2
74	999	2
75	1018	7
76	973	0
77	1021	0
78	1050	0
79	1004	0
80	970	0
81	1007	0
82	1021	0
83	990	0
84	1002	0
85	990	0
86	1019	0
87	986	0
88	1032	0
89	972	0
90	1019	0
91	1001	0
92	1015	0
93	1011	1
94	994	1
95	994	0
96	1007	0
97	1004	3
98	1047	0
99	978	6
100	996	2
101	1000	0
102	1007	0
103	975	1
104	1016	1
105	988	2
106	980	3
107	1007	1
108	987	10
109	978	0
110	970	0
111	1013	4
112	1009	0
113	1034	0
114	1043	6
115	986	5
116	987	0
117	989	5
118	1013	1
119	974	0
120	990	0
121	1001	0
122	971	0
123	985	0
124	1025	3
125	951	0
126	1007	0
127	987	1
128	1006	0
129	974	0
130	1046	1
131	963	0
132	982	0
133	998	2
134	994	0
135	980	5
136	976	4
137	994	6
138	988	0
139	996	1
140	1018	2
141	1020	0
142	994	0
143	1006	0
144	964	0
145	999	0
146	1010	0
147	1012	0
148	955	3
149	1012	0
150	1002	2
151	987	11
152	1005	0
153	988	2
154	998	0
155	1006	0
156	1014	0
157	1015	0
158	1016	0
159	1023	0
160	1000	6
161	970	0
162	1031	0
163	992	2
164	998	1
165	1014	0
166	1003	0
167	1033	1
168	992	1
169	983	3
170	983	8
171	1006	1
172	994	0
173	990	0
174	971	0
175	976	4
176	982	5
177	992	2
178	940	1
179	1007	8
180	999	1
181	990	0
182	999	3
183	1012	8
184	994	1
185	967	1
186	1019	2
187	987	1
188	1021	1
189	1005	1
190	1017	1
191	955	0
192	988	0
193	980	0
194	1001	3
195	998	0
196	977	0
197	994	0
198	991	2
199	1013	1
200	1040	0
201	979	0
202	996	0
203	1005	0
204	1016	0
205	1024	3
206	1009	0
207	982	0
208	1024	0
209	997	0
210	972	0
211	988	0
212	1025	3
213	1024	3
214	980	1
215	984	0
216	979	4
217	1003	1
218	997	3
219	981	1
220	980	1
221	969	4
222	1019	1
223	1012	1
224	1068	0
225	1032	1
226	959	0
227	1017	5
228	1013	1
229	1004	1
230	994	0
231	997	1
232	1050	0
233	955	1
234	966	0
235	963	5
236	1029	4
237	1016	0
238	1005	0
239	1034	1
240	1046	0
241	1003	2
242	1012	0
243	1007	5
244	1021	5
245	1027	0
246	1004	0
247	996	0
248	983	0
249	1025	2
250	992	5
251	1016	0
252	1010	0
253	979	1
254	966	10
255	967	2
256	1020	0
257	995	0
258	1012	1
259	997	0
260	951	8
261	1024	0
262	1003	0
263	998	0
264	1019	0
265	989	0
266	1010	0
267	952	2
268	1025	0
269	1005	0
270	1047	0
271	1040	0
272	983	0
273	993	0
274	998	0
275	1004	0
276	993	1
277	1020	3
278	1005	0
279	1023	0
280	1027	0
281	979	0
282	981	0
283	1011	1
284	1026	0
285	1014	0
286	1037	0
287	993	0
288	984	0
289	1011	0
290	1030	0
291	1041	5
292	1044	5
293	1016	0
294	971	2
295	985	1
296	1013	0
297	981	0
298	992	1
299	1018	0
300	1042	0
301	1022	6
302	987	0
303	976	7
304	1023	1
305	1001	0
306	982	0
307	1002	0
308	1023	1
309	1013	6
310	989	6
311	1009	2
312	1063	1
313	963	0
314	1031	0
315	971	5
316	1002	1
317	959	0
318	984	3
319	1035	1
320	1038	0
321	982	0
322	1005	9
323	972	6
324	974	4
325	979	0
326	1017	3
327	979	0
328	1009	0
329	1015	1
330	1004	0
331	1016	0
332	1057	0
333	1042	0
334	1004	0
335	990	12
336	1034	1
337	997	2
338	968	5
339	949	1
340	987	6
341	992	0
342	1017	1
343	1016	0
344	1006	0
345	1029	0
346	980	2
347	963	0
348	936	6
349	953	0
350	1007	0
351	1005	15
352	1024	0
353	1016	2
354	978	3
355	1029	0
356	973	0
357	1016	4
358	985	0
359	999	0
360	993	2
361	976	0
362	1015	1
363	987	0
364	964	0
365	1025	0
366	989	0
367	1001	0
368	979	2
369	1012	0
370	999	4
371	971	10
372	1004	1
373	1001	0
374	977	5
375	1001	2
376	986	0
377	1013	2
378	1026	0
379	986	0
380	976	0
381	978	0
382	966	0
383	992	1
384	1019	0
385	1017	0
386	1005	1
387	985	0
388	972	3
389	1021	0
390	994	0
391	1001	0
392	964	1
393	998	0
394	951	0
395	1009	1
396	1013	1
397	990	0
398	991	0
399	982	0
400	977	0
401	1015	4
402	985	3
403	989	6
404	1057	1
405	996	0
406	967	0
407	998	0
408	1031	1
409	1003	0
410	1028	13
411	1038	0
412	1003	0
413	988	3
414	968	5
415	968	4
416	1020	0
417	966	0
418	1006	0
419	997	0
420	1030	0
421	984	0
422	982	0
423	958	0
424	1009	0
425	1004	0
426	983	1
427	1006	6
428	1020	1
429	999	0
430	1031	0
431	973	5
432	976	0
433	1020	0
434	1018	0
435	1018	3
436	1009	0
437	1024	0
438	996	0
439	988	0
440	1001	0
441	996	0
442	980	0
443	966	1
444	1019	3
445	991	0
446	992	1
447	987	2
448	1012	0
449	1016	5
450	987	4
451	983	6
452	1003	0
453	1017	0
454	1026	0
455	1009	0
456	1008	1
457	1017	2
458	979	2
459	1015	0
460	1019	0
461	938	0
462	1032	0
463	991	1
464	1005	0
465	1018	0
466	975	2
467	1022	0
468	1048	0
469	973	0
470	1008	4
471	1031	0
472	987	0
473	996	0
474	978	0
475	1021	0
476	1014	0
477	1019	0
478	1059	0
479	1002	0
480	1014	3
481	1017	6
482	1002	0
483	981	0
484	985	0
485	1023	2
486	1016	5
487	1006	0
488	1034	0
489	999	0
490	985	7
491	1028	1
492	995	0
493	1044	0
494	1006	0
495	1013	3
496	985	4
497	1003	0
498	1021	0
499	954	0
500	967	6
501	1014	0
502	979	0
503	978	4
504	1003	0
505	991	0
506	980	1
507	1029	0
508	1002	4
509	1008	1
510	1019	0
511	1024	0
512	983	0
513	1000	0
514	1027	0
515	1004	0
516	1029	0
517	995	0
518	1013	0
519	1006	0
520	990	0
521	1021	0
522	961	0
523	992	0
524	998	1
525	998	0
526	959	0
527	1015	0
528	981	0
529	1051	3
530	1059	0
531	984	2
532	1001	0
533	1000	0
534	997	0
535	1008	0
536	999	0
537	980	3
538	979	0
539	976	0
540	974	0
541	1015	6
542	962	0
543	981	1
544	973	0
545	961	2
546	1014	0
547	1003	0
548	1009	0
549	931	0
550	1037	5
551	1016	0
552	977	0
553	990	0
554	1008	0
555	1017	1
556	1025	0
557	963	0
558	992	0
559	995	0
560	986	0
561	948	0
562	1015	0
563	995	0
564	995	1
565	1014	0
566	999	0
567	1007	0
568	982	2
569	995	0
570	1013	0
571	993	0
572	1024	0
573	1001	0
574	989	0
575	1037	6
576	997	0
577	1030	0
578	973	0
579	1013	0
580	1005	0
581	1027	0
582	1014	2
583	1032	0
584	999	0
585	1007	0
586	1001	2
587	1002	0
588	981	4
589	1007	0
590	996	0
591	1022	0
592	1017	0
593	991	2
594	1014	0
595	987	0
596	1019	4
597	1002	0
598	998	0
599	963	3
600	977	8
601	984	1
602	975	0
603	998	0
604	992	0
605	996	0
606	1001	3
607	999	0
608	1020	0
609	948	4
610	1008	4
611	960	0
612	1026	0
613	992	0
614	987	0
615	996	0
616	994	0
617	993	0
618	1015	0
619	990	0
620	991	2
621	1017	0
622	989	6
623	1007	0
624	983	9
625	1001	0
626	1008	0
627	1018	0
628	967	0
629	1015	0
630	994	0
631	988	0
632	1027	0
633	1014	6
634	999	0
635	999	1
636	1026	0
637	1014	5
638	961	1
639	1014	0
640	1046	0
641	999	0
642	987	12
643	972	0
644	1007	0
645	997	3
646	997	0
647	999	0
648	1007	8
649	1023	0
650	999	0
651	1062	2
652	1055	11
653	977	0
654	976	0
655	973	0
656	966	0
657	1010	0
658	980	1
659	1006	0
660	1006	7
661	1003	4
662	1013	0
663	999	0
664	999	4
665	1008	0
666	1020	2
667	1007	9
668	1003	0
669	997	0
670	991	0
671	992	6
672	1055	0
673	1000	0
674	1035	0
675	1008	0
676	983	0
677	988	0
678	993	0
679	981	0
680	1001	1
681	986	0
682	1003	0
683	998	0
684	1033	0
685	1010	0
686	1001	2
687	996	0
688	985	0
689	990	0
690	1018	0
691	1010	0
692	1033	0
693	974	0
694	994	0
695	1005	0
696	967	0
697	1024	0
698	1014	5
699	964	1
700	1046	0
701	984	0
702	985	0
703	971	0
704	982	0
705	1035	0
706	995	0
707	1001	2
708	967	0
709	984	2
710	975	0
711	995	0
712	1015	0
713	978	0
714	1013	0
715	999	0
716	998	0
717	978	0
718	1002	0
719	940	0
720	1014	0
721	983	0
722	1009	0
723	997	2
724	1008	0
725	1000	0
726	1020	0
727	993	0
728	1019	0
729	1022	0
730	1021	2
731	1020	0
732	985	0
733	983	0
734	977	0
735	990	0
736	1003	4
737	987	0
738	980	0
739	981	15
740	965	0
741	1020	0
742	990	0
743	972	0
744	1019	10
745	978	0
746	964	0
747	988	6
748	1000	5
749	995	11
750	1017	16
751	1016	0
752	993	1
753	992	0
754	987	0
755	1019	0
756	1001	0
757	992	0
758	1038	0
759	1007	0
760	988	0
761	979	3
762	988	0
763	999	0
764	1026	0
765	1023	0
766	1019	0
767	994	0
768	978	0
769	984	8
770	986	0
771	1010	0
772	1014	0
773	1012	0
774	1036	0
775	1032	9
776	993	0
777	990	0
778	1027	0
779	981	0
780	1002	0
781	1008	0
782	998	7
783	1016	0
784	1020	0
785	1043	0
786	1026	0
787	1023	0
788	1001	0
789	1012	0
790	980	0
791	996	0
792	977	6
793	995	6
794	970	0
795	1009	0
796	1007	0
797	1014	0
798	1007	8
799	1014	0
800	1025	2
801	1006	9
802	992	0
803	984	0
804	1026	0
805	1027	8
806	978	8
807	992	0
808	1006	0
809	976	0
810	1001	0
811	996	0
812	972	0
813	998	12
814	983	0
815	976	12
816	1013	0
817	969	1
818	1054	0
819	976	0
820	976	0
821	1000	0
822	993	6
823	965	0
824	970	0
825	999	0
826	981	0
827	1023	0
828	991	0
829	988	2
830	1016	3
831	1032	0
832	962	0
833	1050	0
834	1058	3
835	990	0
836	1004	0
837	978	0
838	975	0
839	1023	0
840	959	0
841	1016	0
842	983	0
843	979	0
844	979	5
845	988	0
846	998	0
847	992	5
848	1004	13
849	1001	9
850	994	20
851	987	3
852	976	19
853	1017	0
854	1037	4
855	988	0
856	1056	0
857	1028	0
858	1007	0
859	990	0
860	988	0
861	989	0
862	1003	0
863	1021	0
864	964	0
865	995	0
866	998	0
867	1035	4
868	1031	8
869	975	0
870	975	0
871	1009	0
872	993	3
873	1006	0
874	996	7
875	1001	0
876	931	6
877	958	0
878	999	0
879	977	0
880	984	0
881	1017	3
882	1002	0
883	1014	0
884	992	0
885	999	0
886	1032	0
887	975	0
888	969	0
889	1017	0
890	1015	0
891	1007	0
892	984	0
893	1010	2
894	1041	0
895	999	0
896	1006	0
897	995	5
898	971	0
899	1022	0
900	1013	14
901	969	0
902	1016	0
903	1030	0
904	961	0
905	967	2
906	995	6
907	994	0
908	1005	0
909	1029	13
910	1015	0
911	1026	0
912	1017	0
913	974	0
914	1006	0
915	1009	0
916	1023	0
917	987	2
918	999	13
919	1009	0
920	999	0
921	990	0
922	1015	0
923	1022	0
924	1001	0
925	1013	1
926	1018	0
927	983	0
928	1007	0
929	962	0
930	999	0
931	980	0
932	1003	5
933	987	0
934	1046	0
935	991	0
936	1002	0
937	960	0
938	977	0
939	1032	0
940	1053	0
941	989	0
942	1017	1
943	992	3
944	994	0
945	1034	0
946	978	0
947	996	4
948	997	0
949	1025	0
950	986	2
951	992	2
952	1049	6
953	995	6
954	995	0
955	993	0
956	1059	0
957	1032	0
958	996	0
959	997	0
960	1005	0
961	999	0
962	998	1
963	1007	0
964	1011	0
965	1039	0
966	985	0
967	979	0
968	1006	0
969	995	0
970	990	0
971	1000	0
972	1001	0
973	977	19
974	978	0
975	1038	0
976	1025	0
977	980	7
978	962	3
979	1006	0
980	1011	0
981	1023	0
982	1026	4
983	992	0
984	965	0
985	1005	0
986	1010	0
987	983	0
988	1014	3
989	990	0
990	975	0
991	1028	0
992	982	0
993	1007	0
994	975	0
995	1032	0
996	1062	0
997	1002	0
998	1035	0
999	986	0
