0	2000	0
1	978	0
2	993	0
3	1020	0
4	1021	2
5	998	10
6	975	1
7	1008	0
8	1028	0
9	987	0
10	978	1
11	1008	9
12	1021	6
13	998	0
14	974	0
15	969	0
16	997	20
17	993	8
18	1016	2
19	997	4
20	1003	4
21	1020	0
22	996	2
23	1035	2
24	1013	0
25	971	5
26	1011	0
27	983	1
28	1043	9
29	1008	14
30	1031	1
31	1010	0
32	1000	0
33	1043	1
34	1008	0
35	1039	0
36	1027	0
37	991	0
38	1014	0
39	968	0
40	1007	0
41	982	0
42	1010	4
43	992	0
44	931	1
45	974	15
46	988	12
47	979	0
48	979	3
49	1005	6
50	990	10
51	986	0
52	973	0
53	1029	0
54	1004	0
55	1028	0
56	1003	0
57	991	12
58	1016	6
59	980	0
60	1019	0
61	1005	1
62	1011	1
63	1038	0
64	1018	0
65	969	0
66	1034	0
67	995	1
68	996	0
69	997	0
70	992	0
71	993	0
72	1073	0
73	977	0
74	1000	2
75	972	0
76	991	0
77	1001	0
78	1035	1
79	984	11
80	989	5
81	1023	0
82	1018	2
83	1029	0
84	1012	0
85	987	13
86	985	6
87	952	4
88	1009	0
89	1022	0
90	974	0
91	1003	4
92	1008	16
93	1035	1
94	1020	5
95	983	2
96	1008	0
97	1000	0
98	1015	0
99	1004	1
100	981	1
101	995	0
102	1020	2
103	973	1
104	991	0
105	1013	0
106	1029	0
107	1004	0
108	997	0
109	1011	1
110	1003	0
111	1032	0
112	962	0
113	1021	0
114	991	3
115	1040	0
116	1019	0
117	999	0
118	991	0
119	981	0
120	999	0
121	1025	0
122	1097	0
123	999	0
124	1002	0
125	986	0
126	1003	1
127	955	4
128	1021	16
129	1007	5
130	1006	0
131	1029	0
132	967	2
133	1025	0
134	1038	0
135	1002	0
136	975	0
137	1042	0
138	989	0
139	1007	0
140	1018	0
141	994	0
142	983	0
143	992	0
144	994	0
145	976	0
146	996	4
147	1008	0
148	1020	0
149	983	8
150	989	32
151	1052	126
152	1051	0
153	984	3
154	1041	0
155	1004	0
156	1017	0
157	1003	0
158	967	0
159	990	0
160	970	0
161	966	0
162	976	0
163	1015	1
164	1002	1
165	1010	0
166	989	1
167	1003	4
168	986	0
169	982	1
170	1011	0
171	994	2
172	1004	0
173	1006	0
174	966	0
175	990	10
176	978	1
177	1020	2
178	972	0
179	1001	0
180	978	17
181	963	0
182	1020	0
183	964	0
184	1012	0
185	979	13
186	996	1
187	1000	0
188	965	0
189	985	0
190	978	0
191	1021	1
192	1020	14
193	952	16
194	978	1
195	961	0
196	1008	0
197	1000	0
198	1001	0
199	1014	1
200	1022	1
201	1022	0
202	1005	7
203	992	0
204	1023	0
205	1017	0
206	1009	0
207	999	0
208	996	0
209	997	2
210	1076	0
211	1046	0
212	975	0
213	1012	0
214	1063	0
215	990	0
216	994	0
217	970	1
218	970	0
219	1017	0
220	1047	0
221	977	0
222	1018	0
223	985	0
224	977	0
225	993	1
226	978	1
227	995	0
228	1019	0
229	991	0
230	980	21
231	1046	21
232	1002	2
233	1039	0
234	997	0
235	992	0
236	986	0
237	1017	22
238	989	25
239	990	1
240	989	1
241	1023	0
242	1030	0
243	1000	13
244	989	0
245	1010	0
246	1018	0
247	1004	0
248	1005	4
249	1003	0
250	975	15
251	1007	0
252	1021	6
253	1042	0
254	969	0
255	1020	0
256	990	0
257	998	0
258	1005	0
259	1041	7
260	1005	0
261	993	9
262	998	5
263	983	0
264	989	0
265	999	0
266	1029	0
267	998	29
268	975	10
269	938	7
270	955	3
271	999	0
272	1012	0
273	992	0
274	1000	0
275	956	0
276	964	0
277	995	1
278	1011	0
279	1012	0
280	1036	0
281	1026	0
282	1020	0
283	1014	0
284	1000	0
285	967	0
286	1005	0
287	1013	3
288	993	0
289	988	1
290	990	0
291	1007	0
292	1010	0
293	1008	0
294	1022	0
295	1050	0
296	997	0
297	1005	0
298	1012	0
299	975	0
300	975	2
301	980	0
302	975	13
303	1001	4
304	982	0
305	998	0
306	1039	0
307	1011	0
308	999	0
309	1007	0
310	1009	0
311	995	0
312	1001	0
313	1008	0
314	1015	0
315	1015	15
316	1006	14
317	1024	0
318	1018	2
319	1033	1
320	1022	0
321	965	0
322	1028	0
323	1008	9
324	990	0
325	1016	0
326	994	19
327	996	9
328	996	8
329	1004	0
330	1038	0
331	970	3
332	986	1
333	980	0
334	1020	0
335	979	0
336	1004	0
337	1025	0
338	1030	0
339	978	0
340	999	0
341	1000	0
342	970	0
343	1006	0
344	1007	0
345	1013	0
346	1003	0
347	990	11
348	1000	13
349	1019	12
350	994	0
351	976	0
352	992	0
353	960	0
354	951	0
355	986	1
356	996	0
357	990	0
358	1003	0
359	1050	0
360	1012	8
361	995	1
362	996	0
363	1032	0
364	976	0
365	1014	0
366	999	0
367	1009	4
368	983	0
369	949	0
370	999	0
371	990	0
372	1008	0
373	1023	0
374	1025	0
375	1059	0
376	973	2
377	1017	0
378	1005	0
379	976	0
380	983	0
381	983	10
382	969	0
383	986	0
384	1035	0
385	1026	0
386	1008	0
387	999	0
388	986	0
389	1010	0
390	1044	0
391	1013	15
392	1005	9
393	989	0
394	967	5
395	990	3
396	975	0
397	1046	0
398	965	0
399	1026	23
400	1040	30
401	950	0
402	966	0
403	981	1
404	972	0
405	1036	0
406	967	0
407	1014	0
408	963	0
409	1024	0
410	1018	0
411	1026	0
412	996	4
413	949	38
414	993	0
415	1025	6
416	1039	0
417	970	6
418	999	0
419	991	0
420	1004	4
421	1015	0
422	973	0
423	1032	0
424	1002	0
425	1009	0
426	1021	0
427	954	0
428	991	27
429	969	26
430	1029	0
431	970	0
432	1019	0
433	1033	0
434	1008	0
435	1013	1
436	956	6
437	1023	12
438	987	3
439	989	2
440	1020	0
441	995	0
442	1029	0
443	1021	0
444	1007	1
445	981	0
446	1036	0
447	1030	0
448	960	7
449	989	10
450	1006	0
451	990	0
452	1008	6
453	983	33
454	983	0
455	935	0
456	1009	0
457	1017	0
458	984	0
459	990	0
460	1011	4
461	997	0
462	1009	0
463	969	2
464	1043	0
465	1016	0
466	1006	0
467	1014	0
468	995	0
469	1011	0
470	987	0
471	990	0
472	1016	0
473	946	0
474	991	18
475	973	3
476	1002	15
477	995	0
478	1015	0
479	1002	0
480	994	0
481	986	0
482	1024	0
483	1004	0
484	1004	0
485	991	0
486	1014	0
487	1066	0
488	1021	0
489	1037	0
490	1004	0
491	1007	4
492	1014	0
493	1003	2
494	983	0
495	1011	0
496	1028	0
497	1039	0
498	976	0
499	1002	0
500	1000	6
501	983	0
502	999	0
503	982	0
504	973	0
505	1027	2
506	975	0
507	1025	0
508	1017	7
509	982	0
510	1047	0
511	980	0
512	1023	0
513	1016	0
514	983	0
515	974	0
516	970	2
517	944	0
518	1010	12
519	967	0
520	965	3
521	1032	0
522	1014	0
523	973	0
524	970	0
525	1006	0
526	986	9
527	994	29
528	1004	0
529	1004	2
530	990	0
531	983	0
532	1013	0
533	1006	0
534	997	12
535	1038	0
536	1003	0
537	1030	0
538	984	0
539	1009	16
540	1013	0
541	1020	0
542	1032	18
543	1027	0
544	1016	0
545	960	0
546	1001	0
547	1009	0
548	993	0
549	957	0
550	1006	36
551	988	0
552	1010	47
553	992	0
554	1011	0
555	945	22
556	1025	0
557	1001	0
558	998	0
559	987	0
560	992	2
561	1009	0
562	1001	14
563	1017	0
564	980	5
565	993	0
566	1041	0
567	986	0
568	989	6
569	984	0
570	1041	0
571	1012	0
572	985	0
573	1004	1
574	970	0
575	984	0
576	1005	0
577	1003	0
578	982	0
579	1017	0
580	999	0
581	976	0
582	1016	0
583	1015	0
584	988	0
585	1003	0
586	988	0
587	1015	33
588	1031	1
589	976	0
590	979	0
591	973	0
592	1012	0
593	998	0
594	993	0
595	987	0
596	1021	24
597	999	0
598	1014	36
599	997	0
600	973	0
601	995	0
602	1007	0
603	981	0
604	1021	0
605	984	0
606	1000	0
607	1006	0
608	1021	0
609	1011	2
610	1038	0
611	997	0
612	978	0
613	961	43
614	958	15
615	977	0
616	980	0
617	995	0
618	1015	0
619	955	26
620	1002	0
621	962	0
622	1002	0
623	984	0
624	983	0
625	1016	0
626	1000	0
627	988	0
628	958	0
629	991	15
630	1011	0
631	994	0
632	1060	0
633	960	31
634	985	0
635	1041	2
636	1026	0
637	1010	1
638	1010	0
639	1000	0
640	1008	0
641	969	0
642	1002	0
643	982	0
644	1000	0
645	1028	0
646	980	0
647	1003	0
648	946	54
649	968	0
650	1051	29
651	992	0
652	1011	0
653	1016	0
654	1000	26
655	971	12
656	973	9
657	1004	0
658	993	0
659	995	0
660	961	0
661	998	0
662	1000	0
663	1000	0
664	962	0
665	982	0
666	988	0
667	988	2
668	991	0
669	1013	0
670	997	0
671	976	0
672	979	0
673	931	9
674	954	0
675	1029	0
676	992	0
677	976	48
678	1003	40
679	989	11
680	1043	0
681	1064	0
682	1038	1
683	997	0
684	998	0
685	1023	0
686	988	5
687	1002	1
688	952	0
689	1028	0
690	974	42
691	998	0
692	1015	6
693	1025	0
694	968	0
695	987	0
696	1010	0
697	995	0
698	986	50
699	996	15
700	979	37
701	1003	31
702	1011	0
703	1011	0
704	995	0
705	987	0
706	1013	57
707	991	0
708	991	0
709	986	1
710	1009	0
711	1026	0
712	1028	0
713	1001	0
714	1010	0
715	965	0
716	973	0
717	993	0
718	926	0
719	1001	0
720	1017	0
721	1009	0
722	1003	0
723	1013	0
724	971	1
725	978	0
726	1002	42
727	988	0
728	976	27
729	962	0
730	1003	0
731	981	34
732	970	0
733	1016	0
734	978	0
735	997	0
736	971	0
737	942	0
738	1025	0
739	958	32
740	997	0
741	1025	0
742	996	0
743	950	0
744	1044	0
745	1001	19
746	1012	0
747	1022	0
748	981	4
749	966	0
750	1057	43
751	979	0
752	999	0
753	967	0
754	1012	0
755	1018	0
756	987	0
757	1023	0
758	959	0
759	992	0
760	1024	0
761	1016	0
762	999	0
763	1028	0
764	1007	0
765	1029	0
766	1022	0
767	1011	0
768	988	2
769	988	0
770	998	0
771	994	19
772	948	0
773	988	10
774	993	0
775	1002	0
776	992	0
777	1024	0
778	999	0
779	984	0
780	1014	0
781	974	0
782	987	0
783	1011	0
784	963	0
785	1037	8
786	1029	0
787	977	0
788	988	0
789	992	26
790	991	3
791	1009	0
792	1009	18
793	974	41
794	984	0
795	961	0
796	977	0
797	1004	0
798	1020	0
799	968	0
800	1029	31
801	943	0
802	1021	0
803	985	0
804	969	0
805	983	0
806	1011	2
807	995	0
808	1034	0
809	979	11
810	1023	0
811	1027	0
812	999	0
813	971	0
814	979	2
815	1028	27
816	1008	2
817	1012	0
818	980	0
819	1000	9
820	991	0
821	1026	0
822	1035	0
823	1003	0
824	1005	0
825	992	0
826	1012	0
827	962	0
828	989	0
829	976	0
830	963	36
831	970	0
832	964	5
833	976	0
834	1038	0
835	1012	0
836	973	0
837	962	0
838	974	0
839	1025	0
840	978	0
841	1021	0
842	1000	0
843	986	0
844	990	23
845	980	0
846	1000	0
847	1003	2
848	972	0
849	999	2
850	1066	93
851	1030	0
852	1005	0
853	972	0
854	991	0
855	1013	0
856	959	3
857	1043	0
858	1010	27
859	1019	0
860	1036	5
861	1011	2
862	1001	0
863	958	26
864	984	0
865	1007	0
866	1013	0
867	1050	0
868	1017	0
869	951	0
870	992	51
871	937	69
872	1017	40
873	1026	35
874	993	83
875	988	0
876	1022	0
877	1015	0
878	988	0
879	980	48
880	1001	0
881	1000	0
882	1037	0
883	1018	0
884	1008	0
885	1006	0
886	1014	0
887	1027	0
888	989	0
889	995	0
890	991	0
891	1019	0
892	1000	0
893	994	0
894	1040	0
895	1008	0
896	1006	0
897	980	0
898	1051	0
899	989	1
900	1013	4
901	1027	6
902	950	100
903	1018	0
904	993	2
905	1009	0
906	1015	0
907	996	0
908	961	0
909	969	0
910	1027	0
911	995	0
912	992	34
913	1006	0
914	969	0
915	1016	0
916	1011	0
917	1003	5
918	998	0
919	992	21
920	978	0
921	984	0
922	993	0
923	976	0
924	1013	0
925	1008	70
926	990	1
927	1009	3
928	1013	1
929	996	0
930	1008	0
931	1059	1
932	1002	0
933	1001	0
934	990	0
935	1005	0
936	986	0
937	972	0
938	1008	0
939	991	0
940	1008	34
941	1029	0
942	999	0
943	1015	0
944	1036	3
945	994	37
946	1008	24
947	992	2
948	1000	0
949	1023	0
950	995	0
951	1010	0
952	1019	79
953	994	4
954	960	0
955	1014	0
956	981	0
957	1000	0
958	1020	0
959	1041	0
960	997	1
961	974	0
962	991	0
963	963	0
964	989	0
965	1010	0
966	992	0
967	1026	0
968	984	0
969	1007	0
970	1028	0
971	1012	1
972	1004	0
973	985	0
974	965	27
975	989	0
976	1019	0
977	998	0
978	1003	7
979	974	1
980	1039	0
981	998	33
982	998	0
983	1012	0
984	1005	36
985	1031	0
986	995	0
987	1015	0
988	978	13
989	1004	0
990	1044	0
991	999	0
992	999	0
993	1010	0
994	1026	0
995	962	0
996	969	0
997	994	0
998	987	0
999	1026	0
