0	500	0
1	262	0
2	252	0
3	262	0
4	249	0
5	223	0
6	234	0
7	250	0
8	232	0
9	250	0
10	246	0
11	249	0
12	276	0
13	251	0
14	236	0
15	251	0
16	259	0
17	238	1
18	249	0
19	249	0
20	238	0
21	280	0
22	230	0
23	257	0
24	241	0
25	251	0
26	246	0
27	261	0
28	237	0
29	246	0
30	257	1
31	257	0
32	238	0
33	246	0
34	251	0
35	229	0
36	262	0
37	270	0
38	258	1
39	248	0
40	257	0
41	267	0
42	243	0
43	243	0
44	244	0
45	274	0
46	251	0
47	242	0
48	250	0
49	245	0
50	249	1
51	248	0
52	243	0
53	244	0
54	247	0
55	257	0
56	263	0
57	257	0
58	268	0
59	263	0
60	239	0
61	239	0
62	268	0
63	254	0
64	258	0
65	252	0
66	268	0
67	238	0
68	264	0
69	263	0
70	257	0
71	249	0
72	244	0
73	243	0
74	258	0
75	272	0
76	241	0
77	247	0
78	249	0
79	231	0
80	240	0
81	261	0
82	255	0
83	244	0
84	252	0
85	254	0
86	233	0
87	268	0
88	234	0
89	239	0
90	251	0
91	260	0
92	233	0
93	274	0
94	235	0
95	258	0
96	247	0
97	254	0
98	236	0
99	250	0
100	266	0
101	268	0
102	235	0
103	256	0
104	252	1
105	257	0
106	255	0
107	203	0
108	251	0
109	236	0
110	246	0
111	238	0
112	248	0
113	238	0
114	245	1
115	251	0
116	221	0
117	234	0
118	272	0
119	254	0
120	224	0
121	269	0
122	246	0
123	235	0
124	241	0
125	261	1
126	268	0
127	251	0
128	257	0
129	261	0
130	266	0
131	257	0
132	242	0
133	240	0
134	254	0
135	263	2
136	217	0
137	244	0
138	247	0
139	259	0
140	267	0
141	243	0
142	248	0
143	251	0
144	232	0
145	257	0
146	234	0
147	251	0
148	238	0
149	259	0
150	239	0
151	245	1
152	253	0
153	242	0
154	240	0
155	266	0
156	253	0
157	271	0
158	257	0
159	253	0
160	255	1
161	270	0
162	243	0
163	232	0
164	266	0
165	238	0
166	257	0
167	257	0
168	261	0
169	253	1
170	240	1
171	273	0
172	256	0
173	239	0
174	262	0
175	261	0
176	240	0
177	262	0
178	254	0
179	259	0
180	263	0
181	246	0
182	251	0
183	263	0
184	262	0
185	233	0
186	242	0
187	240	0
188	257	0
189	241	0
190	242	0
191	261	0
192	241	0
193	239	0
194	265	2
195	264	0
196	262	1
197	237	1
198	266	0
199	249	0
200	256	0
201	247	0
202	255	0
203	272	0
204	261	0
205	261	0
206	256	0
207	246	0
208	268	0
209	255	0
210	246	0
211	244	0
212	241	0
213	265	0
214	251	0
215	257	0
216	278	0
217	232	0
218	238	0
219	246	1
220	258	1
221	246	0
222	233	0
223	268	0
224	266	0
225	262	0
226	246	0
227	256	0
228	238	0
229	267	0
230	248	0
231	257	0
232	244	0
233	238	0
234	253	0
235	279	0
236	241	0
237	264	0
238	245	0
239	245	0
240	274	0
241	236	0
242	248	0
243	249	0
244	253	0
245	242	0
246	231	0
247	263	0
248	243	0
249	241	0
250	263	0
251	238	0
252	239	0
253	260	0
254	244	0
255	239	0
256	256	0
257	234	0
258	249	0
259	257	0
260	236	0
261	269	0
262	239	0
263	256	0
264	245	0
265	239	0
266	233	0
267	239	0
268	260	1
269	255	0
270	264	0
271	247	0
272	269	0
273	250	0
274	250	0
275	239	0
276	244	0
277	251	0
278	252	0
279	251	0
280	253	0
281	251	0
282	240	0
283	258	1
284	253	0
285	254	1
286	246	0
287	256	1
288	242	1
289	247	0
290	233	2
291	258	1
292	257	0
293	251	0
294	258	0
295	252	0
296	238	0
297	257	0
298	243	0
299	256	0
300	246	0
301	243	0
302	265	0
303	224	0
304	259	1
305	233	0
306	251	0
307	269	0
308	244	0
309	241	0
310	234	0
311	229	0
312	259	0
313	287	0
314	263	0
315	268	0
316	248	0
317	244	0
318	269	0
319	256	0
320	243	0
321	259	1
322	236	0
323	238	0
324	257	0
325	261	0
326	264	0
327	255	0
328	250	0
329	258	0
330	260	0
331	263	0
332	235	0
333	254	0
334	245	0
335	251	0
336	247	0
337	250	0
338	249	0
339	257	0
340	229	0
341	249	0
342	235	0
343	251	0
344	247	0
345	240	0
346	277	0
347	233	0
348	251	0
349	245	0
350	265	0
351	272	0
352	248	3
353	243	0
354	258	0
355	255	0
356	256	0
357	257	0
358	242	0
359	241	0
360	275	0
361	247	1
362	262	0
363	241	0
364	247	0
365	226	0
366	254	0
367	247	2
368	254	1
369	242	0
370	254	0
371	242	0
372	238	0
373	252	0
374	265	0
375	233	0
376	248	2
377	246	0
378	245	0
379	259	0
380	236	0
381	270	0
382	244	0
383	256	0
384	239	0
385	266	0
386	236	0
387	252	0
388	238	0
389	236	0
390	241	0
391	248	0
392	247	0
393	238	0
394	258	0
395	240	0
396	230	0
397	239	1
398	262	0
399	262	0
400	250	0
401	233	0
402	254	0
403	250	0
404	264	1
405	261	1
406	252	0
407	252	0
408	275	0
409	248	0
410	244	0
411	251	0
412	254	0
413	239	0
414	254	0
415	232	1
416	251	1
417	240	0
418	232	0
419	242	0
420	263	0
421	247	0
422	247	0
423	250	0
424	264	0
425	265	0
426	248	0
427	257	0
428	249	0
429	238	0
430	252	0
431	251	0
432	274	0
433	240	0
434	258	0
435	240	0
436	253	0
437	243	0
438	256	0
439	256	0
440	244	0
441	231	0
442	247	0
443	247	0
444	265	0
445	271	0
446	237	0
447	249	0
448	243	0
449	238	0
450	249	0
451	255	0
452	259	1
453	251	1
454	259	0
455	249	0
456	242	0
457	263	0
458	254	0
459	242	0
460	228	1
461	240	0
462	271	0
463	254	1
464	250	0
465	264	0
466	241	1
467	259	0
468	271	0
469	233	1
470	241	0
471	236	0
472	276	0
473	259	0
474	261	0
475	244	0
476	249	0
477	240	0
478	255	0
479	239	0
480	240	1
481	257	1
482	263	0
483	243	0
484	270	0
485	261	0
486	250	0
487	250	0
488	263	0
489	261	0
490	265	0
491	253	0
492	245	0
493	242	0
494	238	0
495	244	0
496	266	0
497	265	0
498	254	0
499	241	0
500	241	1
501	256	0
502	254	1
503	248	0
504	254	1
505	245	0
506	248	0
507	251	0
508	262	0
509	269	0
510	248	0
511	237	0
512	269	0
513	256	0
514	241	0
515	266	0
516	250	0
517	258	0
518	236	0
519	256	1
520	255	0
521	231	0
522	254	0
523	223	0
524	244	0
525	244	0
526	214	0
527	241	0
528	236	0
529	233	0
530	254	0
531	254	0
532	248	0
533	259	0
534	259	0
535	256	0
536	232	0
537	246	2
538	247	1
539	235	0
540	247	0
541	255	0
542	239	0
543	256	0
544	269	0
545	246	0
546	256	0
547	259	0
548	239	0
549	251	0
550	254	0
551	252	0
552	247	0
553	248	0
554	254	0
555	261	0
556	253	0
557	226	0
558	273	0
559	263	0
560	259	0
561	221	0
562	249	0
563	258	0
564	250	0
565	259	0
566	266	0
567	233	0
568	227	0
569	265	0
570	250	0
571	256	0
572	243	0
573	261	0
574	256	0
575	262	1
576	240	0
577	248	0
578	243	0
579	236	0
580	268	0
581	258	1
582	264	0
583	259	1
584	225	0
585	274	0
586	249	1
587	267	0
588	265	0
589	250	0
590	242	0
591	261	0
592	236	0
593	244	0
594	252	0
595	262	0
596	255	0
597	246	0
598	248	0
599	266	0
600	250	0
601	240	0
602	226	0
603	228	0
604	260	1
605	236	0
606	259	0
607	235	0
608	231	0
609	244	0
610	254	0
611	260	0
612	242	0
613	241	0
614	244	0
615	273	1
616	237	0
617	248	0
618	249	0
619	251	0
620	243	0
621	251	0
622	253	0
623	257	1
624	252	0
625	238	0
626	227	2
627	259	0
628	251	0
629	249	0
630	250	0
631	255	3
632	236	0
633	224	0
634	250	0
635	259	0
636	247	0
637	260	0
638	245	0
639	262	0
640	246	0
641	253	0
642	252	0
643	242	0
644	256	0
645	237	0
646	248	0
647	267	0
648	249	0
649	258	0
650	243	0
651	251	0
652	266	0
653	252	0
654	244	1
655	259	0
656	248	0
657	256	0
658	236	0
659	241	0
660	257	0
661	257	0
662	250	0
663	257	0
664	265	1
665	266	0
666	274	0
667	241	0
668	247	0
669	246	0
670	249	0
671	244	0
672	248	0
673	253	0
674	230	0
675	253	0
676	251	0
677	255	0
678	262	1
679	229	0
680	246	0
681	259	0
682	265	0
683	266	0
684	238	0
685	250	0
686	251	0
687	268	1
688	229	0
689	244	0
690	270	0
691	266	0
692	247	0
693	267	0
694	262	0
695	275	0
696	269	0
697	224	0
698	272	0
699	240	0
700	244	0
701	264	0
702	258	1
703	241	0
704	243	0
705	270	0
706	243	0
707	256	0
708	237	0
709	236	0
710	244	0
711	257	0
712	255	0
713	249	0
714	238	0
715	245	0
716	238	0
717	237	0
718	233	0
719	266	0
720	247	0
721	273	0
722	249	0
723	242	0
724	259	0
725	239	0
726	253	0
727	270	0
728	258	0
729	266	0
730	246	0
731	251	0
732	235	0
733	255	0
734	259	0
735	268	0
736	237	0
737	270	0
738	245	0
739	265	0
740	249	0
741	254	0
742	241	0
743	261	0
744	269	0
745	268	0
746	245	0
747	256	0
748	271	0
749	241	0
750	257	0
751	243	0
752	251	0
753	247	0
754	231	0
755	254	0
756	235	1
757	261	0
758	248	0
759	248	0
760	264	0
761	265	0
762	268	0
763	272	0
764	243	0
765	246	0
766	246	0
767	245	0
768	241	0
769	270	0
770	254	0
771	260	0
772	261	0
773	245	0
774	256	0
775	262	0
776	264	0
777	246	0
778	251	0
779	253	0
780	230	1
781	254	0
782	254	0
783	264	0
784	238	0
785	272	0
786	267	0
787	250	0
788	238	0
789	253	0
790	265	0
791	245	0
792	253	0
793	245	0
794	257	0
795	252	0
796	257	0
797	270	0
798	261	0
799	266	0
800	257	0
801	245	0
802	241	0
803	252	0
804	246	0
805	253	0
806	263	0
807	250	0
808	261	0
809	249	0
810	255	0
811	242	0
812	258	0
813	238	0
814	248	0
815	251	0
816	252	0
817	258	0
818	247	0
819	263	0
820	260	0
821	256	0
822	265	0
823	254	1
824	241	1
825	239	0
826	241	1
827	251	0
828	241	0
829	234	0
830	254	0
831	249	0
832	262	0
833	268	0
834	236	0
835	249	0
836	259	0
837	264	2
838	247	0
839	251	1
840	219	0
841	244	1
842	261	0
843	257	0
844	255	0
845	259	0
846	252	0
847	259	0
848	241	0
849	267	0
850	246	0
851	243	0
852	248	0
853	243	0
854	248	0
855	250	0
856	252	0
857	253	0
858	238	1
859	239	0
860	260	0
861	254	0
862	267	0
863	246	0
864	260	1
865	243	0
866	245	0
867	257	0
868	259	0
869	233	0
870	254	1
871	265	0
872	239	0
873	237	0
874	260	0
875	233	0
876	229	0
877	261	0
878	248	0
879	234	0
880	235	0
881	276	1
882	259	0
883	241	0
884	243	0
885	249	0
886	256	0
887	261	0
888	257	0
889	244	0
890	261	0
891	248	0
892	228	0
893	247	0
894	248	0
895	254	0
896	249	0
897	238	0
898	261	0
899	228	0
900	254	0
901	250	0
902	232	0
903	253	0
904	260	0
905	270	0
906	255	0
907	255	0
908	234	0
909	235	0
910	261	0
911	253	0
912	248	0
913	242	0
914	244	0
915	242	0
916	257	0
917	268	0
918	259	0
919	248	0
920	268	1
921	258	1
922	237	0
923	257	0
924	249	0
925	244	0
926	242	0
927	244	0
928	239	0
929	257	0
930	249	1
931	245	1
932	244	0
933	239	1
934	247	0
935	243	0
936	249	0
937	268	0
938	243	0
939	253	0
940	260	0
941	276	0
942	251	1
943	253	0
944	251	0
945	248	0
946	264	0
947	276	0
948	235	0
949	269	0
950	273	0
951	247	0
952	268	0
953	243	0
954	238	0
955	252	0
956	242	1
957	267	1
958	254	1
959	245	0
960	246	0
961	229	0
962	273	0
963	231	0
964	255	0
965	253	1
966	253	2
967	247	0
968	280	0
969	254	0
970	255	1
971	261	0
972	248	0
973	247	0
974	270	0
975	248	0
976	258	0
977	256	0
978	260	0
979	240	0
980	255	0
981	251	0
982	265	0
983	254	0
984	247	0
985	245	0
986	247	0
987	243	0
988	241	0
989	262	0
990	265	0
991	240	1
992	237	2
993	246	1
994	255	0
995	240	0
996	245	0
997	231	1
998	233	0
999	240	0
