0	2000	0
1	993	0
2	957	0
3	1070	0
4	1011	0
5	1012	0
6	982	1
7	989	0
8	1027	0
9	962	0
10	1025	0
11	1003	0
12	1005	0
13	1006	0
14	1020	0
15	1023	0
16	1019	0
17	1008	0
18	982	0
19	1007	0
20	1000	0
21	960	1
22	985	1
23	1013	1
24	967	3
25	993	0
26	1033	0
27	996	6
28	992	2
29	1013	1
30	1031	1
31	1019	0
32	998	0
33	1014	0
34	998	0
35	996	1
36	1020	0
37	1001	0
38	1000	0
39	985	3
40	1001	0
41	1013	0
42	981	3
43	1059	0
44	1032	0
45	1038	0
46	953	0
47	1027	0
48	963	2
49	1020	0
50	1003	0
51	1038	0
52	1001	0
53	998	0
54	997	2
55	983	4
56	965	5
57	1001	0
58	1013	0
59	1034	0
60	999	0
61	1016	0
62	1008	0
63	1005	0
64	1033	0
65	1007	0
66	1031	0
67	1018	0
68	981	0
69	993	0
70	997	0
71	993	1
72	1046	0
73	1009	3
74	1030	0
75	1001	0
76	970	0
77	1024	4
78	943	0
79	1010	0
80	988	0
81	1041	1
82	988	0
83	1052	0
84	971	0
85	993	0
86	997	0
87	1002	0
88	982	0
89	1006	2
90	985	2
91	1039	0
92	965	0
93	1010	0
94	989	1
95	947	0
96	1020	0
97	996	0
98	1021	6
99	987	0
100	978	1
101	999	0
102	1015	0
103	989	2
104	1019	0
105	996	0
106	984	0
107	1009	0
108	973	0
109	987	0
110	986	0
111	973	0
112	993	0
113	991	3
114	1006	0
115	1024	0
116	1006	2
117	1025	0
118	990	3
119	1021	0
120	991	0
121	987	0
122	1012	0
123	988	0
124	1042	4
125	1020	0
126	1004	0
127	1026	0
128	997	0
129	983	0
130	959	0
131	993	3
132	995	1
133	968	2
134	999	0
135	992	0
136	986	0
137	1011	0
138	1010	0
139	979	5
140	1012	0
141	995	0
142	1009	0
143	1011	0
144	1027	0
145	1018	0
146	1019	5
147	978	1
148	1011	0
149	985	1
150	951	0
151	991	1
152	976	0
153	959	5
154	1008	0
155	1010	0
156	1012	0
157	980	0
158	1002	0
159	1003	0
160	1023	0
161	1038	0
162	1038	0
163	1008	0
164	972	0
165	1002	0
166	1005	0
167	988	0
168	1011	0
169	1026	0
170	976	3
171	1001	4
172	1003	1
173	1035	0
174	987	0
175	1004	0
176	990	0
177	969	1
178	991	0
179	1007	1
180	1039	0
181	1002	1
182	983	1
183	996	1
184	1000	2
185	1008	0
186	1024	1
187	985	2
188	1005	0
189	1052	2
190	1020	4
191	962	1
192	1005	0
193	1032	0
194	1020	1
195	970	0
196	995	0
197	1017	0
198	1001	0
199	1025	0
200	1022	0
201	1020	3
202	975	0
203	1014	0
204	1011	0
205	990	0
206	989	2
207	995	2
208	1033	1
209	998	2
210	980	1
211	1005	0
212	1022	1
213	1015	3
214	1006	2
215	1003	0
216	1024	0
217	1017	0
218	1015	0
219	994	0
220	985	1
221	1008	5
222	971	1
223	1033	0
224	1001	0
225	997	0
226	982	1
227	1038	0
228	1008	0
229	993	1
230	986	0
231	967	0
232	1015	0
233	989	0
234	1003	7
235	991	3
236	981	1
237	975	0
238	984	0
239	1017	0
240	1024	0
241	991	0
242	1036	2
243	1001	1
244	967	0
245	1017	0
246	1001	0
247	1041	1
248	1012	1
249	980	0
250	1006	0
251	999	0
252	1023	0
253	969	0
254	1030	0
255	1012	0
256	1005	0
257	976	0
258	1014	1
259	1008	0
260	971	0
261	1017	1
262	1016	0
263	1019	1
264	1009	7
265	990	0
266	1008	0
267	987	4
268	999	0
269	985	1
270	1005	0
271	1005	0
272	1026	0
273	1002	0
274	1021	0
275	1007	0
276	1006	0
277	989	1
278	1037	1
279	980	0
280	967	6
281	1010	2
282	977	0
283	1049	0
284	1016	1
285	985	0
286	991	2
287	1008	0
288	990	0
289	967	0
290	980	0
291	1015	0
292	999	2
293	1011	0
294	969	0
295	994	0
296	1013	0
297	1002	0
298	1054	0
299	972	0
300	1015	0
301	994	0
302	980	0
303	1043	0
304	973	2
305	1021	3
306	992	0
307	1015	0
308	999	0
309	1035	0
310	1014	0
311	977	0
312	1000	0
313	1010	0
314	996	0
315	1024	1
316	1000	0
317	1019	0
318	1022	0
319	1005	0
320	987	3
321	972	0
322	1014	0
323	1036	1
324	1017	1
325	978	0
326	1006	0
327	970	1
328	982	0
329	992	0
330	999	0
331	983	0
332	985	1
333	1037	0
334	1008	0
335	1019	1
336	1031	0
337	980	0
338	981	0
339	993	0
340	1001	2
341	981	0
342	975	0
343	1040	0
344	991	0
345	1023	0
346	1026	0
347	1018	0
348	1009	0
349	1007	0
350	965	0
351	999	0
352	1008	0
353	1010	0
354	1027	0
355	1006	6
356	975	3
357	962	4
358	990	0
359	999	0
360	1004	2
361	1004	0
362	1030	0
363	1011	4
364	998	1
365	1027	0
366	988	0
367	958	3
368	997	5
369	1034	0
370	982	0
371	1021	0
372	987	0
373	950	0
374	1000	0
375	996	0
376	963	1
377	993	1
378	978	0
379	950	0
380	995	0
381	1014	0
382	971	1
383	1003	0
384	1033	3
385	984	2
386	995	0
387	1022	0
388	1047	0
389	998	7
390	1005	0
391	1020	0
392	1006	0
393	976	0
394	1002	0
395	938	0
396	1001	0
397	989	0
398	1001	0
399	1012	0
400	989	0
401	951	13
402	994	0
403	1042	3
404	995	1
405	1027	0
406	1052	0
407	986	1
408	959	0
409	990	0
410	996	0
411	995	0
412	996	0
413	991	0
414	989	0
415	985	0
416	1015	1
417	971	2
418	1010	0
419	958	1
420	972	0
421	1021	1
422	1028	0
423	1016	5
424	1048	3
425	990	0
426	997	0
427	974	4
428	995	0
429	997	0
430	1015	0
431	973	0
432	986	0
433	947	0
434	1001	0
435	1008	3
436	989	0
437	999	0
438	1008	0
439	1020	2
440	991	1
441	1007	1
442	1026	0
443	987	2
444	998	0
445	970	0
446	1002	0
447	1016	0
448	975	0
449	967	0
450	984	0
451	984	1
452	1043	0
453	968	0
454	1048	2
455	1002	0
456	1009	1
457	1024	4
458	1012	0
459	993	1
460	972	2
461	993	6
462	982	0
463	1013	2
464	989	0
465	1005	0
466	974	0
467	1023	1
468	965	1
469	1028	0
470	1015	2
471	1015	0
472	992	3
473	1013	2
474	1029	0
475	961	0
476	1013	4
477	988	0
478	986	0
479	1020	0
480	1000	0
481	1024	1
482	1019	0
483	984	6
484	1043	7
485	1037	0
486	996	0
487	996	0
488	973	0
489	968	1
490	995	0
491	987	2
492	981	0
493	1026	0
494	1020	0
495	975	0
496	1050	0
497	1012	0
498	982	0
499	985	0
500	988	0
501	1040	0
502	1018	0
503	959	0
504	1007	0
505	999	0
506	1000	0
507	967	2
508	1017	0
509	1003	0
510	983	0
511	985	0
512	977	2
513	998	2
514	995	0
515	1013	0
516	1010	0
517	993	0
518	993	2
519	984	1
520	1008	0
521	1016	0
522	988	0
523	1008	0
524	994	0
525	993	0
526	1002	0
527	997	0
528	1047	0
529	1031	0
530	1011	0
531	1000	0
532	991	0
533	999	0
534	1004	1
535	998	0
536	1039	4
537	1018	4
538	1023	1
539	999	0
540	1016	1
541	978	1
542	981	0
543	992	0
544	1008	0
545	982	1
546	991	2
547	940	0
548	1022	0
549	951	1
550	995	2
551	990	0
552	961	0
553	976	0
554	997	0
555	985	1
556	992	0
557	999	0
558	950	0
559	1019	0
560	988	1
561	1026	1
562	1004	0
563	1006	0
564	996	0
565	971	0
566	970	0
567	985	2
568	1014	3
569	1051	0
570	986	0
571	1019	0
572	1001	0
573	976	0
574	999	0
575	974	0
576	1009	0
577	997	0
578	1017	0
579	981	1
580	994	0
581	1039	7
582	1011	0
583	995	0
584	1023	0
585	992	0
586	1006	7
587	1001	4
588	997	0
589	968	0
590	1024	0
591	980	0
592	971	1
593	1011	6
594	1018	1
595	1023	0
596	1014	0
597	982	0
598	986	0
599	990	0
600	1030	0
601	980	12
602	1033	0
603	1013	1
604	1021	1
605	980	3
606	998	2
607	990	1
608	967	0
609	1025	0
610	1040	0
611	985	4
612	1041	0
613	998	0
614	1010	0
615	1037	0
616	994	0
617	995	0
618	986	0
619	1058	3
620	1002	6
621	993	0
622	980	0
623	1003	0
624	1005	0
625	997	0
626	1028	0
627	1010	1
628	1014	3
629	1016	1
630	1012	2
631	977	5
632	1006	3
633	1047	0
634	1018	0
635	1047	4
636	1018	0
637	1036	1
638	983	5
639	1007	3
640	978	1
641	997	0
642	988	1
643	996	0
644	970	2
645	1003	0
646	983	0
647	1011	0
648	982	1
649	952	0
650	982	0
651	1013	3
652	984	0
653	993	0
654	994	1
655	1058	0
656	952	0
657	975	0
658	995	1
659	1010	0
660	990	2
661	1020	1
662	984	0
663	1040	0
664	970	0
665	1001	0
666	1004	0
667	975	0
668	965	0
669	1033	3
670	996	6
671	973	0
672	1021	0
673	1007	0
674	994	0
675	978	0
676	974	3
677	971	1
678	981	0
679	1012	1
680	1005	0
681	1007	0
682	999	0
683	1042	1
684	1032	0
685	1019	0
686	980	0
687	1016	0
688	965	3
689	974	1
690	997	1
691	977	1
692	1002	1
693	1043	0
694	975	0
695	987	0
696	961	0
697	975	0
698	1021	0
699	1041	0
700	980	0
701	994	0
702	1003	2
703	980	1
704	1047	0
705	1012	0
706	964	0
707	997	0
708	1011	0
709	985	0
710	1000	1
711	992	3
712	1002	0
713	989	2
714	978	0
715	996	1
716	1015	0
717	1018	0
718	984	3
719	989	0
720	1029	0
721	1020	0
722	985	0
723	998	0
724	1027	0
725	1010	0
726	985	0
727	1010	0
728	1012	0
729	1006	0
730	1011	0
731	1002	0
732	999	0
733	1036	0
734	1005	1
735	995	0
736	1002	0
737	977	0
738	985	0
739	986	0
740	993	0
741	1048	1
742	1027	1
743	994	0
744	979	0
745	1023	0
746	1043	0
747	1018	0
748	990	1
749	962	2
750	1010	1
751	975	2
752	993	0
753	1006	0
754	995	1
755	1005	0
756	1016	0
757	1021	0
758	993	0
759	988	0
760	994	0
761	985	3
762	1011	2
763	1033	0
764	991	0
765	1058	0
766	1012	0
767	1011	0
768	1035	0
769	1005	0
770	998	0
771	1017	0
772	979	0
773	996	0
774	985	0
775	958	0
776	1002	0
777	1023	0
778	1030	0
779	1006	0
780	1003	2
781	998	3
782	1008	0
783	957	0
784	987	0
785	992	0
786	995	1
787	996	5
788	991	2
789	991	1
790	981	0
791	1001	0
792	994	0
793	996	0
794	994	0
795	990	0
796	1034	0
797	1020	0
798	976	0
799	1006	4
800	978	3
801	1023	7
802	1017	0
803	938	4
804	1039	6
805	1015	3
806	1008	2
807	1050	0
808	994	2
809	1018	0
810	984	0
811	1038	0
812	1010	0
813	1016	0
814	971	0
815	1018	0
816	969	0
817	988	0
818	988	1
819	1023	0
820	1018	0
821	1009	0
822	1017	0
823	1004	0
824	1016	0
825	970	1
826	1022	0
827	961	0
828	989	0
829	1022	1
830	1014	0
831	1010	0
832	981	0
833	1008	0
834	998	0
835	1002	2
836	1001	1
837	1012	0
838	1010	0
839	1014	0
840	969	0
841	1027	0
842	999	0
843	1032	0
844	968	4
845	994	0
846	1050	3
847	1003	1
848	1013	0
849	1027	0
850	993	0
851	989	0
852	965	2
853	1000	0
854	979	4
855	973	0
856	1019	0
857	1007	0
858	984	1
859	976	0
860	993	0
861	993	0
862	1030	0
863	994	0
864	994	4
865	1006	0
866	989	2
867	1005	0
868	1006	0
869	931	0
870	993	0
871	1006	0
872	1021	0
873	981	0
874	1012	3
875	951	8
876	948	8
877	1014	0
878	985	1
879	955	0
880	1025	0
881	991	1
882	1025	1
883	1001	3
884	1003	0
885	1009	0
886	998	0
887	1026	0
888	1011	0
889	976	0
890	947	0
891	1036	0
892	972	0
893	1018	0
894	1003	0
895	956	0
896	983	0
897	1005	1
898	1049	4
899	977	1
900	1007	2
901	992	0
902	1002	0
903	994	0
904	1027	0
905	1014	0
906	1035	3
907	961	0
908	998	0
909	1005	0
910	997	0
911	1005	1
912	1002	0
913	1005	0
914	1016	0
915	1007	0
916	1022	0
917	1000	0
918	1013	0
919	1003	0
920	1036	0
921	987	0
922	980	0
923	996	0
924	997	2
925	1013	0
926	991	0
927	996	0
928	1005	0
929	1044	0
930	1017	0
931	1003	0
932	1001	0
933	1007	0
934	1001	0
935	1032	0
936	994	1
937	1001	0
938	1018	0
939	1033	0
940	978	0
941	1010	0
942	1020	1
943	1051	0
944	968	0
945	1016	4
946	992	8
947	989	4
948	1004	0
949	1015	0
950	1035	0
951	981	1
952	1013	0
953	969	0
954	998	0
955	1022	0
956	1051	2
957	967	0
958	1023	0
959	963	2
960	1042	2
961	992	0
962	1029	0
963	1031	0
964	983	0
965	984	2
966	1004	0
967	981	1
968	1014	0
969	1030	0
970	983	0
971	978	2
972	1037	0
973	986	0
974	957	0
975	1019	0
976	1009	0
977	965	0
978	972	4
979	1020	4
980	982	1
981	965	0
982	1035	0
983	1025	0
984	1018	2
985	1022	1
986	978	0
987	990	3
988	1013	2
989	983	2
990	1018	2
991	968	0
992	1032	0
993	979	0
994	1018	0
995	1020	0
996	1002	0
997	1012	0
998	1015	0
999	930	0
