0	500	0
1	274	2
2	251	2
3	245	7
4	243	9
5	250	5
6	248	7
7	249	6
8	250	2
9	263	5
10	253	5
11	228	4
12	255	4
13	247	4
14	249	4
15	232	7
16	244	11
17	262	7
18	246	2
19	273	5
20	260	3
21	245	10
22	241	7
23	261	6
24	238	12
25	244	4
26	258	0
27	268	1
28	252	1
29	263	7
30	266	3
31	232	0
32	250	6
33	252	8
34	241	5
35	249	11
36	266	3
37	254	0
38	247	2
39	243	6
40	249	2
41	253	5
42	257	3
43	251	10
44	256	6
45	233	7
46	257	7
47	218	9
48	261	7
49	261	12
50	254	1
51	252	0
52	243	5
53	266	10
54	240	6
55	266	5
56	235	5
57	237	8
58	239	6
59	273	5
60	248	8
61	266	8
62	258	8
63	234	6
64	236	8
65	261	9
66	252	10
67	244	12
68	255	4
69	250	11
70	252	4
71	253	2
72	242	13
73	252	7
74	241	9
75	247	5
76	247	1
77	252	1
78	249	5
79	252	3
80	241	8
81	258	8
82	249	3
83	246	3
84	241	4
85	259	9
86	245	8
87	259	2
88	249	6
89	253	7
90	245	9
91	258	7
92	258	7
93	252	10
94	257	10
95	249	10
96	257	14
97	248	14
98	265	11
99	261	5
100	260	1
101	251	0
102	245	0
103	262	6
104	257	3
105	252	3
106	250	10
107	260	14
108	243	8
109	241	4
110	284	9
111	260	8
112	268	11
113	236	11
114	265	6
115	265	9
116	259	9
117	239	4
118	253	6
119	253	10
120	242	8
121	244	8
122	244	11
123	233	11
124	255	8
125	245	9
126	241	7
127	259	0
128	246	1
129	248	6
130	249	7
131	248	5
132	241	6
133	247	9
134	256	6
135	233	10
136	258	7
137	255	7
138	246	8
139	261	2
140	237	1
141	236	11
142	244	12
143	234	12
144	250	5
145	266	4
146	236	7
147	243	9
148	244	3
149	259	7
150	245	0
151	255	0
152	252	1
153	273	9
154	264	14
155	252	7
156	251	4
157	261	5
158	261	7
159	246	7
160	225	3
161	253	5
162	244	6
163	236	6
164	276	6
165	248	6
166	245	8
167	259	7
168	224	8
169	253	5
170	239	4
171	259	4
172	268	1
173	253	4
174	259	2
175	249	0
176	259	10
177	245	7
178	255	11
179	246	5
180	256	1
181	258	7
182	253	2
183	251	2
184	245	6
185	276	3
186	243	6
187	257	5
188	245	3
189	246	7
190	252	5
191	266	10
192	271	11
193	263	7
194	232	8
195	251	3
196	267	5
197	261	1
198	249	8
199	251	6
200	265	5
201	254	13
202	252	0
203	263	1
204	238	9
205	245	6
206	242	2
207	256	8
208	233	10
209	257	1
210	225	4
211	256	5
212	253	12
213	257	9
214	258	11
215	238	4
216	256	3
217	244	1
218	257	10
219	263	6
220	236	10
221	257	8
222	251	6
223	229	4
224	260	10
225	245	7
226	231	4
227	248	0
228	255	6
229	251	6
230	231	8
231	249	11
232	228	7
233	260	12
234	266	7
235	244	6
236	251	3
237	246	6
238	253	6
239	247	8
240	248	10
241	239	11
242	252	6
243	241	4
244	228	11
245	233	9
246	249	9
247	236	6
248	240	10
249	247	9
250	268	2
251	250	0
252	257	2
253	255	10
254	261	7
255	248	12
256	257	0
257	241	0
258	256	6
259	257	7
260	259	5
261	258	3
262	243	2
263	251	1
264	252	5
265	262	6
266	281	7
267	247	14
268	259	6
269	243	4
270	251	4
271	221	2
272	261	6
273	255	12
274	238	9
275	263	9
276	254	7
277	246	7
278	241	3
279	239	14
280	263	10
281	247	4
282	263	2
283	263	8
284	279	0
285	239	0
286	253	7
287	261	11
288	252	7
289	238	5
290	252	8
291	217	1
292	254	2
293	238	8
294	245	6
295	260	2
296	241	11
297	255	8
298	252	6
299	254	7
300	240	0
301	261	2
302	258	4
303	245	5
304	244	3
305	266	10
306	241	7
307	244	6
308	246	5
309	242	5
310	267	4
311	260	7
312	243	13
313	250	7
314	244	2
315	257	7
316	259	3
317	250	12
318	239	4
319	227	9
320	256	10
321	261	9
322	253	9
323	243	5
324	249	4
325	242	1
326	239	9
327	219	13
328	248	10
329	251	5
330	267	5
331	247	5
332	269	8
333	265	6
334	251	2
335	249	3
336	248	12
337	242	10
338	247	13
339	253	8
340	245	3
341	261	10
342	249	6
343	232	8
344	236	8
345	272	5
346	277	4
347	274	0
348	255	3
349	242	3
350	240	0
351	242	0
352	227	3
353	248	5
354	257	8
355	258	11
356	249	4
357	249	7
358	270	6
359	241	9
360	253	4
361	270	6
362	250	18
363	269	8
364	258	10
365	251	12
366	257	8
367	267	6
368	248	5
369	247	0
370	262	6
371	251	6
372	255	6
373	248	3
374	259	5
375	248	2
376	276	3
377	230	12
378	266	5
379	246	8
380	229	12
381	254	9
382	257	4
383	241	12
384	245	13
385	251	12
386	239	14
387	255	8
388	246	10
389	249	8
390	255	12
391	243	3
392	236	10
393	221	5
394	252	2
395	248	8
396	260	9
397	223	9
398	261	9
399	241	12
400	251	0
401	263	0
402	242	5
403	238	13
404	250	5
405	269	9
406	252	7
407	253	8
408	247	4
409	246	7
410	255	10
411	238	8
412	259	4
413	242	3
414	252	2
415	251	14
416	258	10
417	231	6
418	233	8
419	249	4
420	243	4
421	230	7
422	244	10
423	241	5
424	253	11
425	250	4
426	237	9
427	254	7
428	230	1
429	246	0
430	239	0
431	250	4
432	262	6
433	246	10
434	239	14
435	224	9
436	255	9
437	259	9
438	252	3
439	251	5
440	265	13
441	264	14
442	242	14
443	250	14
444	236	6
445	242	10
446	252	14
447	264	8
448	240	6
449	246	7
450	238	0
451	237	0
452	246	3
453	255	10
454	255	3
455	248	5
456	267	13
457	272	3
458	257	3
459	263	5
460	241	13
461	238	7
462	256	3
463	269	12
464	248	11
465	263	7
466	264	7
467	238	9
468	272	7
469	265	12
470	261	6
471	255	10
472	241	9
473	240	9
474	239	7
475	239	6
476	247	0
477	242	12
478	251	4
479	229	10
480	238	4
481	259	13
482	243	12
483	259	8
484	250	6
485	248	11
486	262	11
487	243	9
488	241	10
489	254	7
490	255	6
491	232	5
492	265	6
493	241	11
494	254	9
495	235	4
496	232	8
497	249	7
498	267	6
499	231	9
500	244	0
501	249	0
502	248	5
503	251	12
504	250	12
505	240	11
506	263	14
507	236	5
508	245	8
509	257	4
510	245	13
511	267	8
512	257	8
513	243	16
514	245	7
515	227	7
516	235	11
517	252	12
518	241	15
519	248	15
520	254	10
521	264	4
522	242	5
523	245	0
524	252	0
525	268	7
526	264	8
527	258	4
528	249	8
529	253	0
530	246	6
531	260	2
532	243	5
533	248	11
534	253	2
535	247	6
536	229	11
537	242	5
538	255	7
539	251	10
540	244	6
541	241	11
542	236	0
543	252	1
544	238	7
545	249	12
546	245	10
547	258	8
548	269	3
549	242	6
550	247	1
551	248	0
552	251	7
553	267	9
554	237	2
555	253	1
556	255	7
557	247	4
558	225	7
559	266	5
560	270	1
561	249	8
562	240	8
563	256	4
564	234	1
565	251	4
566	255	10
567	256	11
568	247	7
569	264	6
570	251	4
571	250	7
572	264	1
573	248	1
574	263	5
575	250	5
576	239	7
577	250	8
578	267	8
579	234	12
580	259	6
581	261	8
582	227	9
583	244	5
584	252	4
585	256	7
586	253	8
587	236	19
588	264	5
589	254	5
590	250	13
591	244	1
592	256	9
593	241	5
594	251	8
595	240	1
596	241	8
597	257	10
598	252	6
599	265	3
600	268	0
601	243	0
602	228	4
603	251	5
604	258	6
605	264	4
606	250	10
607	256	6
608	258	10
609	248	6
610	253	6
611	255	11
612	261	4
613	243	5
614	259	2
615	247	6
616	256	5
617	269	10
618	246	13
619	252	8
620	255	7
621	234	7
622	236	3
623	234	7
624	253	9
625	246	7
626	243	7
627	250	7
628	247	11
629	239	5
630	260	15
631	243	5
632	253	6
633	260	5
634	239	4
635	257	5
636	247	8
637	247	4
638	264	7
639	270	3
640	281	15
641	238	10
642	240	16
643	245	10
644	242	5
645	244	5
646	245	8
647	244	6
648	241	2
649	265	7
650	254	0
651	239	0
652	263	5
653	264	8
654	253	9
655	259	9
656	221	7
657	248	9
658	245	16
659	273	10
660	246	2
661	249	6
662	260	3
663	252	19
664	246	9
665	272	2
666	265	7
667	255	3
668	239	1
669	239	4
670	241	6
671	247	1
672	254	5
673	261	4
674	220	1
675	277	3
676	231	7
677	251	1
678	247	7
679	255	10
680	255	8
681	268	7
682	241	2
683	245	3
684	250	10
685	246	8
686	253	13
687	246	2
688	275	0
689	271	11
690	232	2
691	254	1
692	247	3
693	243	4
694	254	9
695	254	3
696	251	0
697	237	2
698	242	2
699	248	14
700	250	0
701	250	0
702	238	2
703	243	5
704	256	8
705	239	8
706	231	7
707	253	6
708	265	10
709	255	5
710	257	10
711	249	8
712	256	1
713	235	5
714	249	2
715	230	2
716	240	0
717	268	3
718	257	11
719	257	13
720	248	8
721	258	2
722	250	9
723	258	4
724	239	0
725	240	4
726	231	5
727	254	7
728	247	15
729	264	9
730	237	13
731	238	8
732	251	5
733	275	11
734	249	8
735	247	13
736	267	2
737	243	0
738	241	3
739	233	1
740	270	5
741	251	8
742	239	9
743	249	1
744	252	0
745	249	6
746	252	12
747	246	4
748	243	2
749	243	10
750	240	0
751	250	0
752	239	2
753	239	7
754	239	4
755	239	5
756	251	7
757	271	8
758	245	8
759	226	4
760	248	1
761	246	0
762	251	1
763	247	7
764	250	8
765	234	12
766	251	3
767	260	9
768	242	4
769	240	4
770	253	7
771	237	5
772	253	4
773	237	1
774	251	4
775	259	3
776	242	5
777	244	12
778	269	10
779	243	6
780	251	17
781	246	10
782	263	6
783	254	5
784	233	16
785	255	9
786	254	24
787	251	11
788	242	8
789	251	2
790	217	3
791	236	3
792	258	5
793	253	8
794	232	7
795	259	7
796	243	8
797	262	4
798	255	1
799	238	0
800	238	0
801	239	0
802	255	3
803	255	13
804	252	5
805	231	6
806	233	8
807	272	1
808	251	8
809	250	6
810	263	1
811	245	9
812	259	6
813	244	4
814	235	4
815	253	7
816	258	2
817	266	3
818	248	5
819	250	4
820	251	10
821	264	4
822	262	0
823	242	4
824	231	0
825	242	8
826	258	12
827	236	7
828	243	4
829	251	6
830	255	3
831	249	1
832	246	0
833	240	5
834	243	8
835	269	2
836	256	10
837	263	8
838	263	7
839	262	13
840	247	7
841	272	4
842	241	3
843	245	1
844	248	9
845	260	8
846	255	14
847	249	13
848	236	6
849	247	17
850	256	8
851	253	1
852	256	0
853	278	3
854	257	5
855	260	7
856	254	5
857	273	8
858	251	9
859	264	5
860	254	2
861	226	19
862	258	9
863	241	9
864	253	5
865	266	6
866	252	15
867	249	7
868	265	0
869	258	2
870	265	0
871	248	3
872	252	5
873	244	0
874	255	5
875	268	2
876	253	0
877	243	1
878	258	3
879	250	0
880	240	0
881	235	5
882	251	9
883	243	2
884	268	0
885	252	3
886	246	7
887	259	11
888	244	8
889	245	0
890	251	4
891	236	1
892	261	3
893	243	17
894	255	6
895	253	6
896	270	7
897	241	6
898	249	3
899	241	7
900	252	0
901	243	4
902	238	1
903	237	1
904	262	3
905	246	3
906	233	14
907	237	8
908	256	5
909	262	3
910	253	9
911	243	7
912	261	7
913	254	9
914	253	9
915	256	15
916	259	6
917	272	15
918	257	11
919	229	5
920	263	15
921	262	2
922	233	2
923	250	0
924	279	0
925	248	8
926	246	1
927	251	1
928	253	13
929	244	14
930	250	10
931	239	0
932	249	0
933	253	2
934	250	4
935	238	0
936	250	15
937	251	11
938	250	2
939	256	3
940	254	6
941	264	1
942	260	10
943	249	9
944	254	10
945	251	5
946	249	2
947	235	7
948	241	11
949	259	9
950	237	1
951	257	0
952	265	1
953	271	6
954	250	12
955	240	14
956	264	4
957	226	10
958	250	4
959	240	14
960	242	8
961	260	6
962	246	5
963	240	3
964	234	1
965	247	10
966	261	13
967	247	5
968	260	8
969	256	11
970	229	1
971	249	11
972	266	0
973	244	4
974	245	3
975	272	2
976	254	4
977	232	4
978	269	7
979	235	12
980	243	6
981	247	6
982	260	6
983	256	2
984	251	5
985	241	5
986	243	4
987	259	5
988	257	2
989	263	2
990	255	5
991	238	0
992	238	1
993	243	6
994	259	5
995	248	4
996	247	2
997	255	6
998	263	4
999	268	5
