0	500	0
1	254	0
2	264	0
3	271	0
4	246	1
5	253	1
6	261	0
7	233	1
8	249	0
9	257	0
10	227	0
11	243	1
12	249	0
13	259	0
14	251	0
15	250	1
16	242	5
17	251	4
18	247	0
19	239	0
20	260	1
21	275	0
22	253	1
23	239	3
24	269	2
25	260	3
26	260	0
27	254	3
28	267	1
29	249	1
30	238	0
31	252	0
32	262	1
33	255	0
34	252	2
35	264	0
36	248	0
37	263	0
38	233	0
39	262	0
40	263	2
41	276	3
42	262	0
43	270	0
44	259	0
45	225	7
46	248	5
47	251	5
48	247	0
49	254	1
50	259	0
51	257	0
52	250	0
53	247	2
54	240	2
55	265	0
56	247	2
57	245	1
58	241	0
59	265	0
60	240	1
61	243	5
62	264	4
63	270	0
64	248	0
65	251	0
66	257	5
67	243	1
68	260	1
69	260	6
70	246	3
71	264	3
72	267	3
73	234	2
74	253	0
75	247	4
76	262	1
77	256	1
78	265	0
79	250	0
80	261	0
81	266	0
82	273	4
83	251	3
84	257	3
85	247	0
86	251	0
87	242	0
88	248	2
89	246	0
90	249	0
91	248	0
92	254	0
93	260	0
94	253	6
95	244	0
96	244	1
97	251	1
98	241	6
99	275	0
100	243	0
101	232	0
102	243	0
103	247	2
104	250	1
105	245	0
106	233	7
107	238	6
108	245	1
109	256	0
110	242	0
111	261	0
112	262	0
113	248	0
114	250	0
115	244	2
116	256	1
117	248	3
118	256	1
119	252	0
120	258	1
121	227	6
122	239	6
123	254	3
124	253	1
125	236	0
126	248	0
127	236	1
128	239	0
129	240	0
130	235	0
131	236	4
132	241	1
133	237	0
134	235	0
135	232	2
136	245	1
137	236	1
138	225	2
139	250	0
140	257	0
141	263	0
142	257	1
143	246	0
144	243	2
145	251	0
146	241	0
147	232	0
148	245	0
149	242	0
150	237	0
151	247	0
152	236	0
153	258	0
154	248	1
155	234	0
156	250	0
157	248	0
158	256	0
159	239	0
160	243	0
161	241	0
162	254	0
163	251	0
164	248	1
165	240	1
166	255	0
167	254	0
168	248	0
169	249	0
170	245	1
171	273	2
172	258	1
173	250	0
174	249	0
175	267	1
176	271	1
177	259	0
178	255	0
179	233	0
180	262	0
181	260	0
182	242	2
183	251	2
184	247	6
185	246	0
186	258	2
187	251	0
188	261	4
189	276	5
190	256	4
191	251	0
192	254	0
193	253	0
194	262	0
195	249	0
196	246	0
197	249	5
198	247	0
199	269	6
200	265	1
201	263	0
202	252	0
203	239	1
204	257	0
205	250	0
206	245	2
207	256	0
208	261	0
209	243	0
210	261	0
211	261	0
212	258	0
213	269	0
214	249	4
215	271	7
216	248	1
217	251	0
218	233	0
219	260	0
220	246	0
221	266	0
222	263	2
223	230	3
224	244	0
225	259	0
226	249	1
227	257	0
228	240	2
229	253	2
230	240	0
231	268	2
232	253	2
233	254	5
234	258	1
235	250	4
236	250	3
237	251	1
238	247	0
239	250	0
240	238	0
241	236	0
242	237	0
243	237	0
244	266	0
245	255	0
246	250	0
247	248	0
248	271	2
249	248	5
250	257	0
251	259	0
252	244	2
253	246	0
254	247	0
255	232	1
256	250	1
257	272	0
258	238	0
259	252	3
260	238	3
261	250	0
262	254	0
263	236	2
264	241	2
265	251	0
266	257	0
267	259	0
268	245	0
269	229	0
270	250	0
271	252	0
272	252	1
273	236	2
274	243	0
275	263	0
276	242	0
277	253	0
278	267	0
279	236	0
280	265	0
281	236	0
282	235	2
283	275	0
284	260	0
285	270	0
286	255	0
287	239	0
288	247	0
289	253	1
290	256	3
291	230	0
292	250	0
293	260	0
294	254	6
295	245	1
296	239	0
297	257	0
298	255	0
299	251	2
300	262	0
301	242	0
302	259	0
303	253	0
304	263	0
305	237	4
306	238	1
307	243	0
308	246	0
309	263	0
310	238	0
311	236	2
312	249	0
313	239	0
314	248	0
315	257	0
316	222	0
317	260	1
318	257	6
319	256	1
320	250	0
321	270	5
322	255	1
323	226	2
324	246	3
325	255	0
326	238	1
327	240	2
328	259	0
329	275	0
330	248	0
331	261	2
332	264	4
333	264	3
334	259	0
335	248	0
336	245	0
337	240	0
338	251	0
339	231	0
340	262	0
341	246	2
342	240	2
343	248	6
344	253	2
345	251	0
346	258	0
347	251	1
348	249	3
349	228	11
350	242	0
351	240	0
352	255	0
353	257	9
354	262	2
355	248	1
356	263	0
357	263	0
358	253	0
359	243	0
360	243	0
361	246	2
362	246	0
363	240	0
364	240	3
365	243	4
366	256	0
367	240	2
368	266	6
369	263	0
370	248	2
371	241	5
372	233	0
373	232	0
374	273	5
375	249	3
376	238	3
377	248	0
378	242	0
379	232	0
380	249	7
381	240	4
382	248	4
383	250	2
384	263	0
385	256	3
386	244	0
387	216	0
388	246	1
389	242	0
390	250	0
391	254	0
392	244	2
393	255	1
394	241	0
395	245	0
396	252	0
397	245	2
398	248	1
399	246	0
400	259	0
401	247	0
402	243	0
403	268	0
404	238	0
405	252	0
406	266	0
407	233	4
408	250	2
409	255	0
410	235	3
411	254	4
412	244	0
413	259	0
414	243	2
415	265	2
416	231	0
417	254	0
418	252	1
419	224	0
420	253	3
421	220	7
422	250	0
423	241	0
424	236	1
425	261	0
426	254	0
427	241	0
428	282	0
429	238	0
430	253	0
431	254	0
432	255	0
433	239	1
434	234	0
435	270	0
436	232	0
437	242	0
438	248	0
439	243	0
440	250	0
441	267	5
442	248	0
443	243	0
444	270	0
445	246	0
446	253	3
447	243	1
448	252	0
449	244	0
450	254	0
451	253	0
452	246	0
453	249	2
454	250	0
455	241	0
456	230	1
457	239	0
458	238	4
459	269	0
460	251	0
461	240	2
462	226	2
463	257	4
464	258	0
465	240	0
466	239	0
467	235	0
468	260	1
469	232	0
470	265	1
471	245	0
472	249	0
473	239	0
474	239	0
475	255	0
476	246	0
477	248	0
478	262	0
479	246	0
480	248	0
481	245	3
482	268	0
483	250	2
484	239	7
485	231	0
486	276	0
487	257	0
488	242	0
489	269	0
490	250	0
491	250	1
492	229	0
493	258	0
494	249	0
495	237	0
496	250	2
497	218	3
498	267	0
499	238	0
500	227	0
501	238	0
502	250	0
503	255	0
504	242	0
505	224	0
506	241	1
507	238	1
508	240	0
509	251	1
510	238	0
511	247	1
512	248	0
513	255	4
514	261	7
515	249	1
516	250	0
517	247	3
518	247	6
519	252	0
520	256	0
521	245	0
522	261	0
523	263	1
524	253	2
525	265	0
526	274	0
527	255	0
528	246	0
529	254	0
530	246	0
531	256	2
532	245	0
533	248	0
534	261	1
535	246	0
536	249	0
537	259	0
538	249	0
539	226	0
540	268	3
541	245	5
542	264	1
543	246	0
544	259	0
545	258	2
546	241	1
547	230	0
548	250	0
549	278	0
550	250	0
551	258	0
552	248	1
553	255	0
554	242	0
555	248	0
556	232	0
557	244	1
558	236	1
559	261	0
560	251	0
561	256	1
562	241	0
563	243	0
564	267	0
565	248	0
566	238	0
567	244	2
568	240	0
569	267	0
570	268	0
571	274	0
572	246	0
573	225	0
574	267	0
575	232	0
576	242	0
577	250	0
578	248	1
579	238	2
580	259	5
581	242	2
582	268	0
583	270	0
584	250	0
585	260	0
586	247	0
587	267	0
588	249	0
589	221	0
590	240	0
591	263	0
592	257	0
593	261	0
594	230	0
595	246	2
596	239	1
597	237	1
598	244	0
599	259	2
600	258	0
601	243	0
602	243	0
603	252	2
604	263	2
605	259	2
606	264	0
607	256	0
608	240	0
609	246	2
610	251	2
611	233	0
612	250	1
613	257	0
614	243	0
615	256	7
616	228	2
617	252	0
618	252	1
619	277	0
620	264	0
621	227	0
622	237	1
623	250	0
624	241	0
625	257	0
626	247	2
627	244	0
628	263	0
629	269	0
630	231	0
631	253	4
632	268	0
633	255	0
634	241	0
635	232	0
636	245	0
637	249	0
638	244	0
639	262	4
640	260	0
641	267	1
642	227	9
643	236	0
644	268	0
645	258	0
646	228	0
647	269	0
648	254	0
649	252	1
650	252	0
651	250	0
652	241	0
653	224	1
654	254	4
655	254	1
656	246	0
657	265	0
658	266	1
659	271	0
660	263	0
661	243	0
662	252	0
663	248	0
664	235	0
665	245	0
666	263	1
667	248	0
668	251	2
669	269	2
670	249	1
671	253	3
672	239	0
673	252	1
674	250	2
675	249	0
676	258	0
677	271	0
678	240	0
679	244	2
680	240	0
681	260	0
682	258	0
683	247	0
684	246	0
685	266	0
686	263	0
687	263	0
688	242	7
689	254	1
690	249	0
691	251	0
692	249	0
693	243	0
694	262	0
695	268	0
696	247	0
697	266	0
698	245	0
699	256	0
700	231	0
701	237	0
702	251	0
703	238	1
704	248	3
705	246	1
706	230	11
707	248	4
708	236	0
709	254	0
710	240	0
711	253	10
712	258	1
713	250	0
714	251	0
715	236	0
716	251	0
717	255	0
718	271	0
719	240	0
720	239	0
721	253	0
722	258	0
723	238	6
724	227	0
725	252	2
726	255	1
727	257	2
728	247	4
729	250	0
730	257	0
731	241	2
732	258	0
733	255	0
734	263	0
735	246	0
736	254	1
737	250	0
738	268	0
739	239	0
740	257	2
741	236	1
742	257	1
743	258	0
744	249	3
745	256	0
746	248	5
747	243	0
748	242	0
749	252	3
750	249	1
751	230	0
752	243	0
753	236	2
754	244	0
755	264	0
756	251	0
757	261	0
758	262	0
759	234	5
760	248	8
761	239	4
762	268	0
763	235	0
764	233	4
765	261	1
766	270	0
767	247	2
768	259	9
769	254	0
770	246	0
771	272	0
772	248	2
773	251	6
774	249	2
775	250	3
776	265	4
777	255	1
778	255	0
779	242	0
780	246	6
781	257	0
782	238	0
783	251	0
784	237	0
785	243	0
786	251	0
787	260	0
788	248	0
789	246	1
790	262	2
791	239	0
792	264	0
793	238	2
794	246	0
795	252	0
796	261	0
797	245	2
798	228	6
799	240	0
800	234	2
801	268	0
802	245	1
803	240	3
804	256	7
805	243	3
806	247	0
807	253	0
808	245	0
809	242	0
810	257	0
811	258	0
812	260	0
813	244	2
814	263	0
815	249	3
816	253	0
817	259	1
818	247	0
819	242	0
820	243	0
821	237	3
822	250	1
823	270	0
824	252	0
825	247	0
826	242	0
827	259	0
828	269	0
829	263	0
830	246	0
831	263	0
832	236	0
833	248	0
834	253	0
835	243	3
836	271	1
837	260	0
838	242	0
839	244	2
840	246	1
841	250	0
842	236	0
843	247	1
844	236	0
845	261	0
846	239	0
847	245	0
848	251	2
849	258	0
850	278	0
851	237	0
852	238	0
853	247	1
854	247	3
855	244	0
856	256	2
857	254	0
858	256	0
859	251	0
860	233	0
861	237	0
862	242	4
863	232	1
864	243	2
865	244	0
866	254	0
867	237	0
868	254	0
869	240	0
870	245	3
871	255	4
872	246	3
873	262	0
874	252	0
875	245	0
876	247	5
877	259	0
878	247	0
879	247	0
880	258	2
881	249	0
882	256	1
883	263	1
884	259	0
885	267	0
886	255	2
887	262	0
888	235	1
889	260	0
890	234	0
891	246	0
892	242	0
893	257	0
894	251	0
895	260	0
896	273	0
897	255	0
898	246	0
899	246	0
900	260	0
901	264	0
902	264	0
903	261	0
904	253	0
905	254	0
906	266	0
907	237	1
908	261	6
909	251	0
910	226	0
911	230	0
912	260	0
913	244	0
914	247	2
915	254	0
916	247	0
917	217	0
918	238	0
919	258	0
920	258	0
921	256	0
922	257	0
923	264	1
924	265	0
925	254	0
926	262	0
927	257	3
928	249	8
929	239	1
930	265	0
931	258	0
932	239	3
933	233	0
934	254	0
935	245	1
936	245	1
937	241	0
938	255	0
939	256	4
940	240	5
941	256	0
942	238	0
943	267	0
944	265	0
945	260	0
946	228	0
947	260	1
948	249	0
949	266	0
950	246	0
951	277	0
952	260	0
953	259	0
954	254	6
955	238	11
956	238	16
957	261	2
958	230	0
959	242	0
960	233	7
961	257	9
962	258	1
963	246	0
964	272	1
965	269	0
966	247	0
967	228	0
968	237	0
969	263	0
970	254	3
971	248	0
972	242	0
973	246	0
974	267	0
975	230	0
976	236	4
977	224	2
978	255	1
979	249	1
980	248	0
981	253	0
982	255	0
983	264	0
984	241	0
985	246	0
986	250	0
987	249	0
988	237	0
989	255	0
990	238	0
991	229	0
992	242	0
993	229	0
994	249	0
995	258	5
996	252	2
997	231	0
998	251	0
999	240	0
