0	2000	0
1	2000	18
2	2000	15
3	2000	36
4	2000	37
5	2000	69
6	2000	78
7	2000	46
8	2000	19
9	2000	54
10	2000	26
11	2000	10
12	2000	0
13	2000	0
14	2000	45
15	2000	64
16	2000	32
17	2000	30
18	2000	43
19	2000	65
20	2000	34
21	2000	26
22	2000	23
23	2000	0
24	2000	5
25	2000	24
26	2000	9
27	2000	5
28	2000	7
29	2000	12
30	2000	0
31	2000	23
32	2000	39
33	2000	23
34	2000	1
35	2000	12
36	2000	24
37	2000	47
38	2000	0
39	2000	26
40	2000	37
41	2000	12
42	2000	10
43	2000	21
44	2000	33
45	2000	68
46	2000	13
47	2000	23
48	2000	49
49	2000	31
50	2000	16
51	2000	17
52	2000	29
53	2000	50
54	2000	68
55	2000	29
56	2000	2
57	2000	34
58	2000	39
59	2000	19
60	2000	17
61	2000	26
62	2000	47
63	2000	34
64	2000	28
65	2000	46
66	2000	38
67	2000	32
68	2000	5
69	2000	27
70	2000	58
71	2000	45
72	2000	37
73	2000	39
74	2000	12
75	2000	11
76	2000	28
77	2000	34
78	2000	20
79	2000	30
80	2000	32
81	2000	18
82	2000	16
83	2000	1
84	2000	39
85	2000	41
86	2000	35
87	2000	36
88	2000	44
89	2000	48
90	2000	42
91	2000	21
92	2000	36
93	2000	65
94	2000	83
95	2000	74
96	2000	32
97	2000	21
98	2000	32
99	2000	70
100	2000	47
101	2000	28
102	2000	16
103	2000	25
104	2000	13
105	2000	41
106	2000	36
107	2000	32
108	2000	37
109	2000	34
110	2000	24
111	2000	43
112	2000	49
113	2000	23
114	2000	26
115	2000	11
116	2000	0
117	2000	0
118	2000	0
119	2000	26
120	2000	30
121	2000	0
122	2000	2
123	2000	0
124	2000	0
125	2000	0
126	2000	30
127	2000	27
128	2000	23
129	2000	32
130	2000	43
131	2000	25
132	2000	0
133	2000	11
134	2000	4
135	2000	3
136	2000	31
137	2000	42
138	2000	6
139	2000	6
140	2000	20
141	2000	13
142	2000	1
143	2000	48
144	2000	75
145	2000	54
146	2000	20
147	2000	20
148	2000	43
149	2000	70
150	2000	74
151	2000	51
152	2000	24
153	2000	22
154	2000	54
155	2000	39
156	2000	17
157	2000	18
158	2000	2
159	2000	13
160	2000	35
161	2000	28
162	2000	9
163	2000	39
164	2000	47
165	2000	47
166	2000	57
167	2000	34
168	2000	14
169	2000	34
170	2000	39
171	2000	43
172	2000	9
173	2000	0
174	2000	0
175	2000	6
176	2000	9
177	2000	14
178	2000	30
179	2000	39
180	2000	34
181	2000	15
182	2000	1
183	2000	22
184	2000	69
185	2000	30
186	2000	34
187	2000	21
188	2000	34
189	2000	28
190	2000	33
191	2000	16
192	2000	32
193	2000	28
194	2000	29
195	2000	37
196	2000	19
197	2000	41
198	2000	20
199	2000	54
200	2000	73
201	2000	0
202	2000	399
203	2000	187
204	2000	71
205	2000	29
206	2000	41
207	2000	31
208	2000	38
209	2000	27
210	2000	35
211	2000	34
212	2000	0
213	2000	18
214	2000	55
215	2000	47
216	2000	51
217	2000	13
218	2000	2
219	2000	8
220	2000	37
221	2000	25
222	2000	60
223	2000	47
224	2000	35
225	2000	23
226	2000	34
227	2000	32
228	2000	20
229	2000	16
230	2000	35
231	2000	17
232	2000	13
233	2000	43
234	2000	72
235	2000	27
236	2000	9
237	2000	13
238	2000	35
239	2000	42
240	2000	28
241	2000	37
242	2000	46
243	2000	45
244	2000	73
245	2000	76
246	2000	76
247	2000	63
248	2000	52
249	2000	46
250	2000	25
251	2000	40
252	2000	44
253	2000	50
254	2000	59
255	2000	71
256	2000	36
257	2000	41
258	2000	38
259	2000	28
260	2000	21
261	2000	53
262	2000	38
263	2000	34
264	2000	31
265	2000	76
266	2000	70
267	2000	41
268	2000	29
269	2000	49
270	2000	39
271	2000	35
272	2000	38
273	2000	37
274	2000	14
275	2000	7
276	2000	25
277	2000	32
278	2000	31
279	2000	39
280	2000	39
281	2000	52
282	2000	42
283	2000	31
284	2000	18
285	2000	0
286	2000	49
287	2000	81
288	2000	56
289	2000	41
290	2000	68
291	2000	46
292	2000	45
293	2000	31
294	2000	23
295	2000	74
296	2000	4
297	2000	15
298	2000	43
299	2000	47
300	2000	47
301	2000	47
302	2000	47
303	2000	26
304	2000	28
305	2000	33
306	2000	14
307	2000	29
308	2000	59
309	2000	59
310	2000	33
311	2000	6
312	2000	6
313	2000	26
314	2000	50
315	2000	41
316	2000	58
317	2000	51
318	2000	29
319	2000	15
320	2000	25
321	2000	13
322	2000	32
323	2000	47
324	2000	70
325	2000	42
326	2000	43
327	2000	57
328	2000	34
329	2000	36
330	2000	58
331	2000	55
332	2000	29
333	2000	16
334	2000	22
335	2000	23
336	2000	31
337	2000	66
338	2000	29
339	2000	54
340	2000	13
341	2000	9
342	2000	33
343	2000	24
344	2000	36
345	2000	32
346	2000	23
347	2000	34
348	2000	38
349	2000	27
350	2000	29
351	2000	24
352	2000	19
353	2000	25
354	2000	39
355	2000	40
356	2000	37
357	2000	25
358	2000	0
359	2000	1
360	2000	17
361	2000	23
362	2000	28
363	2000	10
364	2000	22
365	2000	43
366	2000	45
367	2000	43
368	2000	4
369	2000	41
370	2000	40
371	2000	41
372	2000	19
373	2000	25
374	2000	19
375	2000	32
376	2000	15
377	2000	41
378	2000	24
379	2000	29
380	2000	66
381	2000	53
382	2000	41
383	2000	26
384	2000	32
385	2000	26
386	2000	34
387	2000	33
388	2000	53
389	2000	73
390	2000	56
391	2000	46
392	2000	76
393	2000	50
394	2000	33
395	2000	0
396	2000	5
397	2000	21
398	2000	58
399	2000	54
400	2000	61
401	2000	0
402	2000	391
403	2000	143
404	2000	60
405	2000	67
406	2000	55
407	2000	44
408	2000	63
409	2000	47
410	2000	33
411	2000	12
412	2000	1
413	2000	6
414	2000	24
415	2000	52
416	2000	31
417	2000	47
418	2000	54
419	2000	30
420	2000	24
421	2000	18
422	2000	68
423	2000	42
424	2000	34
425	2000	17
426	2000	40
427	2000	30
428	2000	13
429	2000	14
430	2000	33
431	2000	3
432	2000	10
433	2000	9
434	2000	21
435	2000	1
436	2000	64
437	2000	62
438	2000	41
439	2000	28
440	2000	22
441	2000	44
442	2000	44
443	2000	81
444	2000	87
445	2000	82
446	2000	86
447	2000	34
448	2000	18
449	2000	43
450	2000	51
451	2000	44
452	2000	70
453	2000	21
454	2000	1
455	2000	30
456	2000	28
457	2000	17
458	2000	2
459	2000	70
460	2000	41
461	2000	36
462	2000	31
463	2000	16
464	2000	36
465	2000	53
466	2000	29
467	2000	24
468	2000	58
469	2000	28
470	2000	30
471	2000	43
472	2000	47
473	2000	21
474	2000	14
475	2000	30
476	2000	20
477	2000	19
478	2000	2
479	2000	6
480	2000	27
481	2000	36
482	2000	37
483	2000	32
484	2000	19
485	2000	47
486	2000	50
487	2000	35
488	2000	24
489	2000	40
490	2000	61
491	2000	64
492	2000	29
493	2000	21
494	2000	26
495	2000	9
496	2000	2
497	2000	24
498	2000	29
499	2000	28
500	2000	38
501	2000	52
502	2000	58
503	2000	52
504	2000	45
505	2000	24
506	2000	39
507	2000	33
508	2000	42
509	2000	53
510	2000	72
511	2000	41
512	2000	22
513	2000	31
514	2000	39
515	2000	27
516	2000	29
517	2000	36
518	2000	59
519	2000	23
520	2000	12
521	2000	2
522	2000	5
523	2000	46
524	2000	49
525	2000	54
526	2000	63
527	2000	54
528	2000	5
529	2000	12
530	2000	37
531	2000	57
532	2000	59
533	2000	39
534	2000	11
535	2000	7
536	2000	22
537	2000	16
538	2000	19
539	2000	51
540	2000	50
541	2000	24
542	2000	26
543	2000	15
544	2000	17
545	2000	49
546	2000	62
547	2000	36
548	2000	34
549	2000	42
550	2000	47
551	2000	51
552	2000	47
553	2000	4
554	2000	11
555	2000	51
556	2000	36
557	2000	2
558	2000	22
559	2000	32
560	2000	51
561	2000	28
562	2000	27
563	2000	23
564	2000	30
565	2000	27
566	2000	27
567	2000	46
568	2000	59
569	2000	44
570	2000	9
571	2000	5
572	2000	41
573	2000	28
574	2000	7
575	2000	13
576	2000	29
577	2000	30
578	2000	20
579	2000	36
580	2000	58
581	2000	72
582	2000	62
583	2000	13
584	2000	0
585	2000	10
586	2000	30
587	2000	26
588	2000	31
589	2000	23
590	2000	35
591	2000	59
592	2000	28
593	2000	28
594	2000	26
595	2000	43
596	2000	54
597	2000	51
598	2000	45
599	2000	35
600	2000	1
601	2000	30
602	2000	205
603	2000	12
604	2000	2
605	2000	31
606	2000	24
607	2000	6
608	2000	2
609	2000	17
610	2000	17
611	2000	5
612	2000	17
613	2000	33
614	2000	44
615	2000	38
616	2000	57
617	2000	27
618	2000	33
619	2000	53
620	2000	32
621	2000	40
622	2000	35
623	2000	43
624	2000	42
625	2000	38
626	2000	30
627	2000	43
628	2000	54
629	2000	63
630	2000	32
631	2000	31
632	2000	77
633	2000	54
634	2000	41
635	2000	64
636	2000	51
637	2000	55
638	2000	62
639	2000	29
640	2000	32
641	2000	35
642	2000	41
643	2000	42
644	2000	40
645	2000	48
646	2000	40
647	2000	70
648	2000	38
649	2000	51
650	2000	33
651	2000	39
652	2000	53
653	2000	43
654	2000	25
655	2000	44
656	2000	50
657	2000	75
658	2000	76
659	2000	48
660	2000	63
661	2000	61
662	2000	72
663	2000	66
664	2000	56
665	2000	36
666	2000	34
667	2000	34
668	2000	41
669	2000	31
670	2000	40
671	2000	66
672	2000	49
673	2000	39
674	2000	71
675	2000	78
676	2000	62
677	2000	65
678	2000	39
679	2000	24
680	2000	29
681	2000	38
682	2000	46
683	2000	60
684	2000	42
685	2000	37
686	2000	34
687	2000	28
688	2000	44
689	2000	23
690	2000	7
691	2000	33
692	2000	50
693	2000	51
694	2000	35
695	2000	50
696	2000	40
697	2000	38
698	2000	43
699	2000	37
700	2000	0
701	2000	0
702	2000	19
703	2000	43
704	2000	31
705	2000	41
706	2000	38
707	2000	69
708	2000	34
709	2000	33
710	2000	35
711	2000	23
712	2000	31
713	2000	39
714	2000	51
715	2000	69
716	2000	66
717	2000	57
718	2000	45
719	2000	29
720	2000	23
721	2000	45
722	2000	66
723	2000	60
724	2000	56
725	2000	48
726	2000	22
727	2000	54
728	2000	56
729	2000	44
730	2000	71
731	2000	53
732	2000	35
733	2000	30
734	2000	22
735	2000	41
736	2000	59
737	2000	65
738	2000	66
739	2000	53
740	2000	46
741	2000	41
742	2000	30
743	2000	35
744	2000	33
745	2000	69
746	2000	64
747	2000	50
748	2000	25
749	2000	45
750	2000	35
751	2000	30
752	2000	44
753	2000	27
754	2000	17
755	2000	54
756	2000	51
757	2000	51
758	2000	38
759	2000	18
760	2000	0
761	2000	15
762	2000	43
763	2000	48
764	2000	62
765	2000	53
766	2000	44
767	2000	28
768	2000	46
769	2000	47
770	2000	7
771	2000	28
772	2000	34
773	2000	10
774	2000	24
775	2000	29
776	2000	14
777	2000	51
778	2000	49
779	2000	76
780	2000	61
781	2000	47
782	2000	29
783	2000	38
784	2000	37
785	2000	52
786	2000	39
787	2000	13
788	2000	20
789	2000	75
790	2000	33
791	2000	22
792	2000	34
793	2000	43
794	2000	46
795	2000	35
796	2000	55
797	2000	36
798	2000	12
799	2000	9
800	2000	43
801	2000	0
802	2000	434
803	2000	165
804	2000	60
805	2000	26
806	2000	32
807	2000	55
808	2000	6
809	2000	15
810	2000	45
811	2000	35
812	2000	38
813	2000	36
814	2000	9
815	2000	13
816	2000	17
817	2000	12
818	2000	26
819	2000	15
820	2000	23
821	2000	54
822	2000	59
823	2000	48
824	2000	37
825	2000	22
826	2000	36
827	2000	8
828	2000	28
829	2000	52
830	2000	46
831	2000	37
832	2000	10
833	2000	29
834	2000	43
835	2000	41
836	2000	44
837	2000	27
838	2000	39
839	2000	42
840	2000	83
841	2000	27
842	2000	18
843	2000	26
844	2000	43
845	2000	6
846	2000	18
847	2000	29
848	2000	17
849	2000	27
850	2000	29
851	2000	18
852	2000	0
853	2000	0
854	2000	24
855	2000	41
856	2000	50
857	2000	37
858	2000	21
859	2000	4
860	2000	20
861	2000	35
862	2000	54
863	2000	37
864	2000	50
865	2000	55
866	2000	90
867	2000	44
868	2000	32
869	2000	7
870	2000	16
871	2000	12
872	2000	4
873	2000	23
874	2000	76
875	2000	63
876	2000	36
877	2000	14
878	2000	8
879	2000	34
880	2000	59
881	2000	45
882	2000	38
883	2000	2
884	2000	26
885	2000	39
886	2000	11
887	2000	25
888	2000	19
889	2000	14
890	2000	46
891	2000	16
892	2000	10
893	2000	31
894	2000	63
895	2000	45
896	2000	37
897	2000	39
898	2000	15
899	2000	37
900	2000	70
901	2000	60
902	2000	51
903	2000	42
904	2000	43
905	2000	36
906	2000	44
907	2000	65
908	2000	69
909	2000	60
910	2000	45
911	2000	49
912	2000	32
913	2000	52
914	2000	33
915	2000	24
916	2000	26
917	2000	6
918	2000	24
919	2000	36
920	2000	47
921	2000	22
922	2000	52
923	2000	48
924	2000	1
925	2000	8
926	2000	30
927	2000	67
928	2000	54
929	2000	44
930	2000	21
931	2000	40
932	2000	52
933	2000	45
934	2000	36
935	2000	10
936	2000	38
937	2000	46
938	2000	58
939	2000	62
940	2000	49
941	2000	12
942	2000	10
943	2000	6
944	2000	29
945	2000	15
946	2000	35
947	2000	86
948	2000	46
949	2000	14
950	2000	0
951	2000	7
952	2000	22
953	2000	51
954	2000	43
955	2000	62
956	2000	46
957	2000	63
958	2000	53
959	2000	47
960	2000	29
961	2000	42
962	2000	39
963	2000	49
964	2000	50
965	2000	55
966	2000	38
967	2000	13
968	2000	19
969	2000	17
970	2000	8
971	2000	28
972	2000	26
973	2000	35
974	2000	55
975	2000	76
976	2000	61
977	2000	41
978	2000	49
979	2000	37
980	2000	56
981	2000	36
982	2000	60
983	2000	56
984	2000	45
985	2000	23
986	2000	36
987	2000	61
988	2000	41
989	2000	53
990	2000	59
991	2000	68
992	2000	50
993	2000	33
994	2000	18
995	2000	66
996	2000	56
997	2000	55
998	2000	74
999	2000	13
