0	2000	0
1	2000	0
2	2000	0
3	2000	5
4	2000	4
5	2000	4
6	2000	11
7	2000	7
8	2000	0
9	2000	0
10	2000	1
11	2000	13
12	2000	5
13	2000	0
14	2000	15
15	2000	23
16	2000	14
17	2000	6
18	2000	8
19	2000	2
20	2000	0
21	2000	0
22	2000	0
23	2000	0
24	2000	7
25	2000	0
26	2000	18
27	2000	0
28	2000	0
29	2000	0
30	2000	0
31	2000	0
32	2000	0
33	2000	2
34	2000	10
35	2000	0
36	2000	0
37	2000	0
38	2000	16
39	2000	0
40	2000	0
41	2000	0
42	2000	0
43	2000	0
44	2000	1
45	2000	0
46	2000	4
47	2000	3
48	2000	0
49	2000	0
50	2000	0
51	2000	7
52	2000	24
53	2000	24
54	2000	5
55	2000	0
56	2000	7
57	2000	4
58	2000	27
59	2000	14
60	2000	21
61	2000	24
62	2000	9
63	2000	19
64	2000	7
65	2000	0
66	2000	2
67	2000	3
68	2000	9
69	2000	2
70	2000	1
71	2000	0
72	2000	1
73	2000	0
74	2000	0
75	2000	0
76	2000	0
77	2000	0
78	2000	0
79	2000	2
80	2000	14
81	2000	0
82	2000	0
83	2000	3
84	2000	0
85	2000	6
86	2000	20
87	2000	11
88	2000	1
89	2000	0
90	2000	0
91	2000	0
92	2000	31
93	2000	28
94	2000	2
95	2000	4
96	2000	14
97	2000	0
98	2000	0
99	2000	0
100	2000	0
101	2000	0
102	2000	0
103	2000	0
104	2000	10
105	2000	12
106	2000	9
107	2000	25
108	2000	35
109	2000	2
110	2000	10
111	2000	20
112	2000	3
113	2000	0
114	2000	4
115	2000	18
116	2000	0
117	2000	0
118	2000	0
119	2000	1
120	2000	5
121	2000	18
122	2000	24
123	2000	2
124	2000	0
125	2000	2
126	2000	10
127	2000	0
128	2000	5
129	2000	0
130	2000	0
131	2000	0
132	2000	0
133	2000	0
134	2000	0
135	2000	0
136	2000	0
137	2000	16
138	2000	3
139	2000	0
140	2000	0
141	2000	17
142	2000	25
143	2000	17
144	2000	38
145	2000	6
146	2000	2
147	2000	3
148	2000	3
149	2000	1
150	2000	3
151	2000	4
152	2000	1
153	2000	2
154	2000	1
155	2000	32
156	2000	9
157	2000	0
158	2000	24
159	2000	10
160	2000	21
161	2000	0
162	2000	0
163	2000	0
164	2000	0
165	2000	0
166	2000	8
167	2000	52
168	2000	12
169	2000	5
170	2000	0
171	2000	6
172	2000	3
173	2000	0
174	2000	2
175	2000	1
176	2000	10
177	2000	0
178	2000	0
179	2000	5
180	2000	0
181	2000	0
182	2000	0
183	2000	0
184	2000	0
185	2000	1
186	2000	0
187	2000	2
188	2000	0
189	2000	0
190	2000	0
191	2000	0
192	2000	0
193	2000	1
194	2000	0
195	2000	0
196	2000	25
197	2000	33
198	2000	7
199	2000	3
200	2000	0
201	2000	0
202	2000	319
203	2000	112
204	2000	65
205	2000	12
206	2000	1
207	2000	0
208	2000	0
209	2000	0
210	2000	3
211	2000	7
212	2000	3
213	2000	29
214	2000	17
215	2000	0
216	2000	18
217	2000	32
218	2000	1
219	2000	12
220	2000	1
221	2000	10
222	2000	0
223	2000	0
224	2000	20
225	2000	13
226	2000	0
227	2000	12
228	2000	7
229	2000	0
230	2000	3
231	2000	0
232	2000	2
233	2000	6
234	2000	0
235	2000	1
236	2000	6
237	2000	0
238	2000	0
239	2000	20
240	2000	12
241	2000	2
242	2000	2
243	2000	4
244	2000	0
245	2000	0
246	2000	0
247	2000	0
248	2000	0
249	2000	0
250	2000	2
251	2000	16
252	2000	0
253	2000	12
254	2000	38
255	2000	21
256	2000	22
257	2000	18
258	2000	10
259	2000	0
260	2000	1
261	2000	0
262	2000	0
263	2000	0
264	2000	8
265	2000	0
266	2000	0
267	2000	1
268	2000	0
269	2000	0
270	2000	0
271	2000	6
272	2000	21
273	2000	13
274	2000	37
275	2000	1
276	2000	6
277	2000	1
278	2000	0
279	2000	0
280	2000	8
281	2000	3
282	2000	0
283	2000	0
284	2000	0
285	2000	0
286	2000	0
287	2000	5
288	2000	16
289	2000	4
290	2000	0
291	2000	0
292	2000	0
293	2000	0
294	2000	15
295	2000	12
296	2000	1
297	2000	0
298	2000	14
299	2000	13
300	2000	43
301	2000	9
302	2000	0
303	2000	0
304	2000	9
305	2000	1
306	2000	0
307	2000	10
308	2000	2
309	2000	0
310	2000	0
311	2000	5
312	2000	24
313	2000	13
314	2000	17
315	2000	0
316	2000	0
317	2000	2
318	2000	25
319	2000	17
320	2000	0
321	2000	8
322	2000	18
323	2000	2
324	2000	0
325	2000	12
326	2000	4
327	2000	0
328	2000	5
329	2000	15
330	2000	8
331	2000	6
332	2000	3
333	2000	0
334	2000	5
335	2000	0
336	2000	1
337	2000	7
338	2000	19
339	2000	14
340	2000	0
341	2000	3
342	2000	0
343	2000	1
344	2000	0
345	2000	1
346	2000	5
347	2000	0
348	2000	26
349	2000	23
350	2000	37
351	2000	12
352	2000	1
353	2000	21
354	2000	22
355	2000	0
356	2000	0
357	2000	9
358	2000	0
359	2000	0
360	2000	0
361	2000	0
362	2000	2
363	2000	0
364	2000	2
365	2000	0
366	2000	3
367	2000	0
368	2000	1
369	2000	0
370	2000	0
371	2000	14
372	2000	8
373	2000	27
374	2000	38
375	2000	8
376	2000	0
377	2000	0
378	2000	0
379	2000	0
380	2000	0
381	2000	0
382	2000	2
383	2000	0
384	2000	0
385	2000	0
386	2000	0
387	2000	0
388	2000	0
389	2000	7
390	2000	0
391	2000	0
392	2000	0
393	2000	0
394	2000	2
395	2000	2
396	2000	0
397	2000	3
398	2000	26
399	2000	11
400	2000	11
401	2000	0
402	2000	407
403	2000	111
404	2000	33
405	2000	0
406	2000	1
407	2000	0
408	2000	1
409	2000	0
410	2000	10
411	2000	17
412	2000	1
413	2000	0
414	2000	5
415	2000	16
416	2000	0
417	2000	0
418	2000	1
419	2000	6
420	2000	11
421	2000	0
422	2000	0
423	2000	17
424	2000	12
425	2000	0
426	2000	4
427	2000	0
428	2000	0
429	2000	0
430	2000	12
431	2000	1
432	2000	6
433	2000	17
434	2000	6
435	2000	4
436	2000	15
437	2000	17
438	2000	1
439	2000	0
440	2000	0
441	2000	0
442	2000	0
443	2000	1
444	2000	2
445	2000	0
446	2000	0
447	2000	0
448	2000	4
449	2000	0
450	2000	3
451	2000	0
452	2000	5
453	2000	7
454	2000	0
455	2000	2
456	2000	1
457	2000	1
458	2000	0
459	2000	1
460	2000	5
461	2000	9
462	2000	0
463	2000	10
464	2000	0
465	2000	5
466	2000	14
467	2000	2
468	2000	8
469	2000	0
470	2000	0
471	2000	9
472	2000	0
473	2000	0
474	2000	0
475	2000	0
476	2000	4
477	2000	0
478	2000	0
479	2000	13
480	2000	1
481	2000	0
482	2000	2
483	2000	27
484	2000	21
485	2000	0
486	2000	10
487	2000	35
488	2000	24
489	2000	1
490	2000	0
491	2000	0
492	2000	8
493	2000	20
494	2000	0
495	2000	1
496	2000	4
497	2000	0
498	2000	6
499	2000	3
500	2000	0
501	2000	0
502	2000	25
503	2000	12
504	2000	27
505	2000	23
506	2000	43
507	2000	0
508	2000	0
509	2000	0
510	2000	0
511	2000	2
512	2000	0
513	2000	0
514	2000	26
515	2000	32
516	2000	29
517	2000	9
518	2000	0
519	2000	0
520	2000	0
521	2000	0
522	2000	2
523	2000	17
524	2000	12
525	2000	5
526	2000	1
527	2000	8
528	2000	14
529	2000	9
530	2000	3
531	2000	34
532	2000	27
533	2000	3
534	2000	0
535	2000	0
536	2000	0
537	2000	2
538	2000	1
539	2000	4
540	2000	0
541	2000	6
542	2000	0
543	2000	0
544	2000	0
545	2000	0
546	2000	0
547	2000	0
548	2000	0
549	2000	0
550	2000	0
551	2000	0
552	2000	0
553	2000	9
554	2000	26
555	2000	0
556	2000	0
557	2000	14
558	2000	27
559	2000	31
560	2000	8
561	2000	0
562	2000	6
563	2000	15
564	2000	19
565	2000	21
566	2000	0
567	2000	0
568	2000	0
569	2000	8
570	2000	11
571	2000	2
572	2000	1
573	2000	17
574	2000	6
575	2000	9
576	2000	0
577	2000	23
578	2000	35
579	2000	2
580	2000	0
581	2000	13
582	2000	1
583	2000	2
584	2000	0
585	2000	0
586	2000	20
587	2000	31
588	2000	6
589	2000	1
590	2000	43
591	2000	31
592	2000	0
593	2000	13
594	2000	1
595	2000	0
596	2000	5
597	2000	6
598	2000	9
599	2000	9
600	2000	0
601	2000	0
602	2000	366
603	2000	97
604	2000	19
605	2000	2
606	2000	0
607	2000	5
608	2000	33
609	2000	21
610	2000	2
611	2000	0
612	2000	0
613	2000	37
614	2000	18
615	2000	15
616	2000	19
617	2000	6
618	2000	12
619	2000	0
620	2000	8
621	2000	0
622	2000	0
623	2000	8
624	2000	8
625	2000	0
626	2000	0
627	2000	0
628	2000	16
629	2000	8
630	2000	0
631	2000	0
632	2000	1
633	2000	0
634	2000	0
635	2000	0
636	2000	0
637	2000	0
638	2000	16
639	2000	24
640	2000	0
641	2000	0
642	2000	0
643	2000	0
644	2000	0
645	2000	0
646	2000	0
647	2000	16
648	2000	0
649	2000	10
650	2000	11
651	2000	1
652	2000	0
653	2000	3
654	2000	0
655	2000	7
656	2000	3
657	2000	1
658	2000	0
659	2000	9
660	2000	0
661	2000	0
662	2000	0
663	2000	0
664	2000	8
665	2000	19
666	2000	18
667	2000	10
668	2000	23
669	2000	2
670	2000	5
671	2000	0
672	2000	6
673	2000	9
674	2000	16
675	2000	9
676	2000	0
677	2000	0
678	2000	1
679	2000	8
680	2000	0
681	2000	25
682	2000	16
683	2000	0
684	2000	8
685	2000	2
686	2000	9
687	2000	13
688	2000	0
689	2000	0
690	2000	0
691	2000	11
692	2000	1
693	2000	2
694	2000	0
695	2000	0
696	2000	4
697	2000	0
698	2000	5
699	2000	0
700	2000	0
701	2000	0
702	2000	1
703	2000	0
704	2000	22
705	2000	5
706	2000	5
707	2000	2
708	2000	1
709	2000	0
710	2000	0
711	2000	7
712	2000	0
713	2000	3
714	2000	0
715	2000	2
716	2000	0
717	2000	0
718	2000	1
719	2000	0
720	2000	2
721	2000	12
722	2000	12
723	2000	0
724	2000	7
725	2000	5
726	2000	9
727	2000	31
728	2000	10
729	2000	12
730	2000	54
731	2000	1
732	2000	6
733	2000	9
734	2000	11
735	2000	13
736	2000	14
737	2000	10
738	2000	9
739	2000	18
740	2000	0
741	2000	0
742	2000	0
743	2000	0
744	2000	0
745	2000	0
746	2000	20
747	2000	26
748	2000	0
749	2000	3
750	2000	1
751	2000	5
752	2000	0
753	2000	6
754	2000	1
755	2000	8
756	2000	15
757	2000	0
758	2000	2
759	2000	1
760	2000	12
761	2000	29
762	2000	3
763	2000	0
764	2000	0
765	2000	0
766	2000	9
767	2000	6
768	2000	0
769	2000	4
770	2000	0
771	2000	19
772	2000	40
773	2000	27
774	2000	5
775	2000	13
776	2000	9
777	2000	3
778	2000	2
779	2000	1
780	2000	3
781	2000	17
782	2000	1
783	2000	0
784	2000	2
785	2000	0
786	2000	0
787	2000	0
788	2000	9
789	2000	0
790	2000	0
791	2000	0
792	2000	0
793	2000	4
794	2000	0
795	2000	0
796	2000	0
797	2000	4
798	2000	11
799	2000	6
800	2000	0
801	2000	0
802	2000	342
803	2000	60
804	2000	7
805	2000	0
806	2000	2
807	2000	0
808	2000	0
809	2000	5
810	2000	0
811	2000	0
812	2000	0
813	2000	1
814	2000	12
815	2000	44
816	2000	18
817	2000	25
818	2000	0
819	2000	0
820	2000	12
821	2000	34
822	2000	4
823	2000	1
824	2000	0
825	2000	0
826	2000	0
827	2000	0
828	2000	9
829	2000	7
830	2000	0
831	2000	2
832	2000	4
833	2000	18
834	2000	13
835	2000	1
836	2000	0
837	2000	0
838	2000	10
839	2000	35
840	2000	23
841	2000	1
842	2000	0
843	2000	0
844	2000	0
845	2000	0
846	2000	6
847	2000	9
848	2000	0
849	2000	0
850	2000	0
851	2000	0
852	2000	0
853	2000	0
854	2000	1
855	2000	0
856	2000	20
857	2000	1
858	2000	2
859	2000	5
860	2000	0
861	2000	0
862	2000	0
863	2000	0
864	2000	0
865	2000	0
866	2000	3
867	2000	0
868	2000	14
869	2000	0
870	2000	1
871	2000	0
872	2000	0
873	2000	0
874	2000	1
875	2000	37
876	2000	30
877	2000	5
878	2000	1
879	2000	5
880	2000	5
881	2000	0
882	2000	1
883	2000	1
884	2000	0
885	2000	8
886	2000	16
887	2000	3
888	2000	2
889	2000	19
890	2000	9
891	2000	0
892	2000	4
893	2000	10
894	2000	1
895	2000	12
896	2000	0
897	2000	0
898	2000	31
899	2000	2
900	2000	0
901	2000	2
902	2000	10
903	2000	0
904	2000	0
905	2000	4
906	2000	0
907	2000	3
908	2000	0
909	2000	0
910	2000	0
911	2000	0
912	2000	7
913	2000	4
914	2000	0
915	2000	14
916	2000	1
917	2000	0
918	2000	0
919	2000	7
920	2000	4
921	2000	2
922	2000	8
923	2000	1
924	2000	0
925	2000	0
926	2000	0
927	2000	12
928	2000	24
929	2000	15
930	2000	6
931	2000	12
932	2000	31
933	2000	12
934	2000	8
935	2000	0
936	2000	0
937	2000	0
938	2000	11
939	2000	5
940	2000	0
941	2000	0
942	2000	3
943	2000	2
944	2000	0
945	2000	0
946	2000	16
947	2000	26
948	2000	3
949	2000	0
950	2000	11
951	2000	4
952	2000	0
953	2000	0
954	2000	3
955	2000	3
956	2000	0
957	2000	3
958	2000	7
959	2000	0
960	2000	0
961	2000	0
962	2000	0
963	2000	1
964	2000	9
965	2000	0
966	2000	0
967	2000	0
968	2000	4
969	2000	0
970	2000	2
971	2000	0
972	2000	0
973	2000	0
974	2000	1
975	2000	1
976	2000	5
977	2000	0
978	2000	0
979	2000	0
980	2000	0
981	2000	0
982	2000	5
983	2000	6
984	2000	0
985	2000	0
986	2000	3
987	2000	0
988	2000	0
989	2000	0
990	2000	0
991	2000	0
992	2000	0
993	2000	0
994	2000	0
995	2000	1
996	2000	2
997	2000	19
998	2000	8
999	2000	0
