0	2000	0
1	2000	60
2	2000	13
3	2000	11
4	2000	24
5	2000	16
6	2000	16
7	2000	0
8	2000	0
9	2000	34
10	2000	50
11	2000	17
12	2000	0
13	2000	26
14	2000	44
15	2000	21
16	2000	62
17	2000	77
18	2000	14
19	2000	0
20	2000	21
21	2000	66
22	2000	0
23	2000	1
24	2000	4
25	2000	0
26	2000	1
27	2000	43
28	2000	0
29	2000	12
30	2000	15
31	2000	6
32	2000	30
33	2000	16
34	2000	3
35	2000	0
36	2000	26
37	2000	8
38	2000	6
39	2000	13
40	2000	5
41	2000	19
42	2000	27
43	2000	48
44	2000	10
45	2000	1
46	2000	39
47	2000	26
48	2000	42
49	2000	29
50	2000	37
51	2000	34
52	2000	21
53	2000	0
54	2000	0
55	2000	0
56	2000	16
57	2000	50
58	2000	30
59	2000	38
60	2000	42
61	2000	6
62	2000	0
63	2000	10
64	2000	63
65	2000	17
66	2000	17
67	2000	19
68	2000	23
69	2000	21
70	2000	17
71	2000	25
72	2000	56
73	2000	34
74	2000	50
75	2000	5
76	2000	0
77	2000	14
78	2000	1
79	2000	0
80	2000	7
81	2000	19
82	2000	66
83	2000	61
84	2000	27
85	2000	32
86	2000	22
87	2000	15
88	2000	36
89	2000	32
90	2000	19
91	2000	32
92	2000	29
93	2000	42
94	2000	55
95	2000	38
96	2000	33
97	2000	7
98	2000	58
99	2000	28
100	2000	20
101	2000	22
102	2000	0
103	2000	14
104	2000	37
105	2000	9
106	2000	31
107	2000	54
108	2000	0
109	2000	31
110	2000	68
111	2000	64
112	2000	7
113	2000	28
114	2000	31
115	2000	1
116	2000	14
117	2000	12
118	2000	3
119	2000	17
120	2000	28
121	2000	2
122	2000	0
123	2000	6
124	2000	0
125	2000	14
126	2000	57
127	2000	78
128	2000	77
129	2000	31
130	2000	46
131	2000	36
132	2000	60
133	2000	1
134	2000	0
135	2000	0
136	2000	3
137	2000	18
138	2000	18
139	2000	1
140	2000	0
141	2000	1
142	2000	24
143	2000	23
144	2000	25
145	2000	64
146	2000	39
147	2000	17
148	2000	26
149	2000	29
150	2000	36
151	2000	49
152	2000	7
153	2000	13
154	2000	20
155	2000	0
156	2000	3
157	2000	6
158	2000	21
159	2000	15
160	2000	1
161	2000	12
162	2000	16
163	2000	4
164	2000	8
165	2000	78
166	2000	36
167	2000	0
168	2000	22
169	2000	31
170	2000	10
171	2000	16
172	2000	19
173	2000	12
174	2000	42
175	2000	26
176	2000	0
177	2000	15
178	2000	44
179	2000	10
180	2000	0
181	2000	0
182	2000	58
183	2000	18
184	2000	32
185	2000	42
186	2000	38
187	2000	36
188	2000	0
189	2000	8
190	2000	29
191	2000	0
192	2000	0
193	2000	0
194	2000	1
195	2000	52
196	2000	89
197	2000	71
198	2000	26
199	2000	5
200	2000	0
201	2000	0
202	2000	570
203	2000	49
204	2000	9
205	2000	69
206	2000	44
207	2000	56
208	2000	24
209	2000	30
210	2000	54
211	2000	50
212	2000	44
213	2000	75
214	2000	22
215	2000	0
216	2000	0
217	2000	0
218	2000	0
219	2000	5
220	2000	45
221	2000	70
222	2000	10
223	2000	16
224	2000	34
225	2000	61
226	2000	26
227	2000	10
228	2000	56
229	2000	60
230	2000	21
231	2000	19
232	2000	61
233	2000	53
234	2000	28
235	2000	39
236	2000	46
237	2000	36
238	2000	9
239	2000	6
240	2000	8
241	2000	57
242	2000	4
243	2000	1
244	2000	35
245	2000	35
246	2000	29
247	2000	24
248	2000	3
249	2000	3
250	2000	0
251	2000	15
252	2000	7
253	2000	0
254	2000	44
255	2000	8
256	2000	16
257	2000	55
258	2000	24
259	2000	24
260	2000	73
261	2000	38
262	2000	28
263	2000	20
264	2000	37
265	2000	30
266	2000	59
267	2000	25
268	2000	0
269	2000	0
270	2000	41
271	2000	26
272	2000	3
273	2000	1
274	2000	50
275	2000	8
276	2000	15
277	2000	55
278	2000	5
279	2000	7
280	2000	16
281	2000	33
282	2000	61
283	2000	33
284	2000	65
285	2000	49
286	2000	0
287	2000	0
288	2000	18
289	2000	63
290	2000	15
291	2000	10
292	2000	67
293	2000	23
294	2000	11
295	2000	13
296	2000	43
297	2000	64
298	2000	47
299	2000	35
300	2000	43
301	2000	45
302	2000	2
303	2000	8
304	2000	33
305	2000	72
306	2000	85
307	2000	68
308	2000	45
309	2000	0
310	2000	0
311	2000	0
312	2000	1
313	2000	0
314	2000	0
315	2000	0
316	2000	8
317	2000	25
318	2000	54
319	2000	22
320	2000	0
321	2000	0
322	2000	2
323	2000	0
324	2000	0
325	2000	0
326	2000	7
327	2000	0
328	2000	23
329	2000	0
330	2000	0
331	2000	16
332	2000	10
333	2000	0
334	2000	0
335	2000	0
336	2000	13
337	2000	11
338	2000	27
339	2000	40
340	2000	26
341	2000	1
342	2000	11
343	2000	0
344	2000	0
345	2000	0
346	2000	0
347	2000	7
348	2000	9
349	2000	4
350	2000	4
351	2000	1
352	2000	42
353	2000	10
354	2000	8
355	2000	16
356	2000	57
357	2000	53
358	2000	32
359	2000	21
360	2000	20
361	2000	2
362	2000	0
363	2000	0
364	2000	0
365	2000	4
366	2000	16
367	2000	12
368	2000	7
369	2000	0
370	2000	0
371	2000	0
372	2000	0
373	2000	11
374	2000	26
375	2000	0
376	2000	12
377	2000	75
378	2000	38
379	2000	0
380	2000	0
381	2000	15
382	2000	38
383	2000	27
384	2000	0
385	2000	0
386	2000	0
387	2000	0
388	2000	0
389	2000	0
390	2000	3
391	2000	0
392	2000	0
393	2000	4
394	2000	1
395	2000	0
396	2000	0
397	2000	0
398	2000	41
399	2000	63
400	2000	1
401	2000	0
402	2000	639
403	2000	147
404	2000	2
405	2000	35
406	2000	77
407	2000	56
408	2000	44
409	2000	8
410	2000	0
411	2000	5
412	2000	46
413	2000	72
414	2000	9
415	2000	0
416	2000	0
417	2000	10
418	2000	26
419	2000	13
420	2000	22
421	2000	16
422	2000	12
423	2000	34
424	2000	15
425	2000	20
426	2000	28
427	2000	6
428	2000	50
429	2000	35
430	2000	25
431	2000	26
432	2000	39
433	2000	24
434	2000	36
435	2000	32
436	2000	34
437	2000	52
438	2000	25
439	2000	67
440	2000	20
441	2000	1
442	2000	27
443	2000	42
444	2000	39
445	2000	30
446	2000	4
447	2000	0
448	2000	0
449	2000	0
450	2000	24
451	2000	34
452	2000	7
453	2000	14
454	2000	21
455	2000	3
456	2000	14
457	2000	13
458	2000	42
459	2000	15
460	2000	69
461	2000	45
462	2000	7
463	2000	48
464	2000	52
465	2000	23
466	2000	0
467	2000	9
468	2000	31
469	2000	18
470	2000	18
471	2000	0
472	2000	2
473	2000	22
474	2000	42
475	2000	10
476	2000	5
477	2000	0
478	2000	2
479	2000	7
480	2000	10
481	2000	37
482	2000	51
483	2000	27
484	2000	0
485	2000	0
486	2000	0
487	2000	14
488	2000	32
489	2000	10
490	2000	28
491	2000	36
492	2000	32
493	2000	0
494	2000	2
495	2000	0
496	2000	25
497	2000	0
498	2000	0
499	2000	0
500	2000	0
501	2000	0
502	2000	32
503	2000	13
504	2000	3
505	2000	11
506	2000	0
507	2000	26
508	2000	49
509	2000	41
510	2000	71
511	2000	34
512	2000	0
513	2000	0
514	2000	2
515	2000	2
516	2000	29
517	2000	2
518	2000	29
519	2000	24
520	2000	64
521	2000	15
522	2000	0
523	2000	8
524	2000	18
525	2000	8
526	2000	2
527	2000	28
528	2000	36
529	2000	28
530	2000	35
531	2000	13
532	2000	38
533	2000	2
534	2000	7
535	2000	0
536	2000	22
537	2000	1
538	2000	0
539	2000	1
540	2000	10
541	2000	37
542	2000	33
543	2000	21
544	2000	4
545	2000	10
546	2000	0
547	2000	0
548	2000	0
549	2000	2
550	2000	11
551	2000	5
552	2000	10
553	2000	31
554	2000	0
555	2000	21
556	2000	3
557	2000	4
558	2000	0
559	2000	3
560	2000	23
561	2000	29
562	2000	48
563	2000	7
564	2000	0
565	2000	11
566	2000	0
567	2000	2
568	2000	0
569	2000	0
570	2000	18
571	2000	12
572	2000	24
573	2000	44
574	2000	31
575	2000	6
576	2000	12
577	2000	19
578	2000	0
579	2000	0
580	2000	14
581	2000	2
582	2000	42
583	2000	42
584	2000	32
585	2000	27
586	2000	24
587	2000	61
588	2000	67
589	2000	43
590	2000	1
591	2000	0
592	2000	4
593	2000	3
594	2000	0
595	2000	49
596	2000	24
597	2000	16
598	2000	6
599	2000	0
600	2000	0
601	2000	0
602	2000	559
603	2000	43
604	2000	0
605	2000	30
606	2000	46
607	2000	17
608	2000	39
609	2000	33
610	2000	8
611	2000	23
612	2000	0
613	2000	0
614	2000	3
615	2000	14
616	2000	0
617	2000	0
618	2000	41
619	2000	5
620	2000	0
621	2000	50
622	2000	14
623	2000	6
624	2000	1
625	2000	15
626	2000	0
627	2000	5
628	2000	25
629	2000	40
630	2000	0
631	2000	30
632	2000	0
633	2000	6
634	2000	25
635	2000	46
636	2000	19
637	2000	0
638	2000	29
639	2000	17
640	2000	41
641	2000	49
642	2000	19
643	2000	42
644	2000	12
645	2000	34
646	2000	71
647	2000	58
648	2000	2
649	2000	11
650	2000	36
651	2000	40
652	2000	2
653	2000	9
654	2000	62
655	2000	67
656	2000	14
657	2000	0
658	2000	2
659	2000	0
660	2000	21
661	2000	40
662	2000	5
663	2000	0
664	2000	0
665	2000	3
666	2000	29
667	2000	49
668	2000	45
669	2000	50
670	2000	16
671	2000	33
672	2000	23
673	2000	1
674	2000	1
675	2000	21
676	2000	39
677	2000	49
678	2000	13
679	2000	0
680	2000	20
681	2000	0
682	2000	11
683	2000	13
684	2000	32
685	2000	18
686	2000	0
687	2000	4
688	2000	0
689	2000	7
690	2000	33
691	2000	42
692	2000	0
693	2000	12
694	2000	11
695	2000	35
696	2000	2
697	2000	0
698	2000	6
699	2000	3
700	2000	39
701	2000	0
702	2000	8
703	2000	0
704	2000	0
705	2000	49
706	2000	28
707	2000	0
708	2000	0
709	2000	0
710	2000	17
711	2000	7
712	2000	0
713	2000	2
714	2000	9
715	2000	6
716	2000	14
717	2000	17
718	2000	0
719	2000	5
720	2000	7
721	2000	28
722	2000	83
723	2000	67
724	2000	26
725	2000	11
726	2000	45
727	2000	26
728	2000	33
729	2000	0
730	2000	0
731	2000	1
732	2000	12
733	2000	69
734	2000	43
735	2000	34
736	2000	1
737	2000	0
738	2000	0
739	2000	0
740	2000	0
741	2000	0
742	2000	0
743	2000	13
744	2000	16
745	2000	5
746	2000	2
747	2000	0
748	2000	0
749	2000	0
750	2000	0
751	2000	28
752	2000	22
753	2000	1
754	2000	0
755	2000	0
756	2000	0
757	2000	0
758	2000	0
759	2000	2
760	2000	0
761	2000	15
762	2000	14
763	2000	2
764	2000	0
765	2000	0
766	2000	35
767	2000	53
768	2000	9
769	2000	2
770	2000	0
771	2000	0
772	2000	0
773	2000	72
774	2000	30
775	2000	0
776	2000	0
777	2000	11
778	2000	37
779	2000	128
780	2000	58
781	2000	7
782	2000	18
783	2000	6
784	2000	0
785	2000	0
786	2000	4
787	2000	0
788	2000	34
789	2000	56
790	2000	28
791	2000	0
792	2000	7
793	2000	23
794	2000	0
795	2000	0
796	2000	34
797	2000	40
798	2000	12
799	2000	0
800	2000	23
801	2000	5
802	2000	685
803	2000	204
804	2000	65
805	2000	34
806	2000	15
807	2000	54
808	2000	10
809	2000	13
810	2000	35
811	2000	14
812	2000	39
813	2000	33
814	2000	15
815	2000	37
816	2000	12
817	2000	5
818	2000	29
819	2000	6
820	2000	7
821	2000	25
822	2000	30
823	2000	27
824	2000	14
825	2000	0
826	2000	6
827	2000	17
828	2000	43
829	2000	19
830	2000	2
831	2000	0
832	2000	0
833	2000	9
834	2000	0
835	2000	20
836	2000	6
837	2000	6
838	2000	13
839	2000	0
840	2000	9
841	2000	39
842	2000	25
843	2000	17
844	2000	22
845	2000	20
846	2000	0
847	2000	23
848	2000	55
849	2000	83
850	2000	54
851	2000	15
852	2000	19
853	2000	6
854	2000	34
855	2000	40
856	2000	0
857	2000	8
858	2000	0
859	2000	0
860	2000	0
861	2000	0
862	2000	0
863	2000	0
864	2000	0
865	2000	14
866	2000	15
867	2000	60
868	2000	71
869	2000	28
870	2000	14
871	2000	23
872	2000	37
873	2000	25
874	2000	33
875	2000	2
876	2000	3
877	2000	30
878	2000	8
879	2000	0
880	2000	8
881	2000	35
882	2000	78
883	2000	20
884	2000	0
885	2000	0
886	2000	0
887	2000	5
888	2000	33
889	2000	27
890	2000	0
891	2000	0
892	2000	0
893	2000	18
894	2000	0
895	2000	28
896	2000	39
897	2000	57
898	2000	36
899	2000	0
900	2000	0
901	2000	0
902	2000	16
903	2000	10
904	2000	13
905	2000	1
906	2000	25
907	2000	17
908	2000	30
909	2000	39
910	2000	57
911	2000	26
912	2000	0
913	2000	73
914	2000	56
915	2000	31
916	2000	26
917	2000	14
918	2000	10
919	2000	0
920	2000	30
921	2000	19
922	2000	15
923	2000	20
924	2000	5
925	2000	2
926	2000	0
927	2000	0
928	2000	0
929	2000	2
930	2000	2
931	2000	3
932	2000	6
933	2000	0
934	2000	66
935	2000	48
936	2000	42
937	2000	17
938	2000	14
939	2000	34
940	2000	40
941	2000	3
942	2000	1
943	2000	1
944	2000	0
945	2000	1
946	2000	10
947	2000	3
948	2000	0
949	2000	0
950	2000	8
951	2000	33
952	2000	49
953	2000	0
954	2000	3
955	2000	15
956	2000	39
957	2000	33
958	2000	1
959	2000	1
960	2000	52
961	2000	75
962	2000	20
963	2000	1
964	2000	0
965	2000	29
966	2000	2
967	2000	12
968	2000	3
969	2000	0
970	2000	0
971	2000	0
972	2000	2
973	2000	4
974	2000	16
975	2000	35
976	2000	84
977	2000	32
978	2000	0
979	2000	14
980	2000	15
981	2000	1
982	2000	21
983	2000	7
984	2000	0
985	2000	40
986	2000	51
987	2000	0
988	2000	0
989	2000	0
990	2000	4
991	2000	0
992	2000	9
993	2000	6
994	2000	8
995	2000	9
996	2000	1
997	2000	25
998	2000	0
999	2000	28
