0	500	0
1	500	76
2	500	58
3	500	29
4	500	6
5	500	25
6	500	28
7	500	32
8	500	43
9	500	33
10	500	35
11	500	25
12	500	34
13	500	24
14	500	39
15	500	21
16	500	17
17	500	9
18	500	52
19	500	36
20	500	39
21	500	27
22	500	27
23	500	0
24	500	16
25	500	26
26	500	51
27	500	50
28	500	53
29	500	37
30	500	46
31	500	66
32	500	53
33	500	35
34	500	40
35	500	30
36	500	28
37	500	72
38	500	42
39	500	55
40	500	47
41	500	47
42	500	42
43	500	47
44	500	42
45	500	57
46	500	33
47	500	24
48	500	30
49	500	26
50	500	29
51	500	31
52	500	33
53	500	35
54	500	27
55	500	29
56	500	53
57	500	20
58	500	42
59	500	44
60	500	42
61	500	37
62	500	45
63	500	48
64	500	38
65	500	36
66	500	20
67	500	40
68	500	61
69	500	34
70	500	44
71	500	40
72	500	22
73	500	49
74	500	21
75	500	50
76	500	50
77	500	65
78	500	48
79	500	58
80	500	36
81	500	28
82	500	57
83	500	42
84	500	49
85	500	38
86	500	39
87	500	60
88	500	60
89	500	32
90	500	46
91	500	41
92	500	30
93	500	26
94	500	28
95	500	32
96	500	19
97	500	14
98	500	37
99	500	40
100	500	41
101	500	58
102	500	47
103	500	44
104	500	52
105	500	42
106	500	44
107	500	19
108	500	26
109	500	42
110	500	38
111	500	45
112	500	19
113	500	31
114	500	36
115	500	19
116	500	20
117	500	49
118	500	31
119	500	32
120	500	40
121	500	36
122	500	30
123	500	39
124	500	20
125	500	19
126	500	44
127	500	50
128	500	51
129	500	44
130	500	27
131	500	26
132	500	37
133	500	36
134	500	29
135	500	39
136	500	32
137	500	34
138	500	28
139	500	55
140	500	57
141	500	28
142	500	29
143	500	28
144	500	40
145	500	43
146	500	43
147	500	24
148	500	42
149	500	43
150	500	44
151	500	45
152	500	35
153	500	36
154	500	23
155	500	36
156	500	29
157	500	48
158	500	49
159	500	31
160	500	46
161	500	25
162	500	30
163	500	31
164	500	40
165	500	34
166	500	32
167	500	49
168	500	39
169	500	51
170	500	55
171	500	43
172	500	53
173	500	58
174	500	36
175	500	59
176	500	41
177	500	37
178	500	30
179	500	42
180	500	56
181	500	43
182	500	52
183	500	46
184	500	48
185	500	50
186	500	34
187	500	34
188	500	49
189	500	44
190	500	31
191	500	29
192	500	25
193	500	18
194	500	36
195	500	56
196	500	43
197	500	56
198	500	21
199	500	31
200	500	59
201	500	0
202	500	214
203	500	114
204	500	59
205	500	56
206	500	59
207	500	41
208	500	30
209	500	48
210	500	36
211	500	52
212	500	38
213	500	44
214	500	28
215	500	40
216	500	57
217	500	48
218	500	29
219	500	33
220	500	39
221	500	22
222	500	24
223	500	38
224	500	29
225	500	52
226	500	62
227	500	74
228	500	57
229	500	47
230	500	50
231	500	29
232	500	28
233	500	26
234	500	13
235	500	31
236	500	56
237	500	50
238	500	46
239	500	45
240	500	35
241	500	31
242	500	24
243	500	37
244	500	33
245	500	30
246	500	27
247	500	51
248	500	29
249	500	28
250	500	21
251	500	50
252	500	29
253	500	32
254	500	44
255	500	37
256	500	36
257	500	78
258	500	42
259	500	31
260	500	35
261	500	45
262	500	51
263	500	63
264	500	44
265	500	46
266	500	46
267	500	31
268	500	55
269	500	46
270	500	51
271	500	51
272	500	43
273	500	31
274	500	33
275	500	39
276	500	49
277	500	44
278	500	57
279	500	29
280	500	31
281	500	47
282	500	67
283	500	38
284	500	64
285	500	69
286	500	42
287	500	36
288	500	23
289	500	39
290	500	28
291	500	56
292	500	67
293	500	36
294	500	52
295	500	55
296	500	21
297	500	30
298	500	29
299	500	37
300	500	49
301	500	32
302	500	37
303	500	42
304	500	62
305	500	34
306	500	38
307	500	38
308	500	42
309	500	47
310	500	64
311	500	50
312	500	30
313	500	40
314	500	55
315	500	47
316	500	40
317	500	30
318	500	52
319	500	35
320	500	30
321	500	20
322	500	33
323	500	27
324	500	60
325	500	65
326	500	41
327	500	32
328	500	44
329	500	35
330	500	29
331	500	42
332	500	39
333	500	47
334	500	53
335	500	54
336	500	20
337	500	31
338	500	22
339	500	22
340	500	43
341	500	34
342	500	33
343	500	33
344	500	37
345	500	21
346	500	43
347	500	49
348	500	57
349	500	59
350	500	59
351	500	40
352	500	43
353	500	22
354	500	34
355	500	37
356	500	41
357	500	18
358	500	31
359	500	35
360	500	49
361	500	34
362	500	17
363	500	23
364	500	31
365	500	24
366	500	31
367	500	42
368	500	49
369	500	67
370	500	47
371	500	47
372	500	43
373	500	29
374	500	49
375	500	48
376	500	32
377	500	27
378	500	48
379	500	39
380	500	43
381	500	42
382	500	36
383	500	31
384	500	31
385	500	20
386	500	25
387	500	30
388	500	36
389	500	26
390	500	21
391	500	34
392	500	42
393	500	33
394	500	46
395	500	39
396	500	46
397	500	32
398	500	26
399	500	33
400	500	47
401	500	0
402	500	170
403	500	86
404	500	64
405	500	44
406	500	46
407	500	29
408	500	46
409	500	35
410	500	26
411	500	33
412	500	32
413	500	63
414	500	42
415	500	25
416	500	28
417	500	30
418	500	25
419	500	46
420	500	53
421	500	42
422	500	44
423	500	27
424	500	28
425	500	36
426	500	31
427	500	39
428	500	51
429	500	69
430	500	57
431	500	72
432	500	42
433	500	47
434	500	34
435	500	40
436	500	30
437	500	31
438	500	46
439	500	40
440	500	30
441	500	13
442	500	15
443	500	18
444	500	26
445	500	33
446	500	12
447	500	17
448	500	31
449	500	42
450	500	43
451	500	37
452	500	48
453	500	32
454	500	52
455	500	51
456	500	28
457	500	45
458	500	56
459	500	46
460	500	32
461	500	34
462	500	47
463	500	20
464	500	37
465	500	27
466	500	47
467	500	53
468	500	21
469	500	25
470	500	37
471	500	28
472	500	37
473	500	48
474	500	36
475	500	20
476	500	22
477	500	9
478	500	27
479	500	22
480	500	28
481	500	33
482	500	22
483	500	18
484	500	48
485	500	30
486	500	25
487	500	33
488	500	25
489	500	35
490	500	17
491	500	43
492	500	44
493	500	26
494	500	21
495	500	35
496	500	38
497	500	40
498	500	53
499	500	35
500	500	42
501	500	36
502	500	39
503	500	43
504	500	41
505	500	22
506	500	14
507	500	32
508	500	33
509	500	47
510	500	30
511	500	23
512	500	23
513	500	24
514	500	25
515	500	37
516	500	26
517	500	24
518	500	20
519	500	17
520	500	19
521	500	32
522	500	36
523	500	74
524	500	41
525	500	34
526	500	41
527	500	48
528	500	35
529	500	62
530	500	54
531	500	34
532	500	42
533	500	25
534	500	11
535	500	35
536	500	46
537	500	48
538	500	35
539	500	27
540	500	28
541	500	30
542	500	63
543	500	61
544	500	42
545	500	37
546	500	30
547	500	39
548	500	47
549	500	44
550	500	45
551	500	39
552	500	38
553	500	29
554	500	62
555	500	40
556	500	41
557	500	40
558	500	36
559	500	27
560	500	73
561	500	33
562	500	45
563	500	38
564	500	61
565	500	31
566	500	22
567	500	26
568	500	29
569	500	25
570	500	14
571	500	27
572	500	49
573	500	54
574	500	49
575	500	31
576	500	35
577	500	31
578	500	47
579	500	42
580	500	36
581	500	38
582	500	35
583	500	41
584	500	41
585	500	18
586	500	17
587	500	25
588	500	32
589	500	42
590	500	25
591	500	43
592	500	27
593	500	47
594	500	43
595	500	46
596	500	43
597	500	23
598	500	18
599	500	43
600	500	36
601	500	0
602	500	188
603	500	115
604	500	61
605	500	36
606	500	36
607	500	35
608	500	32
609	500	28
610	500	38
611	500	17
612	500	28
613	500	70
614	500	47
615	500	47
616	500	29
617	500	12
618	500	25
619	500	35
620	500	43
621	500	40
622	500	46
623	500	35
624	500	35
625	500	55
626	500	42
627	500	36
628	500	41
629	500	31
630	500	9
631	500	29
632	500	42
633	500	50
634	500	59
635	500	30
636	500	28
637	500	37
638	500	30
639	500	53
640	500	33
641	500	19
642	500	13
643	500	33
644	500	45
645	500	46
646	500	47
647	500	36
648	500	54
649	500	33
650	500	34
651	500	38
652	500	47
653	500	33
654	500	26
655	500	27
656	500	38
657	500	21
658	500	9
659	500	38
660	500	39
661	500	47
662	500	22
663	500	13
664	500	15
665	500	49
666	500	33
667	500	35
668	500	58
669	500	47
670	500	33
671	500	49
672	500	49
673	500	37
674	500	62
675	500	55
676	500	27
677	500	43
678	500	42
679	500	33
680	500	52
681	500	39
682	500	47
683	500	41
684	500	49
685	500	36
686	500	23
687	500	19
688	500	65
689	500	32
690	500	29
691	500	52
692	500	62
693	500	55
694	500	39
695	500	37
696	500	74
697	500	65
698	500	36
699	500	25
700	500	37
701	500	32
702	500	55
703	500	54
704	500	39
705	500	41
706	500	54
707	500	35
708	500	27
709	500	38
710	500	29
711	500	28
712	500	37
713	500	39
714	500	53
715	500	55
716	500	68
717	500	48
718	500	24
719	500	22
720	500	17
721	500	50
722	500	44
723	500	37
724	500	69
725	500	51
726	500	45
727	500	45
728	500	23
729	500	20
730	500	26
731	500	39
732	500	39
733	500	27
734	500	22
735	500	19
736	500	30
737	500	59
738	500	63
739	500	62
740	500	43
741	500	40
742	500	53
743	500	56
744	500	69
745	500	39
746	500	45
747	500	38
748	500	55
749	500	32
750	500	52
751	500	32
752	500	35
753	500	40
754	500	42
755	500	40
756	500	37
757	500	35
758	500	28
759	500	60
760	500	50
761	500	75
762	500	64
763	500	59
764	500	59
765	500	32
766	500	53
767	500	44
768	500	32
769	500	41
770	500	39
771	500	51
772	500	54
773	500	69
774	500	44
775	500	49
776	500	28
777	500	20
778	500	24
779	500	12
780	500	13
781	500	24
782	500	35
783	500	30
784	500	27
785	500	34
786	500	7
787	500	19
788	500	31
789	500	51
790	500	32
791	500	38
792	500	37
793	500	39
794	500	32
795	500	21
796	500	21
797	500	34
798	500	40
799	500	42
800	500	65
801	500	0
802	500	204
803	500	81
804	500	57
805	500	55
806	500	43
807	500	62
808	500	38
809	500	48
810	500	66
811	500	40
812	500	45
813	500	49
814	500	40
815	500	24
816	500	41
817	500	46
818	500	66
819	500	41
820	500	27
821	500	38
822	500	54
823	500	41
824	500	64
825	500	40
826	500	28
827	500	28
828	500	34
829	500	53
830	500	38
831	500	61
832	500	58
833	500	55
834	500	52
835	500	50
836	500	22
837	500	31
838	500	35
839	500	22
840	500	20
841	500	40
842	500	40
843	500	46
844	500	49
845	500	42
846	500	38
847	500	36
848	500	34
849	500	23
850	500	42
851	500	53
852	500	55
853	500	30
854	500	32
855	500	13
856	500	31
857	500	38
858	500	22
859	500	35
860	500	51
861	500	30
862	500	36
863	500	45
864	500	31
865	500	21
866	500	17
867	500	18
868	500	57
869	500	36
870	500	65
871	500	42
872	500	37
873	500	49
874	500	25
875	500	24
876	500	43
877	500	61
878	500	51
879	500	63
880	500	51
881	500	52
882	500	41
883	500	43
884	500	61
885	500	51
886	500	34
887	500	22
888	500	50
889	500	72
890	500	52
891	500	51
892	500	33
893	500	14
894	500	27
895	500	23
896	500	21
897	500	42
898	500	58
899	500	49
900	500	41
901	500	73
902	500	74
903	500	53
904	500	48
905	500	32
906	500	39
907	500	45
908	500	40
909	500	43
910	500	28
911	500	38
912	500	45
913	500	48
914	500	54
915	500	42
916	500	49
917	500	22
918	500	20
919	500	30
920	500	19
921	500	51
922	500	63
923	500	51
924	500	47
925	500	17
926	500	35
927	500	41
928	500	21
929	500	22
930	500	33
931	500	49
932	500	76
933	500	61
934	500	54
935	500	40
936	500	30
937	500	25
938	500	53
939	500	41
940	500	41
941	500	36
942	500	23
943	500	27
944	500	31
945	500	49
946	500	45
947	500	32
948	500	15
949	500	24
950	500	52
951	500	47
952	500	37
953	500	38
954	500	28
955	500	6
956	500	38
957	500	28
958	500	33
959	500	42
960	500	54
961	500	45
962	500	32
963	500	39
964	500	50
965	500	53
966	500	29
967	500	30
968	500	33
969	500	27
970	500	42
971	500	32
972	500	45
973	500	47
974	500	36
975	500	40
976	500	37
977	500	41
978	500	37
979	500	28
980	500	48
981	500	51
982	500	49
983	500	63
984	500	41
985	500	49
986	500	54
987	500	40
988	500	46
989	500	47
990	500	38
991	500	81
992	500	71
993	500	35
994	500	37
995	500	42
996	500	59
997	500	32
998	500	31
999	500	31
