0	2000	0
1	985	12
2	986	8
3	1018	14
4	1022	5
5	998	10
6	980	14
7	1005	13
8	1029	5
9	984	7
10	981	10
11	1005	12
12	1020	11
13	1003	7
14	971	5
15	970	3
16	996	21
17	993	14
18	1015	11
19	1000	13
20	1003	6
21	1021	5
22	995	7
23	1032	9
24	1012	5
25	974	10
26	1010	3
27	979	5
28	1045	13
29	1009	15
30	1026	6
31	1011	5
32	1001	13
33	1047	7
34	1008	6
35	1036	9
36	1025	6
37	991	4
38	1015	3
39	968	4
40	1004	3
41	982	2
42	1011	7
43	992	4
44	932	4
45	975	12
46	986	12
47	979	0
48	982	8
49	1003	8
50	987	1
51	1024	6
52	972	5
53	1026	3
54	1005	9
55	1030	8
56	1006	7
57	992	13
58	1016	8
59	977	3
60	1017	2
61	1003	7
62	1008	14
63	1036	8
64	1015	5
65	972	3
66	1033	7
67	991	9
68	996	6
69	995	10
70	995	7
71	998	5
72	1074	7
73	978	5
74	999	13
75	971	5
76	994	11
77	1000	11
78	1034	10
79	984	17
80	990	6
81	1025	4
82	1020	6
83	1026	3
84	1012	12
85	987	13
86	984	7
87	955	13
88	1008	7
89	1018	8
90	975	11
91	999	14
92	1009	15
93	1036	8
94	1022	15
95	984	13
96	1007	9
97	1000	6
98	1019	6
99	1003	10
100	981	0
101	992	0
102	1020	4
103	976	6
104	993	6
105	1009	12
106	1030	3
107	1005	9
108	1000	9
109	1009	13
110	999	8
111	1031	9
112	963	9
113	1022	9
114	995	9
115	1039	5
116	1024	7
117	998	1
118	994	7
119	976	9
120	998	5
121	1025	6
122	1097	4
123	1003	6
124	1003	1
125	989	5
126	1005	9
127	955	12
128	1021	18
129	1006	8
130	1007	7
131	1027	4
132	966	7
133	1022	3
134	1039	9
135	999	9
136	974	7
137	1040	4
138	985	6
139	1008	3
140	1010	10
141	996	4
142	985	8
143	991	7
144	992	10
145	976	4
146	994	2
147	1005	3
148	1021	3
149	979	12
150	1031	2
151	973	7
152	1048	3
153	985	12
154	1039	6
155	1001	5
156	1019	8
157	1001	6
158	966	9
159	997	13
160	969	5
161	959	11
162	976	8
163	1014	8
164	1003	8
165	1011	7
166	992	8
167	1009	16
168	983	9
169	979	6
170	1010	9
171	996	8
172	1001	7
173	1006	6
174	963	3
175	989	9
176	979	6
177	1021	9
178	973	3
179	1002	1
180	977	14
181	962	5
182	1020	6
183	965	9
184	1013	11
185	977	17
186	1000	5
187	1003	3
188	964	7
189	980	9
190	979	7
191	1019	11
192	1019	19
193	954	12
194	981	6
195	959	4
196	1009	11
197	1002	4
198	1003	8
199	1012	7
200	1010	1
201	982	8
202	1004	6
203	995	5
204	1023	2
205	1017	0
206	1011	2
207	1002	3
208	991	13
209	998	7
210	1076	6
211	1046	10
212	981	8
213	1015	3
214	1060	7
215	990	6
216	992	4
217	970	9
218	972	8
219	1013	8
220	1052	7
221	978	7
222	1019	9
223	983	6
224	976	7
225	994	10
226	975	12
227	997	14
228	1018	9
229	992	3
230	980	11
231	1042	13
232	1003	7
233	1034	9
234	998	1
235	990	2
236	987	1
237	1013	10
238	978	12
239	989	4
240	990	6
241	1024	3
242	1034	8
243	1004	9
244	989	10
245	1010	2
246	1016	2
247	1001	5
248	1002	7
249	1004	1
250	977	0
251	975	7
252	1020	5
253	1043	7
254	966	3
255	1023	15
256	985	9
257	1004	10
258	1004	3
259	1041	7
260	1004	3
261	994	12
262	1003	12
263	984	3
264	989	0
265	995	8
266	1028	11
267	992	17
268	976	9
269	938	7
270	951	5
271	999	2
272	1011	13
273	989	9
274	1003	7
275	954	4
276	963	1
277	992	10
278	1016	7
279	1010	6
280	1033	7
281	1026	4
282	1020	0
283	1014	0
284	1000	4
285	968	5
286	1009	4
287	1015	7
288	998	11
289	987	4
290	989	1
291	1002	11
292	1012	4
293	1006	2
294	1018	6
295	1051	11
296	996	11
297	1004	7
298	1014	14
299	979	14
300	978	0
301	984	3
302	975	9
303	999	10
304	981	3
305	998	2
306	1039	4
307	1011	0
308	999	0
309	1009	4
310	1008	9
311	996	3
312	1004	7
313	1008	4
314	1010	11
315	1015	13
316	1008	8
317	1023	7
318	1018	18
319	1033	13
320	1021	7
321	966	5
322	1030	2
323	1010	11
324	993	7
325	1019	7
326	996	21
327	998	7
328	998	12
329	1004	4
330	1042	8
331	968	7
332	983	8
333	983	11
334	1022	8
335	980	7
336	1004	8
337	1026	1
338	1030	6
339	985	11
340	1000	1
341	1002	6
342	966	6
343	1006	0
344	1004	9
345	1016	11
346	1003	10
347	991	16
348	1000	13
349	1018	11
350	996	9
351	1010	19
352	992	0
353	962	2
354	953	10
355	984	11
356	998	2
357	991	3
358	1008	11
359	1051	3
360	1011	5
361	993	7
362	999	7
363	1032	10
364	976	8
365	1013	5
366	997	2
367	1009	8
368	984	7
369	950	7
370	998	5
371	989	5
372	1009	7
373	1019	8
374	1021	6
375	1061	2
376	971	2
377	1017	0
378	1004	5
379	977	3
380	982	7
381	983	10
382	968	5
383	984	6
384	1035	4
385	1025	5
386	1005	5
387	995	10
388	990	10
389	1010	0
390	1040	8
391	1013	17
392	1002	12
393	988	3
394	968	0
395	991	0
396	977	4
397	1050	4
398	971	12
399	1026	17
400	1029	12
401	941	28
402	966	8
403	979	9
404	973	9
405	1037	3
406	967	8
407	1011	7
408	963	6
409	1024	0
410	1018	2
411	1028	6
412	994	10
413	956	15
414	995	8
415	1028	15
416	1040	7
417	972	8
418	1002	3
419	991	0
420	1003	11
421	1015	0
422	973	4
423	1035	3
424	1004	6
425	1009	0
426	1022	7
427	955	5
428	988	14
429	969	14
430	1027	8
431	970	2
432	1019	4
433	1037	8
434	1007	7
435	1012	18
436	952	14
437	1025	8
438	988	4
439	983	22
440	1022	2
441	995	4
442	1028	1
443	1025	4
444	1005	3
445	982	3
446	1036	0
447	1028	14
448	959	10
449	984	5
450	1000	0
451	984	2
452	1010	10
453	985	11
454	984	3
455	935	0
456	1007	2
457	1015	4
458	984	2
459	984	10
460	1012	5
461	996	3
462	1015	6
463	967	0
464	1043	0
465	1020	6
466	1008	2
467	1015	5
468	999	8
469	1012	7
470	989	8
471	987	13
472	1017	1
473	944	8
474	991	14
475	973	1
476	1007	0
477	994	3
478	1017	14
479	998	6
480	990	10
481	986	8
482	1024	4
483	1002	6
484	1003	3
485	986	15
486	1012	12
487	1069	9
488	1021	14
489	1032	9
490	1006	8
491	1003	8
492	1014	10
493	1000	5
494	980	3
495	1011	6
496	1029	7
497	1040	1
498	975	3
499	1001	9
500	989	0
501	1007	7
502	1000	9
503	988	14
504	970	19
505	1032	11
506	974	3
507	1021	6
508	1013	3
509	980	6
510	1048	5
511	979	3
512	1023	0
513	1014	6
514	984	3
515	975	7
516	971	5
517	946	14
518	1008	8
519	966	3
520	964	0
521	1031	1
522	1015	5
523	974	1
524	968	4
525	1003	5
526	987	4
527	993	16
528	999	5
529	1004	2
530	991	1
531	983	8
532	1012	3
533	1006	0
534	997	2
535	1038	0
536	1002	3
537	1032	4
538	984	0
539	1007	0
540	1013	8
541	1018	10
542	1031	17
543	1030	3
544	1019	3
545	961	11
546	1003	8
547	1012	9
548	996	7
549	958	3
550	1023	3
551	1023	23
552	1001	0
553	994	4
554	1012	3
555	944	15
556	1026	7
557	1003	12
558	998	0
559	990	3
560	993	9
561	1011	4
562	1001	14
563	1018	5
564	983	0
565	986	9
566	1041	4
567	986	4
568	990	1
569	982	4
570	1043	2
571	1016	6
572	984	3
573	1000	9
574	969	1
575	984	6
576	1002	5
577	1007	6
578	980	4
579	1017	4
580	999	4
581	976	2
582	1016	4
583	1016	9
584	988	10
585	1005	14
586	985	3
587	1015	13
588	1032	12
589	974	12
590	973	8
591	977	6
592	1013	7
593	1000	8
594	992	5
595	987	0
596	1026	15
597	996	9
598	1008	8
599	997	2
600	1018	0
601	999	5
602	1010	3
603	981	0
604	1020	7
605	989	13
606	1002	2
607	1006	4
608	1018	3
609	1009	0
610	1038	2
611	1000	3
612	978	4
613	964	10
614	956	11
615	979	16
616	978	4
617	994	5
618	1016	9
619	956	5
620	1002	2
621	965	5
622	1004	2
623	984	0
624	983	0
625	1012	10
626	1002	2
627	987	5
628	959	1
629	994	0
630	1009	10
631	992	8
632	1059	5
633	959	20
634	985	0
635	1044	5
636	1030	6
637	1011	2
638	1013	7
639	1002	8
640	1011	11
641	970	13
642	1000	4
643	982	0
644	999	1
645	1030	4
646	980	0
647	1003	4
648	944	18
649	970	4
650	995	0
651	1003	0
652	1010	7
653	1016	0
654	1001	13
655	973	16
656	970	4
657	1008	4
658	993	2
659	995	0
660	961	2
661	1002	8
662	1002	4
663	997	9
664	965	7
665	982	2
666	986	8
667	986	0
668	992	1
669	1013	2
670	999	4
671	973	15
672	978	1
673	930	6
674	953	7
675	1029	0
676	992	0
677	977	7
678	998	9
679	989	11
680	1043	0
681	1064	0
682	1038	1
683	996	1
684	997	9
685	1023	0
686	989	0
687	996	9
688	952	0
689	1030	2
690	971	15
691	998	0
692	1019	0
693	1025	2
694	970	6
695	980	7
696	1001	9
697	997	2
698	984	12
699	997	10
700	949	11
701	985	23
702	1011	0
703	1005	10
704	990	13
705	990	13
706	1011	13
707	991	2
708	992	11
709	986	1
710	1009	0
711	1023	7
712	1026	6
713	1001	0
714	1010	0
715	970	7
716	971	10
717	993	6
718	928	6
719	1000	3
720	1016	1
721	1010	1
722	1004	9
723	1008	13
724	971	1
725	975	9
726	995	11
727	985	3
728	978	5
729	965	7
730	1005	4
731	982	15
732	969	1
733	1015	7
734	978	0
735	997	0
736	971	0
737	942	6
738	1025	0
739	968	0
740	998	1
741	1025	2
742	999	9
743	950	0
744	1045	5
745	1006	14
746	1013	3
747	1024	14
748	983	8
749	967	5
750	1014	0
751	980	1
752	995	4
753	968	7
754	1012	0
755	1020	4
756	987	6
757	1025	6
758	965	20
759	992	0
760	1022	2
761	1010	6
762	999	10
763	1028	0
764	1007	0
765	1029	0
766	1022	0
767	1011	0
768	988	12
769	987	3
770	998	4
771	990	5
772	941	11
773	985	15
774	994	3
775	1002	4
776	993	9
777	1024	10
778	999	0
779	986	2
780	1017	15
781	975	7
782	987	2
783	1011	0
784	964	1
785	1040	5
786	1025	6
787	975	10
788	985	17
789	993	9
790	994	12
791	1010	11
792	1015	4
793	971	12
794	987	3
795	961	0
796	977	0
797	1002	6
798	1022	6
799	968	4
800	1002	0
801	950	7
802	1021	0
803	985	0
804	969	0
805	983	2
806	1012	7
807	995	0
808	1033	3
809	981	13
810	1026	15
811	1027	0
812	999	20
813	971	0
814	979	0
815	1024	23
816	1010	6
817	1012	0
818	980	0
819	998	3
820	990	1
821	1026	0
822	1035	0
823	1003	0
824	1005	0
825	993	1
826	1012	0
827	961	1
828	983	14
829	976	8
830	958	13
831	968	2
832	961	0
833	975	9
834	1038	6
835	1012	4
836	971	2
837	962	2
838	973	3
839	1024	1
840	978	6
841	1022	3
842	1001	5
843	985	1
844	983	0
845	979	7
846	1000	0
847	1003	0
848	972	0
849	999	6
850	1025	1
851	969	0
852	1006	13
853	968	10
854	991	0
855	1013	0
856	962	8
857	1043	0
858	1010	19
859	1021	4
860	1038	15
861	1016	15
862	1001	2
863	962	0
864	985	5
865	1008	9
866	1013	0
867	1050	0
868	1016	3
869	949	6
870	988	9
871	954	14
872	1024	7
873	1022	17
874	996	18
875	992	10
876	1018	4
877	1015	0
878	988	0
879	988	0
880	1001	10
881	994	16
882	1037	0
883	1023	7
884	1005	3
885	1006	0
886	1014	0
887	1026	3
888	989	0
889	995	4
890	989	2
891	1019	0
892	998	12
893	994	2
894	1040	0
895	1007	3
896	1006	0
897	980	0
898	1052	1
899	990	2
900	1014	0
901	1003	11
902	966	8
903	1020	2
904	992	11
905	1009	0
906	1014	1
907	997	11
908	963	14
909	969	0
910	1027	0
911	995	0
912	987	3
913	1006	0
914	969	0
915	1015	1
916	1015	4
917	1000	18
918	1000	12
919	1000	5
920	978	0
921	986	4
922	995	4
923	978	2
924	1013	2
925	1002	0
926	989	0
927	1008	2
928	1012	2
929	1000	4
930	1007	1
931	1060	0
932	1004	10
933	1001	0
934	989	1
935	1007	14
936	986	2
937	972	0
938	1008	0
939	991	0
940	1003	15
941	1029	2
942	999	0
943	1015	0
944	1037	0
945	992	11
946	1009	15
947	995	3
948	1000	0
949	1021	4
950	1014	0
951	997	2
952	1030	6
953	994	4
954	960	0
955	1015	5
956	981	0
957	1000	0
958	1020	0
959	1041	2
960	1001	11
961	972	2
962	991	0
963	970	19
964	992	9
965	1010	0
966	992	0
967	1026	0
968	984	0
969	1008	3
970	1028	0
971	1013	0
972	1004	2
973	986	19
974	966	0
975	989	2
976	1018	7
977	998	4
978	1004	2
979	974	1
980	1037	2
981	995	12
982	997	3
983	1008	10
984	999	0
985	1031	0
986	996	1
987	1015	0
988	979	0
989	1005	1
990	1045	1
991	999	0
992	1006	9
993	1012	6
994	1026	0
995	962	0
996	970	3
997	995	3
998	984	5
999	1026	0
