0	2000	0
1	983	8
2	990	3
3	1019	11
4	1024	3
5	998	6
6	977	7
7	1008	6
8	1026	2
9	986	1
10	981	6
11	1007	8
12	1019	8
13	1001	3
14	970	4
15	968	1
16	1000	17
17	992	9
18	1018	8
19	1000	9
20	1003	4
21	1018	2
22	996	6
23	1032	7
24	1013	0
25	972	8
26	1012	1
27	980	2
28	1045	9
29	1008	10
30	1029	3
31	1011	3
32	1002	10
33	1047	5
34	1006	2
35	1036	5
36	1026	3
37	993	2
38	1014	0
39	969	1
40	1006	1
41	982	0
42	1010	6
43	991	3
44	932	0
45	975	8
46	989	9
47	979	0
48	981	5
49	1003	6
50	1002	3
51	981	0
52	970	3
53	1028	1
54	1003	3
55	1029	5
56	1005	4
57	992	9
58	1017	5
59	978	2
60	1019	0
61	1005	3
62	1009	9
63	1037	5
64	1018	2
65	969	0
66	1033	1
67	992	6
68	998	4
69	996	3
70	993	1
71	994	1
72	1074	5
73	979	2
74	999	7
75	969	3
76	997	6
77	999	8
78	1033	9
79	984	11
80	989	5
81	1025	4
82	1020	6
83	1029	0
84	1010	6
85	988	12
86	985	6
87	955	9
88	1009	6
89	1018	6
90	973	5
91	1001	10
92	1009	13
93	1037	7
94	1021	12
95	981	8
96	1006	4
97	1000	4
98	1017	4
99	1002	9
100	989	7
101	1039	6
102	1021	5
103	975	3
104	992	5
105	1009	8
106	1029	2
107	1004	4
108	998	5
109	1010	8
110	1002	3
111	1030	4
112	963	5
113	1022	5
114	996	8
115	1039	3
116	1020	3
117	999	0
118	993	2
119	979	4
120	998	1
121	1025	0
122	1097	2
123	998	1
124	1002	0
125	988	2
126	1005	5
127	956	9
128	1022	17
129	1007	7
130	1004	2
131	1028	1
132	966	3
133	1025	0
134	1040	6
135	1001	5
136	974	5
137	1040	2
138	988	3
139	1006	1
140	1015	5
141	993	1
142	982	1
143	989	5
144	992	6
145	975	3
146	996	0
147	1008	0
148	1020	2
149	983	8
150	1004	7
151	1010	2
152	1051	0
153	985	6
154	1040	5
155	1003	3
156	1018	3
157	1001	2
158	964	5
159	995	7
160	968	4
161	962	8
162	976	6
163	1013	7
164	1002	3
165	1011	5
166	991	7
167	1005	8
168	984	4
169	982	3
170	1012	5
171	994	4
172	1002	4
173	1007	5
174	965	1
175	989	9
176	980	3
177	1021	7
178	971	1
179	1001	0
180	979	8
181	964	1
182	1020	2
183	964	6
184	1015	7
185	973	9
186	998	3
187	1002	2
188	966	1
189	982	7
190	979	5
191	1021	7
192	1019	13
193	955	11
194	981	6
195	960	3
196	1008	6
197	1002	2
198	1002	7
199	1013	4
200	998	9
201	974	18
202	1001	1
203	993	1
204	1023	2
205	1017	0
206	1010	1
207	1001	2
208	995	3
209	996	5
210	1077	5
211	1045	9
212	980	9
213	1012	0
214	1062	5
215	992	2
216	992	2
217	971	4
218	968	4
219	1015	4
220	1051	4
221	978	5
222	1019	5
223	986	1
224	977	4
225	993	3
226	977	6
227	994	7
228	1017	2
229	992	1
230	982	9
231	1042	9
232	1001	3
233	1033	6
234	997	0
235	992	0
236	987	1
237	1013	10
238	978	10
239	990	3
240	989	3
241	1023	0
242	1032	6
243	1004	7
244	988	3
245	1010	0
246	1017	1
247	1002	4
248	1002	7
249	1003	0
250	1018	0
251	976	3
252	1016	7
253	1043	3
254	967	2
255	1023	9
256	985	9
257	1002	6
258	1005	0
259	1040	2
260	1004	3
261	993	7
262	998	5
263	985	2
264	989	0
265	996	5
266	1029	10
267	991	12
268	976	9
269	939	2
270	951	3
271	999	0
272	1014	4
273	990	4
274	1003	7
275	954	6
276	963	1
277	992	6
278	1014	5
279	1010	6
280	1034	6
281	1026	0
282	1020	0
283	1014	0
284	1000	0
285	968	5
286	1009	4
287	1013	1
288	996	5
289	988	1
290	989	1
291	1007	4
292	1011	1
293	1007	1
294	1020	4
295	1050	6
296	997	8
297	1002	5
298	1014	8
299	974	5
300	1029	3
301	1017	4
302	976	4
303	1000	5
304	981	1
305	999	1
306	1038	3
307	1010	3
308	998	1
309	1009	4
310	1009	4
311	996	1
312	1002	5
313	1009	3
314	1011	4
315	1015	9
316	1008	6
317	1023	7
318	1019	17
319	1032	12
320	1021	7
321	966	1
322	1029	1
323	1009	6
324	993	7
325	1016	4
326	991	14
327	997	6
328	995	3
329	1005	5
330	1042	8
331	969	4
332	982	5
333	981	7
334	1022	8
335	980	9
336	1004	10
337	1026	1
338	1029	3
339	983	7
340	1000	1
341	1002	6
342	968	4
343	1006	0
344	1006	5
345	1013	4
346	1005	6
347	989	4
348	1000	11
349	1018	5
350	1028	2
351	1010	6
352	992	0
353	962	2
354	952	7
355	983	6
356	996	0
357	990	0
358	1005	4
359	1051	1
360	1011	1
361	995	5
362	998	4
363	1030	4
364	975	5
365	1011	3
366	997	2
367	1011	6
368	983	0
369	946	3
370	999	4
371	990	4
372	1007	1
373	1024	3
374	1023	2
375	1060	1
376	971	0
377	1017	0
378	1005	0
379	976	2
380	984	3
381	984	5
382	969	0
383	986	2
384	1035	4
385	1027	1
386	1007	1
387	996	5
388	987	7
389	1007	5
390	1043	5
391	1014	12
392	1002	12
393	989	0
394	968	0
395	991	0
396	978	7
397	1050	4
398	972	7
399	1029	12
400	995	1
401	1020	6
402	965	7
403	980	8
404	973	1
405	1036	0
406	966	3
407	1011	7
408	963	6
409	1024	0
410	1018	0
411	1026	4
412	994	10
413	959	10
414	995	4
415	1025	10
416	1040	7
417	973	5
418	1000	1
419	990	3
420	1002	8
421	1017	2
422	970	7
423	1034	2
424	1003	1
425	1009	2
426	1021	8
427	955	5
428	989	9
429	967	10
430	1028	7
431	970	2
432	1020	5
433	1038	7
434	1008	6
435	1011	9
436	953	7
437	1023	6
438	987	1
439	987	8
440	1021	1
441	995	4
442	1029	2
443	1025	6
444	1005	3
445	982	3
446	1036	0
447	1032	6
448	960	9
449	986	1
450	1004	4
451	956	6
452	1011	1
453	983	7
454	985	6
455	933	4
456	1008	1
457	1015	4
458	984	2
459	985	5
460	1010	1
461	997	2
462	1014	5
463	965	2
464	1041	4
465	1019	3
466	1007	1
467	1014	2
468	997	2
469	1012	7
470	989	4
471	984	6
472	1016	0
473	943	7
474	990	9
475	972	0
476	1007	0
477	993	2
478	1019	12
479	1000	4
480	990	6
481	986	0
482	1025	3
483	1004	6
484	1003	5
485	987	14
486	1016	6
487	1068	8
488	1022	13
489	1034	5
490	1005	1
491	1007	4
492	1015	11
493	999	8
494	980	3
495	1010	3
496	1028	2
497	1041	2
498	974	6
499	1000	10
500	990	5
501	1006	2
502	1000	5
503	988	8
504	971	14
505	1028	3
506	975	6
507	1023	4
508	1012	0
509	980	4
510	1048	7
511	979	3
512	1022	1
513	1014	4
514	983	0
515	976	8
516	973	7
517	946	12
518	1008	8
519	968	1
520	964	0
521	1031	3
522	1011	11
523	973	2
524	969	3
525	1006	0
526	987	4
527	996	5
528	1003	1
529	1003	3
530	990	6
531	985	10
532	1012	3
533	1005	1
534	997	4
535	1038	0
536	1005	2
537	1033	5
538	984	0
539	1007	0
540	1012	3
541	1017	5
542	1031	13
543	1028	5
544	1017	3
545	961	9
546	1003	10
547	1012	5
548	993	2
549	959	2
550	975	2
551	1011	2
552	1000	7
553	993	5
554	1011	8
555	943	12
556	1026	1
557	1002	5
558	999	3
559	991	4
560	992	6
561	1011	2
562	1002	7
563	1018	3
564	983	0
565	990	3
566	1040	1
567	985	3
568	989	2
569	982	2
570	1041	0
571	1017	5
572	983	6
573	1001	8
574	965	7
575	984	6
576	1002	5
577	1004	3
578	982	2
579	1019	4
580	999	4
581	977	3
582	1017	1
583	1017	6
584	988	10
585	1006	11
586	985	3
587	1020	6
588	1032	10
589	975	9
590	974	7
591	977	6
592	1013	3
593	998	6
594	991	6
595	987	0
596	1026	9
597	998	11
598	1008	6
599	999	2
600	1028	0
601	1004	0
602	1007	0
603	981	0
604	1018	7
605	990	10
606	1000	0
607	1006	4
608	1019	2
609	1009	0
610	1038	2
611	997	0
612	977	1
613	962	6
614	959	4
615	975	10
616	978	4
617	997	2
618	1015	6
619	956	9
620	1004	4
621	965	5
622	1004	2
623	984	0
624	985	2
625	1011	9
626	1002	2
627	986	2
628	960	2
629	994	0
630	1011	6
631	991	9
632	1059	5
633	959	6
634	985	0
635	1041	0
636	1025	1
637	1010	1
638	1011	3
639	1001	7
640	1010	6
641	968	7
642	1001	3
643	983	1
644	1000	0
645	1031	7
646	980	0
647	1003	2
648	945	13
649	969	7
650	987	6
651	1007	4
652	1011	4
653	1016	0
654	1004	10
655	973	8
656	971	3
657	1008	4
658	993	2
659	995	2
660	961	4
661	1002	8
662	1001	3
663	998	6
664	963	1
665	981	1
666	989	3
667	986	0
668	993	2
669	1014	1
670	999	4
671	975	9
672	978	1
673	930	6
674	954	6
675	1029	0
676	992	0
677	978	8
678	999	8
679	992	6
680	1043	0
681	1062	4
682	1041	6
683	996	1
684	997	5
685	1020	3
686	988	3
687	998	3
688	952	2
689	1028	6
690	968	4
691	998	0
692	1019	0
693	1022	7
694	971	7
695	984	3
696	1007	3
697	995	0
698	985	1
699	1000	5
700	989	3
701	995	11
702	1012	3
703	1004	9
704	989	12
705	987	0
706	1011	3
707	993	4
708	995	4
709	990	3
710	1011	4
711	1024	10
712	1026	6
713	999	2
714	1009	1
715	966	1
716	971	4
717	994	5
718	929	7
719	1002	7
720	1016	5
721	1010	1
722	1004	9
723	1008	13
724	970	4
725	978	4
726	992	6
727	984	4
728	978	5
729	965	7
730	1005	8
731	988	3
732	972	2
733	1014	4
734	979	3
735	997	0
736	970	1
737	942	2
738	1028	3
739	969	1
740	992	13
741	1025	6
742	995	5
743	951	1
744	1044	6
745	1006	12
746	1012	2
747	1021	3
748	983	2
749	967	7
750	992	7
751	991	5
752	999	0
753	966	5
754	1012	0
755	1020	4
756	986	5
757	1026	7
758	964	13
759	991	1
760	1022	2
761	1010	8
762	1001	8
763	1027	7
764	1003	8
765	1030	7
766	1020	4
767	1012	5
768	990	2
769	988	0
770	998	6
771	992	11
772	944	8
773	988	10
774	993	0
775	1002	0
776	992	4
777	1022	12
778	1000	1
779	986	6
780	1017	15
781	974	8
782	987	2
783	1011	2
784	965	2
785	1040	3
786	1026	5
787	974	11
788	986	18
789	994	6
790	994	12
791	1010	11
792	1016	1
793	972	9
794	984	0
795	963	6
796	978	3
797	1003	3
798	1021	1
799	967	7
800	1008	7
801	986	18
802	1021	0
803	985	0
804	969	0
805	979	8
806	1011	6
807	997	4
808	1031	7
809	979	7
810	1025	8
811	1026	1
812	1003	8
813	970	1
814	979	0
815	1027	12
816	1008	8
817	1010	2
818	980	2
819	998	3
820	987	4
821	1029	5
822	1036	1
823	1003	0
824	1005	0
825	993	1
826	1012	2
827	960	2
828	988	5
829	977	3
830	952	5
831	968	2
832	961	0
833	975	5
834	1039	3
835	1012	4
836	972	1
837	961	3
838	971	5
839	1023	4
840	979	7
841	1023	4
842	1002	4
843	983	3
844	981	4
845	980	6
846	1001	3
847	1003	0
848	970	4
849	1000	3
850	995	13
851	1034	3
852	1005	0
853	972	0
854	988	5
855	1013	4
856	960	0
857	1045	4
858	1012	9
859	1021	2
860	1038	11
861	1017	14
862	1000	1
863	961	5
864	985	5
865	1008	9
866	1011	2
867	1050	2
868	1017	2
869	949	4
870	991	6
871	955	5
872	1020	1
873	1023	6
874	992	6
875	989	1
876	1020	2
877	1016	1
878	988	6
879	991	3
880	1000	1
881	998	2
882	1037	6
883	1020	4
884	1005	3
885	1005	3
886	1015	1
887	1025	4
888	991	2
889	995	6
890	991	2
891	1019	0
892	998	2
893	994	0
894	1040	0
895	1007	3
896	1009	3
897	979	5
898	1048	11
899	990	2
900	1034	4
901	1036	4
902	965	5
903	1020	2
904	991	6
905	1008	1
906	1012	3
907	998	4
908	960	5
909	969	0
910	1028	1
911	995	0
912	989	1
913	1006	0
914	969	0
915	1015	1
916	1015	4
917	1005	9
918	997	7
919	998	3
920	979	1
921	986	4
922	995	4
923	978	2
924	1011	2
925	999	3
926	991	2
927	1008	8
928	1012	2
929	996	0
930	1005	5
931	1059	3
932	1005	5
933	1002	3
934	988	2
935	1002	7
936	984	2
937	972	0
938	1003	7
939	997	10
940	1003	15
941	1033	10
942	998	7
943	1018	3
944	1035	2
945	992	5
946	1009	7
947	997	7
948	1000	4
949	1021	6
950	1047	1
951	1005	4
952	1029	5
953	991	11
954	959	1
955	1016	2
956	982	1
957	1000	0
958	1021	3
959	1042	5
960	998	6
961	974	2
962	988	7
963	969	18
964	992	9
965	1010	4
966	992	8
967	1027	7
968	983	5
969	1008	5
970	1028	2
971	1014	1
972	1004	2
973	987	2
974	966	0
975	990	1
976	1019	2
977	998	0
978	1004	0
979	975	0
980	1039	0
981	995	8
982	999	3
983	1007	9
984	995	8
985	1029	4
986	996	1
987	1014	1
988	983	8
989	1008	4
990	1044	0
991	1000	1
992	1001	4
993	1011	5
994	1026	0
995	963	1
996	970	3
997	993	1
998	987	2
999	1026	0
