0	500	0
1	258	0
2	240	1
3	257	1
4	250	0
5	247	3
6	258	1
7	243	0
8	268	0
9	243	0
10	251	0
11	255	0
12	254	0
13	244	0
14	241	1
15	259	2
16	268	0
17	249	0
18	239	0
19	252	6
20	255	0
21	253	0
22	242	0
23	237	3
24	244	9
25	248	4
26	246	0
27	260	1
28	267	5
29	242	1
30	249	0
31	219	2
32	237	1
33	248	0
34	269	0
35	239	0
36	256	0
37	239	0
38	235	0
39	249	10
40	241	3
41	254	0
42	272	0
43	253	2
44	250	2
45	253	0
46	254	0
47	244	0
48	235	0
49	254	3
50	258	0
51	262	0
52	244	0
53	254	0
54	259	1
55	247	0
56	258	0
57	248	0
58	245	0
59	238	0
60	251	1
61	253	0
62	257	0
63	252	0
64	253	2
65	230	0
66	245	0
67	242	4
68	268	7
69	244	0
70	239	7
71	241	0
72	247	0
73	270	0
74	274	0
75	258	0
76	273	0
77	253	1
78	258	0
79	247	0
80	267	0
81	261	5
82	270	0
83	248	1
84	250	1
85	259	0
86	237	0
87	233	0
88	258	0
89	250	0
90	257	0
91	247	0
92	239	0
93	225	0
94	273	1
95	230	0
96	251	0
97	244	0
98	259	0
99	242	0
100	247	0
101	250	0
102	229	0
103	232	0
104	239	0
105	244	0
106	235	0
107	260	0
108	276	0
109	259	0
110	236	3
111	242	1
112	242	1
113	234	0
114	258	2
115	242	0
116	254	0
117	251	0
118	255	0
119	252	0
120	246	0
121	254	0
122	241	0
123	232	0
124	230	0
125	262	0
126	260	0
127	230	0
128	265	2
129	262	1
130	230	0
131	245	1
132	245	0
133	254	0
134	241	0
135	248	0
136	257	0
137	265	0
138	241	0
139	241	5
140	245	3
141	237	0
142	255	0
143	239	0
144	268	0
145	243	0
146	239	0
147	233	0
148	262	0
149	253	0
150	244	8
151	245	0
152	257	0
153	242	2
154	249	3
155	249	0
156	253	0
157	238	0
158	235	1
159	253	0
160	258	0
161	245	0
162	261	6
163	246	0
164	246	0
165	232	0
166	248	0
167	253	0
168	261	0
169	250	0
170	255	0
171	274	0
172	251	0
173	237	0
174	254	0
175	260	0
176	253	1
177	260	0
178	249	0
179	268	0
180	255	0
181	251	0
182	243	2
183	254	0
184	253	0
185	247	1
186	249	4
187	250	5
188	248	4
189	264	5
190	235	9
191	254	2
192	251	0
193	261	0
194	249	0
195	260	0
196	250	3
197	253	0
198	243	0
199	275	0
200	251	8
201	261	0
202	223	0
203	262	0
204	264	1
205	264	0
206	248	3
207	263	0
208	247	1
209	242	0
210	242	0
211	266	0
212	246	0
213	250	0
214	256	5
215	221	1
216	251	0
217	260	0
218	255	4
219	250	4
220	240	2
221	247	0
222	246	0
223	239	0
224	234	1
225	241	2
226	253	0
227	227	0
228	245	2
229	241	0
230	244	0
231	237	0
232	237	0
233	247	0
234	245	0
235	235	0
236	254	0
237	239	0
238	252	0
239	253	0
240	235	0
241	250	0
242	229	0
243	240	6
244	239	0
245	251	4
246	248	0
247	243	1
248	241	0
249	249	0
250	249	18
251	238	0
252	258	0
253	229	0
254	258	1
255	267	0
256	264	0
257	273	1
258	262	1
259	247	0
260	257	0
261	237	0
262	256	0
263	245	0
264	256	2
265	253	6
266	247	0
267	255	0
268	240	0
269	235	0
270	245	0
271	254	0
272	248	0
273	266	0
274	234	0
275	249	0
276	256	0
277	267	2
278	254	2
279	257	0
280	260	0
281	246	0
282	241	1
283	256	0
284	263	6
285	242	8
286	254	1
287	254	3
288	241	0
289	251	0
290	242	0
291	260	0
292	254	0
293	225	0
294	248	5
295	248	0
296	270	2
297	264	0
298	249	0
299	270	0
300	252	0
301	246	0
302	249	0
303	240	0
304	257	0
305	261	0
306	257	0
307	240	0
308	265	0
309	272	0
310	245	0
311	250	0
312	242	2
313	253	0
314	275	0
315	256	0
316	244	0
317	253	0
318	244	0
319	260	1
320	260	0
321	248	0
322	238	0
323	252	0
324	257	0
325	241	0
326	253	1
327	249	0
328	232	0
329	262	0
330	240	2
331	238	3
332	256	0
333	267	0
334	241	0
335	277	0
336	241	0
337	268	3
338	249	0
339	248	0
340	239	2
341	221	9
342	249	2
343	242	0
344	251	0
345	265	0
346	267	0
347	251	0
348	232	1
349	242	0
350	263	0
351	239	0
352	234	0
353	234	0
354	248	0
355	250	0
356	245	0
357	248	0
358	236	3
359	241	3
360	242	1
361	252	0
362	262	0
363	237	0
364	244	0
365	253	0
366	261	1
367	236	0
368	252	0
369	239	0
370	269	0
371	258	0
372	268	0
373	248	2
374	250	0
375	261	0
376	251	0
377	244	2
378	244	0
379	248	0
380	246	0
381	272	2
382	241	6
383	246	4
384	268	4
385	245	3
386	251	0
387	238	0
388	256	2
389	244	0
390	217	4
391	253	0
392	244	1
393	233	0
394	253	0
395	268	1
396	251	0
397	235	0
398	253	0
399	253	0
400	270	0
401	249	0
402	228	0
403	242	0
404	257	0
405	237	0
406	256	0
407	237	0
408	249	0
409	245	0
410	266	0
411	255	0
412	261	0
413	250	0
414	258	0
415	283	0
416	251	1
417	256	0
418	239	0
419	249	0
420	260	0
421	260	0
422	232	0
423	248	2
424	236	0
425	254	0
426	235	0
427	250	2
428	233	1
429	258	0
430	259	0
431	233	0
432	240	0
433	249	0
434	280	0
435	241	0
436	253	2
437	258	0
438	231	0
439	255	0
440	266	0
441	259	0
442	233	0
443	228	1
444	242	1
445	244	0
446	241	0
447	255	0
448	241	0
449	243	0
450	257	4
451	245	0
452	247	0
453	249	1
454	256	0
455	247	0
456	252	1
457	250	0
458	252	0
459	247	0
460	259	0
461	233	1
462	233	0
463	238	0
464	242	0
465	263	1
466	253	0
467	252	8
468	251	0
469	274	0
470	268	0
471	238	0
472	250	3
473	256	3
474	248	0
475	253	0
476	254	0
477	254	0
478	256	0
479	253	0
480	261	0
481	252	0
482	257	5
483	242	0
484	273	3
485	250	0
486	246	0
487	258	5
488	237	2
489	260	0
490	263	0
491	251	12
492	240	0
493	252	0
494	268	0
495	253	0
496	262	0
497	269	0
498	257	1
499	256	0
500	249	17
501	272	0
502	245	0
503	262	7
504	264	2
505	237	0
506	243	0
507	246	0
508	227	2
509	257	0
510	260	0
511	246	0
512	256	0
513	254	0
514	258	0
515	226	0
516	232	0
517	250	3
518	244	3
519	237	9
520	242	1
521	265	0
522	273	0
523	255	0
524	252	8
525	251	5
526	240	1
527	248	0
528	276	0
529	233	0
530	254	0
531	235	0
532	247	0
533	237	0
534	242	3
535	242	0
536	256	5
537	241	0
538	265	0
539	279	0
540	255	0
541	264	0
542	248	1
543	253	0
544	221	0
545	248	0
546	267	0
547	248	0
548	246	0
549	248	6
550	255	14
551	238	0
552	256	0
553	242	0
554	265	0
555	271	0
556	228	0
557	262	0
558	248	1
559	238	3
560	241	5
561	254	2
562	250	5
563	252	0
564	254	0
565	240	0
566	261	0
567	253	0
568	248	0
569	236	0
570	243	0
571	257	1
572	246	0
573	256	1
574	262	0
575	237	8
576	255	11
577	262	0
578	271	0
579	242	0
580	246	0
581	257	5
582	233	0
583	249	4
584	224	1
585	273	0
586	250	0
587	233	0
588	242	0
589	251	1
590	248	0
591	250	0
592	231	0
593	258	0
594	226	0
595	245	0
596	238	1
597	236	0
598	257	0
599	245	0
600	255	30
601	230	0
602	245	0
603	256	9
604	247	0
605	247	0
606	256	2
607	250	8
608	235	1
609	240	0
610	252	0
611	273	0
612	257	0
613	250	0
614	264	0
615	241	0
616	249	0
617	246	2
618	256	1
619	256	0
620	256	10
621	236	7
622	241	9
623	252	1
624	246	0
625	247	0
626	244	0
627	252	0
628	235	2
629	258	0
630	238	0
631	254	0
632	256	0
633	246	0
634	252	0
635	247	0
636	234	0
637	245	9
638	251	0
639	267	0
640	271	0
641	258	0
642	252	0
643	256	0
644	243	4
645	258	0
646	247	0
647	245	4
648	269	0
649	246	0
650	256	13
651	256	0
652	260	1
653	235	0
654	244	0
655	263	0
656	239	0
657	257	3
658	257	2
659	250	0
660	247	0
661	232	0
662	237	0
663	228	0
664	254	0
665	239	0
666	242	5
667	248	0
668	265	0
669	252	0
670	244	3
671	263	4
672	250	0
673	236	0
674	242	0
675	252	0
676	266	0
677	252	1
678	244	0
679	252	3
680	255	0
681	250	3
682	241	0
683	256	0
684	237	0
685	280	0
686	258	0
687	241	3
688	239	3
689	248	4
690	249	1
691	250	0
692	258	0
693	244	0
694	256	0
695	246	15
696	261	0
697	256	0
698	250	3
699	242	1
700	258	2
701	269	0
702	252	1
703	248	11
704	261	1
705	270	0
706	242	0
707	254	0
708	245	0
709	242	0
710	253	0
711	250	0
712	262	0
713	246	0
714	239	0
715	253	2
716	258	0
717	238	0
718	255	0
719	224	0
720	258	0
721	226	0
722	249	3
723	241	0
724	269	0
725	258	0
726	263	0
727	285	0
728	227	0
729	250	0
730	269	0
731	252	0
732	233	0
733	238	0
734	242	0
735	246	1
736	242	0
737	238	1
738	239	1
739	245	16
740	265	2
741	257	1
742	254	2
743	243	0
744	241	0
745	236	0
746	247	0
747	229	0
748	251	0
749	236	0
750	255	23
751	248	0
752	238	0
753	250	0
754	253	0
755	259	0
756	251	0
757	246	14
758	248	0
759	236	0
760	258	0
761	231	0
762	272	2
763	255	1
764	257	3
765	252	0
766	230	0
767	260	0
768	245	0
769	261	0
770	242	1
771	263	0
772	234	0
773	229	0
774	248	0
775	244	0
776	236	0
777	234	0
778	251	0
779	233	0
780	253	1
781	231	0
782	260	0
783	266	0
784	249	3
785	255	1
786	267	3
787	261	0
788	243	2
789	257	0
790	246	1
791	246	0
792	248	5
793	238	1
794	258	0
795	243	0
796	255	0
797	242	0
798	244	0
799	242	0
800	256	0
801	239	0
802	248	0
803	269	0
804	244	0
805	247	0
806	241	0
807	228	0
808	256	0
809	253	0
810	255	1
811	248	0
812	263	2
813	274	0
814	254	0
815	258	1
816	250	6
817	246	0
818	217	3
819	234	0
820	263	17
821	254	0
822	237	0
823	257	0
824	256	1
825	255	0
826	258	0
827	241	0
828	247	0
829	256	0
830	240	3
831	247	0
832	242	0
833	238	0
834	257	0
835	265	0
836	257	0
837	242	0
838	249	1
839	243	1
840	233	0
841	243	0
842	254	0
843	233	0
844	238	0
845	260	0
846	255	0
847	250	0
848	248	0
849	225	0
850	259	14
851	257	0
852	250	0
853	236	0
854	251	12
855	250	0
856	271	0
857	245	4
858	251	0
859	260	1
860	251	1
861	240	0
862	247	0
863	255	0
864	257	0
865	248	0
866	265	5
867	232	0
868	259	0
869	237	0
870	274	0
871	243	0
872	242	0
873	241	0
874	249	0
875	264	0
876	267	0
877	263	0
878	248	0
879	235	0
880	257	0
881	250	0
882	262	0
883	241	1
884	254	15
885	253	2
886	262	0
887	238	0
888	255	0
889	234	0
890	246	7
891	256	0
892	235	0
893	241	0
894	264	0
895	239	0
896	260	0
897	243	4
898	254	3
899	237	1
900	255	0
901	242	0
902	259	0
903	226	0
904	255	0
905	243	0
906	261	0
907	243	4
908	269	1
909	261	0
910	264	0
911	262	0
912	235	0
913	243	0
914	221	0
915	246	0
916	246	0
917	264	0
918	255	0
919	228	0
920	245	0
921	256	0
922	258	0
923	239	0
924	250	0
925	261	0
926	267	0
927	243	0
928	242	0
929	241	0
930	225	9
931	228	0
932	247	0
933	264	0
934	241	0
935	265	2
936	256	9
937	226	2
938	237	0
939	251	1
940	245	0
941	245	0
942	232	0
943	250	0
944	239	4
945	244	3
946	248	0
947	245	2
948	242	0
949	255	1
950	256	0
951	259	0
952	230	0
953	255	1
954	249	0
955	255	0
956	246	0
957	256	4
958	239	1
959	249	0
960	251	0
961	259	0
962	256	0
963	221	0
964	241	1
965	246	7
966	253	0
967	227	0
968	250	0
969	268	0
970	233	0
971	249	0
972	243	0
973	251	1
974	238	0
975	275	0
976	251	0
977	240	0
978	242	0
979	249	0
980	250	0
981	265	12
982	249	2
983	267	0
984	243	2
985	269	1
986	251	0
987	271	0
988	269	0
989	233	0
990	234	0
991	229	0
992	258	8
993	233	0
994	262	0
995	270	0
996	233	0
997	250	0
998	237	3
999	246	2
