0	2000	0
1	1015	5
2	1016	0
3	1041	0
4	1062	1
5	1014	3
6	1036	0
7	1060	0
8	1007	1
9	1022	0
10	1010	2
11	997	0
12	972	0
13	980	0
14	1006	0
15	971	2
16	1010	5
17	1021	0
18	977	2
19	1000	2
20	1013	0
21	987	0
22	1036	0
23	1002	0
24	1008	1
25	961	5
26	973	0
27	1005	0
28	980	0
29	992	0
30	995	0
31	993	0
32	984	0
33	1026	1
34	1013	1
35	1006	6
36	1018	0
37	965	0
38	1014	0
39	993	0
40	1013	0
41	1007	0
42	993	0
43	996	0
44	996	1
45	1027	0
46	1043	0
47	988	0
48	1024	0
49	1009	2
50	997	1
51	982	0
52	1032	0
53	1014	0
54	975	0
55	1017	6
56	1001	3
57	1034	0
58	1030	0
59	982	0
60	1005	0
61	1009	5
62	1005	0
63	987	0
64	997	2
65	1028	1
66	1015	0
67	998	1
68	990	0
69	972	0
70	994	0
71	1012	0
72	1023	0
73	980	8
74	1054	2
75	985	0
76	965	1
77	994	2
78	995	3
79	1003	0
80	1024	0
81	1000	0
82	1010	2
83	984	3
84	1025	0
85	1003	0
86	999	2
87	989	0
88	985	0
89	1024	0
90	1016	0
91	1009	0
92	1035	0
93	998	0
94	1017	0
95	1002	2
96	986	0
97	1038	0
98	1003	0
99	982	3
100	992	0
101	1009	1
102	1021	0
103	982	0
104	984	2
105	986	0
106	1017	1
107	993	3
108	980	0
109	991	0
110	1008	1
111	1010	0
112	1019	0
113	1024	0
114	1007	0
115	1004	0
116	1035	1
117	993	4
118	979	0
119	985	0
120	997	2
121	989	3
122	984	6
123	1011	1
124	1028	0
125	1005	0
126	1035	0
127	974	3
128	964	0
129	1002	1
130	1002	1
131	1019	0
132	1009	0
133	970	0
134	962	0
135	1040	0
136	1016	0
137	1017	0
138	1000	3
139	1023	2
140	985	2
141	1017	2
142	979	1
143	952	0
144	993	0
145	977	0
146	984	4
147	1028	5
148	971	2
149	1013	0
150	991	0
151	1014	0
152	981	0
153	1025	1
154	1022	0
155	1014	0
156	1009	1
157	1025	0
158	1030	0
159	1002	0
160	998	0
161	1003	1
162	954	0
163	963	2
164	993	0
165	1018	0
166	998	2
167	981	8
168	1026	2
169	999	1
170	994	3
171	1008	0
172	1022	0
173	976	3
174	1003	0
175	1022	1
176	1023	3
177	1006	0
178	985	0
179	1008	0
180	971	0
181	1011	1
182	994	2
183	1013	0
184	998	0
185	1000	0
186	973	0
187	1010	1
188	965	1
189	985	0
190	1031	0
191	998	2
192	989	2
193	1013	2
194	1019	0
195	989	0
196	951	2
197	1018	0
198	1026	0
199	997	2
200	982	1
201	979	1
202	1019	0
203	1031	1
204	977	0
205	979	0
206	974	0
207	1011	1
208	1020	0
209	1007	0
210	1007	3
211	1028	2
212	989	0
213	992	0
214	1032	0
215	1012	1
216	934	0
217	992	0
218	993	0
219	984	1
220	981	6
221	985	5
222	1019	4
223	982	0
224	991	0
225	1003	0
226	1023	2
227	974	9
228	972	1
229	999	1
230	1007	1
231	966	1
232	1027	0
233	972	0
234	959	1
235	1039	1
236	967	0
237	1030	0
238	974	0
239	949	0
240	990	0
241	991	0
242	1010	0
243	1005	4
244	1020	2
245	952	0
246	1003	0
247	982	0
248	1008	0
249	968	0
250	1015	0
251	1013	0
252	976	0
253	1001	0
254	999	3
255	1005	0
256	994	1
257	1024	0
258	1006	0
259	1002	5
260	1019	4
261	1019	5
262	988	2
263	1013	1
264	980	0
265	1000	0
266	1016	0
267	993	2
268	1042	0
269	968	0
270	1005	3
271	990	0
272	989	2
273	978	0
274	1032	0
275	1015	0
276	994	0
277	1027	0
278	1020	0
279	1008	3
280	982	4
281	1033	0
282	1021	1
283	1010	0
284	994	3
285	996	3
286	977	0
287	965	0
288	1010	0
289	1011	0
290	1028	1
291	988	0
292	1023	0
293	1023	0
294	1009	0
295	1055	0
296	994	0
297	992	0
298	977	0
299	1014	0
300	997	0
301	1012	0
302	973	2
303	968	0
304	1007	0
305	1016	0
306	1013	0
307	979	0
308	1001	0
309	961	0
310	1016	4
311	972	1
312	995	0
313	1028	3
314	1016	0
315	963	0
316	965	0
317	996	0
318	1007	0
319	1041	0
320	1004	1
321	967	0
322	1051	0
323	986	0
324	1021	0
325	1049	0
326	979	0
327	993	4
328	1014	0
329	1001	0
330	1006	0
331	963	0
332	985	2
333	1014	0
334	1006	1
335	1000	0
336	1005	1
337	1009	0
338	981	0
339	990	1
340	1003	0
341	999	0
342	1020	0
343	1015	0
344	1022	0
345	990	2
346	985	0
347	998	1
348	961	0
349	982	0
350	974	2
351	1017	2
352	983	1
353	1042	0
354	990	0
355	1034	0
356	1026	0
357	1001	0
358	993	4
359	1024	4
360	988	0
361	974	2
362	1003	3
363	1016	0
364	964	0
365	948	0
366	1010	0
367	993	0
368	963	0
369	1031	1
370	990	0
371	1037	0
372	1036	0
373	967	4
374	993	0
375	1009	0
376	1018	0
377	1042	0
378	1029	0
379	1001	0
380	1005	2
381	1018	0
382	1017	0
383	1013	5
384	970	1
385	1004	2
386	1035	0
387	1027	2
388	1016	1
389	1017	0
390	1031	0
391	969	0
392	1001	2
393	926	0
394	1002	2
395	1011	0
396	1021	0
397	998	2
398	989	1
399	971	1
400	956	2
401	1012	9
402	1005	0
403	1046	0
404	980	0
405	1047	0
406	989	0
407	998	3
408	990	2
409	994	4
410	984	0
411	992	0
412	940	0
413	1014	0
414	1036	0
415	1008	2
416	989	6
417	986	0
418	990	0
419	966	0
420	996	0
421	987	0
422	1004	0
423	990	0
424	1015	0
425	1034	0
426	1023	4
427	994	0
428	986	0
429	965	0
430	1065	0
431	1007	0
432	1007	0
433	992	0
434	991	0
435	1004	1
436	1005	0
437	995	0
438	1000	0
439	971	0
440	1016	3
441	988	7
442	1004	1
443	985	1
444	1019	2
445	1007	0
446	1042	0
447	981	4
448	982	3
449	974	0
450	1037	0
451	969	0
452	1010	1
453	1004	0
454	1017	1
455	973	2
456	1030	0
457	1022	0
458	991	0
459	990	5
460	978	3
461	981	0
462	1046	0
463	1026	0
464	955	2
465	1015	0
466	990	0
467	988	0
468	1001	0
469	1001	0
470	970	0
471	1035	0
472	1014	0
473	1006	0
474	1013	0
475	1043	0
476	1000	0
477	1004	1
478	1032	0
479	1037	0
480	1058	2
481	987	0
482	1037	0
483	1003	1
484	1002	0
485	1032	0
486	963	1
487	1028	4
488	1016	4
489	1016	0
490	1043	0
491	1003	0
492	994	0
493	996	0
494	1010	0
495	1030	0
496	1008	0
497	1011	0
498	995	0
499	973	0
500	966	0
501	991	0
502	1013	1
503	1000	0
504	1002	1
505	994	2
506	986	0
507	980	1
508	1018	3
509	1008	1
510	998	0
511	1027	2
512	1036	3
513	998	0
514	990	0
515	965	0
516	1017	0
517	1008	2
518	1001	0
519	966	0
520	995	1
521	1022	3
522	1035	0
523	983	0
524	1021	0
525	958	0
526	1019	0
527	994	1
528	1018	0
529	982	2
530	995	2
531	1033	0
532	1016	0
533	974	0
534	993	0
535	981	0
536	991	1
537	1043	1
538	997	2
539	1037	0
540	1016	0
541	1040	1
542	972	0
543	1002	1
544	1022	1
545	1011	1
546	994	3
547	978	0
548	1016	0
549	1021	1
550	1023	0
551	1032	2
552	979	0
553	1032	0
554	990	0
555	968	0
556	1031	1
557	988	7
558	991	3
559	1025	0
560	1025	2
561	954	0
562	971	0
563	1029	0
564	990	0
565	993	0
566	1030	0
567	1010	0
568	991	0
569	1000	2
570	1038	0
571	1033	0
572	1014	0
573	1024	0
574	1010	1
575	1024	0
576	979	0
577	989	0
578	1024	0
579	1027	1
580	1002	0
581	956	2
582	1028	1
583	1004	2
584	1025	1
585	971	0
586	1002	0
587	993	0
588	1002	0
589	1012	0
590	1010	5
591	969	7
592	975	2
593	969	0
594	1001	0
595	985	0
596	993	0
597	1014	0
598	1028	0
599	997	0
600	984	0
601	1027	0
602	1009	0
603	996	0
604	976	0
605	948	0
606	995	1
607	1019	1
608	1035	0
609	973	0
610	981	0
611	987	2
612	967	0
613	1049	0
614	1017	0
615	1004	0
616	1016	1
617	1005	2
618	1005	0
619	995	0
620	992	0
621	1039	0
622	973	0
623	989	0
624	1016	0
625	994	0
626	1003	1
627	992	0
628	1015	0
629	970	0
630	935	0
631	1016	1
632	1065	0
633	1014	1
634	988	1
635	1014	0
636	976	0
637	1003	0
638	978	0
639	1005	0
640	1009	0
641	1023	0
642	976	0
643	994	0
644	986	2
645	972	1
646	1035	0
647	1033	0
648	1030	0
649	978	1
650	1001	0
651	1016	3
652	1010	4
653	1014	3
654	1006	3
655	989	2
656	990	0
657	979	0
658	1000	0
659	1017	1
660	980	5
661	1018	0
662	972	0
663	1014	0
664	994	1
665	971	1
666	1018	3
667	997	0
668	987	3
669	1010	3
670	993	0
671	1053	0
672	1000	1
673	982	2
674	1049	2
675	953	6
676	991	6
677	1010	1
678	999	0
679	1011	0
680	1013	0
681	970	0
682	977	0
683	984	1
684	997	0
685	976	0
686	1017	1
687	1002	0
688	1011	0
689	1061	0
690	1033	0
691	1039	0
692	1020	1
693	952	2
694	1020	0
695	994	0
696	977	0
697	1001	0
698	964	0
699	1006	0
700	1018	5
701	967	0
702	975	1
703	1000	4
704	1037	0
705	993	0
706	972	0
707	988	0
708	1008	0
709	974	0
710	972	0
711	1000	1
712	978	5
713	987	4
714	996	0
715	1034	0
716	1001	2
717	1040	0
718	1017	0
719	1011	1
720	1022	3
721	986	0
722	980	0
723	979	0
724	989	0
725	970	0
726	978	1
727	956	0
728	993	0
729	1025	0
730	1003	2
731	991	0
732	1010	0
733	1014	0
734	1008	0
735	1009	0
736	985	0
737	995	1
738	1019	0
739	1006	0
740	989	0
741	998	0
742	1003	0
743	962	1
744	1020	0
745	1019	0
746	986	0
747	1009	0
748	1005	0
749	1006	1
750	1023	3
751	979	0
752	1008	0
753	994	0
754	1028	1
755	1025	0
756	1002	0
757	995	1
758	981	0
759	995	1
760	1009	2
761	1024	0
762	988	0
763	1008	0
764	1041	0
765	1021	5
766	1008	4
767	975	4
768	1017	1
769	1008	3
770	1027	2
771	998	5
772	1010	2
773	1029	1
774	985	0
775	983	0
776	992	0
777	982	4
778	988	5
779	1005	0
780	983	0
781	1016	0
782	1001	0
783	994	0
784	946	0
785	979	0
786	979	0
787	996	0
788	1003	0
789	1002	2
790	976	0
791	1009	0
792	990	3
793	1034	0
794	976	0
795	975	0
796	970	0
797	1000	0
798	971	1
799	1032	1
800	977	0
801	1020	14
802	997	0
803	1023	1
804	1007	0
805	1003	3
806	1010	0
807	1013	0
808	1000	1
809	982	0
810	1013	0
811	999	1
812	943	1
813	987	0
814	981	0
815	1006	0
816	996	0
817	1026	0
818	994	0
819	1035	0
820	1027	0
821	972	0
822	983	1
823	1000	2
824	997	2
825	1002	3
826	963	0
827	1002	1
828	994	0
829	1005	0
830	1006	0
831	961	0
832	1034	0
833	969	0
834	1048	0
835	1026	0
836	1010	4
837	1019	5
838	1013	7
839	996	1
840	964	0
841	993	0
842	1011	0
843	1008	1
844	998	1
845	968	0
846	987	0
847	1014	0
848	960	0
849	1045	0
850	976	0
851	1004	0
852	1009	0
853	1034	0
854	1028	0
855	985	2
856	1016	5
857	1063	0
858	969	0
859	993	0
860	1010	0
861	982	5
862	977	2
863	969	0
864	1012	0
865	1017	0
866	1016	0
867	1001	2
868	961	0
869	1008	0
870	975	4
871	1003	4
872	1041	1
873	1007	5
874	962	0
875	1074	0
876	1032	0
877	955	0
878	1034	0
879	1040	0
880	992	0
881	970	0
882	971	0
883	981	0
884	1015	1
885	1004	0
886	1004	0
887	1025	0
888	957	4
889	1005	6
890	1020	0
891	990	0
892	1022	3
893	998	3
894	1026	0
895	998	0
896	972	0
897	996	0
898	1048	0
899	976	1
900	1020	0
901	992	0
902	1006	0
903	993	0
904	1017	0
905	1015	1
906	997	3
907	1003	0
908	1024	0
909	1037	2
910	1026	0
911	1023	0
912	943	1
913	976	1
914	1033	0
915	952	0
916	1005	0
917	1001	2
918	990	3
919	994	0
920	994	0
921	938	1
922	977	3
923	961	0
924	1001	0
925	1028	0
926	965	0
927	968	0
928	960	0
929	1003	1
930	958	0
931	990	0
932	1020	0
933	1011	0
934	965	0
935	997	1
936	1011	0
937	1001	0
938	943	0
939	1016	0
940	1019	1
941	990	0
942	995	0
943	958	2
944	1017	0
945	992	0
946	992	0
947	997	0
948	968	2
949	996	0
950	997	1
951	991	2
952	965	0
953	971	0
954	1027	0
955	993	0
956	1006	0
957	985	0
958	1017	0
959	1029	0
960	983	0
961	930	0
962	1019	0
963	1029	0
964	1008	0
965	1018	0
966	970	2
967	972	2
968	1017	0
969	1009	0
970	961	6
971	1014	1
972	979	0
973	1023	1
974	1013	0
975	1022	1
976	1031	0
977	998	0
978	982	1
979	1003	2
980	998	0
981	980	0
982	973	0
983	978	0
984	978	0
985	992	4
986	1014	2
987	968	0
988	985	0
989	999	0
990	1008	0
991	1027	0
992	997	0
993	1001	0
994	991	1
995	982	0
996	970	0
997	969	0
998	982	0
999	1022	1
