0	500	0
1	274	0
2	249	0
3	246	2
4	240	0
5	252	1
6	247	0
7	251	2
8	250	0
9	263	1
10	256	0
11	230	2
12	252	1
13	247	2
14	247	0
15	237	0
16	241	2
17	265	2
18	246	0
19	274	0
20	262	1
21	247	2
22	238	0
23	259	0
24	245	3
25	248	0
26	258	0
27	267	0
28	251	0
29	263	1
30	266	1
31	232	0
32	246	0
33	256	0
34	244	0
35	249	1
36	265	0
37	254	0
38	245	0
39	242	1
40	249	0
41	252	0
42	258	0
43	249	0
44	254	0
45	236	0
46	255	1
47	219	0
48	260	0
49	257	0
50	255	0
51	252	0
52	244	0
53	265	1
54	242	0
55	264	1
56	238	0
57	237	0
58	242	1
59	276	0
60	250	0
61	262	0
62	264	0
63	236	0
64	238	0
65	262	0
66	254	0
67	245	1
68	255	0
69	247	0
70	250	0
71	253	0
72	247	0
73	251	2
74	241	1
75	246	0
76	246	0
77	251	0
78	250	0
79	251	0
80	241	0
81	262	0
82	248	0
83	245	0
84	239	0
85	256	0
86	247	0
87	259	0
88	252	1
89	255	1
90	250	0
91	259	0
92	261	0
93	254	2
94	256	1
95	248	1
96	259	2
97	250	0
98	262	0
99	263	1
100	256	0
101	250	0
102	245	0
103	266	0
104	258	0
105	251	0
106	247	1
107	258	0
108	250	1
109	243	0
110	283	0
111	256	0
112	266	1
113	235	2
114	269	0
115	270	0
116	259	1
117	239	0
118	251	0
119	251	2
120	243	1
121	242	2
122	240	1
123	236	0
124	252	1
125	248	0
126	246	0
127	259	0
128	245	0
129	253	1
130	248	0
131	249	0
132	239	0
133	244	0
134	256	0
135	228	1
136	259	0
137	258	0
138	247	1
139	261	0
140	238	0
141	232	3
142	238	0
143	236	0
144	247	0
145	264	0
146	236	1
147	239	1
148	241	0
149	260	0
150	245	0
151	255	0
152	251	0
153	270	2
154	267	3
155	255	0
156	251	0
157	264	0
158	260	0
159	245	0
160	224	0
161	254	2
162	246	0
163	238	0
164	277	1
165	250	0
166	241	0
167	259	1
168	224	0
169	254	0
170	237	0
171	257	0
172	267	0
173	253	0
174	259	0
175	249	0
176	264	1
177	249	1
178	257	1
179	247	0
180	257	0
181	252	1
182	251	0
183	253	0
184	246	1
185	275	0
186	238	1
187	260	0
188	246	0
189	249	0
190	255	0
191	263	1
192	276	0
193	260	0
194	232	0
195	254	0
196	268	0
197	260	0
198	251	0
199	253	0
200	237	0
201	244	0
202	252	0
203	264	0
204	237	0
205	249	0
206	242	0
207	255	1
208	231	0
209	256	0
210	227	0
211	259	0
212	255	0
213	254	0
214	255	0
215	240	0
216	257	0
217	245	0
218	261	0
219	264	1
220	235	1
221	259	0
222	253	0
223	229	0
224	262	2
225	249	1
226	233	0
227	248	0
228	255	0
229	255	0
230	232	1
231	250	0
232	228	1
233	259	1
234	271	0
235	246	0
236	248	0
237	246	0
238	257	0
239	245	0
240	246	2
241	235	1
242	256	0
243	243	0
244	229	0
245	240	0
246	256	0
247	236	0
248	246	2
249	249	1
250	270	0
251	250	0
252	258	1
253	257	0
254	262	0
255	246	2
256	257	0
257	241	0
258	259	1
259	262	0
260	258	0
261	259	0
262	243	0
263	252	0
264	247	0
265	262	0
266	282	0
267	249	0
268	255	0
269	241	0
270	255	0
271	223	0
272	257	0
273	253	2
274	235	2
275	264	0
276	255	0
277	245	0
278	240	0
279	237	0
280	258	1
281	251	0
282	263	0
283	262	1
284	279	0
285	239	0
286	254	0
287	256	2
288	252	1
289	239	0
290	252	0
291	218	0
292	254	0
293	238	0
294	247	0
295	262	0
296	248	0
297	254	1
298	253	1
299	256	1
300	231	0
301	256	0
302	260	0
303	240	0
304	245	0
305	268	0
306	244	0
307	242	0
308	251	0
309	240	1
310	267	0
311	259	0
312	243	1
313	245	0
314	244	0
315	258	0
316	262	0
317	247	1
318	239	0
319	234	2
320	256	0
321	260	0
322	253	1
323	240	0
324	247	0
325	243	0
326	242	0
327	221	1
328	246	0
329	250	0
330	264	2
331	250	0
332	269	0
333	267	0
334	253	0
335	248	0
336	248	2
337	238	0
338	244	0
339	253	0
340	246	0
341	262	1
342	249	0
343	232	0
344	238	0
345	273	0
346	279	0
347	274	0
348	256	0
349	244	1
350	240	0
351	242	0
352	226	0
353	246	1
354	255	0
355	259	0
356	251	0
357	248	0
358	264	0
359	240	0
360	253	0
361	268	0
362	248	2
363	266	1
364	259	1
365	251	2
366	257	0
367	269	0
368	245	0
369	247	0
370	264	0
371	249	0
372	251	0
373	249	0
374	260	0
375	248	0
376	277	0
377	236	2
378	267	0
379	248	0
380	229	0
381	253	0
382	255	0
383	237	0
384	242	0
385	248	3
386	238	1
387	257	0
388	240	0
389	251	0
390	258	1
391	246	0
392	235	1
393	219	1
394	252	0
395	248	0
396	257	0
397	224	0
398	258	0
399	235	2
400	251	0
401	263	0
402	245	0
403	232	1
404	249	0
405	263	1
406	255	0
407	257	0
408	247	0
409	245	0
410	256	1
411	235	1
412	259	0
413	243	0
414	252	0
415	252	1
416	257	3
417	230	1
418	232	1
419	247	0
420	241	0
421	231	0
422	242	0
423	240	0
424	254	2
425	250	2
426	239	1
427	253	0
428	231	0
429	246	0
430	239	0
431	250	0
432	264	0
433	250	0
434	240	3
435	221	0
436	257	1
437	258	0
438	253	0
439	250	0
440	264	2
441	265	1
442	240	0
443	252	2
444	235	1
445	243	1
446	249	1
447	264	0
448	241	1
449	242	1
450	238	0
451	237	0
452	243	0
453	255	0
454	256	0
455	249	0
456	264	0
457	273	0
458	256	0
459	266	0
460	239	3
461	243	0
462	255	0
463	268	1
464	247	0
465	259	1
466	264	1
467	239	0
468	269	0
469	262	1
470	261	0
471	257	2
472	240	0
473	238	1
474	240	0
475	237	0
476	247	0
477	244	0
478	251	0
479	232	1
480	242	0
481	259	1
482	248	1
483	262	1
484	248	0
485	248	1
486	264	1
487	244	0
488	241	2
489	253	0
490	255	0
491	229	0
492	263	0
493	239	1
494	257	2
495	237	0
496	235	1
497	247	1
498	263	0
499	227	1
500	244	0
501	249	0
502	247	0
503	250	3
504	246	2
505	235	0
506	267	2
507	237	0
508	245	0
509	259	0
510	243	1
511	263	0
512	255	0
513	243	0
514	241	1
515	224	0
516	233	1
517	251	3
518	238	2
519	249	2
520	253	1
521	264	0
522	243	0
523	245	0
524	252	0
525	267	0
526	263	1
527	258	0
528	243	0
529	253	0
530	246	0
531	260	0
532	241	1
533	248	1
534	255	0
535	245	0
536	231	1
537	241	0
538	254	0
539	247	0
540	244	0
541	248	0
542	236	0
543	253	0
544	235	0
545	247	0
546	240	1
547	258	0
548	270	0
549	244	0
550	248	0
551	248	0
552	251	1
553	266	2
554	235	0
555	252	0
556	254	0
557	247	0
558	226	0
559	267	0
560	271	0
561	250	1
562	240	0
563	256	0
564	235	0
565	247	0
566	255	0
567	255	0
568	246	0
569	264	0
570	250	1
571	251	0
572	263	0
573	247	0
574	264	0
575	247	0
576	236	0
577	252	2
578	263	0
579	236	2
580	259	0
581	256	1
582	226	0
583	243	0
584	252	0
585	254	1
586	254	1
587	233	2
588	263	0
589	257	0
590	253	2
591	243	0
592	255	0
593	242	0
594	251	0
595	241	0
596	241	0
597	254	1
598	251	1
599	264	0
600	268	0
601	243	0
602	228	0
603	252	0
604	264	0
605	266	0
606	254	0
607	254	0
608	254	0
609	249	1
610	255	0
611	246	0
612	263	0
613	244	0
614	259	0
615	251	0
616	259	0
617	270	1
618	242	1
619	254	0
620	252	0
621	231	0
622	233	0
623	235	0
624	254	0
625	245	2
626	246	0
627	253	0
628	246	0
629	239	1
630	259	0
631	242	0
632	251	0
633	261	0
634	239	0
635	258	0
636	253	2
637	247	0
638	265	0
639	273	0
640	282	2
641	238	0
642	241	1
643	247	0
644	242	1
645	245	0
646	249	0
647	246	0
648	241	0
649	265	1
650	258	0
651	242	1
652	262	0
653	258	0
654	255	1
655	261	1
656	219	1
657	251	0
658	248	1
659	267	0
660	244	0
661	249	0
662	263	0
663	258	1
664	240	1
665	270	0
666	266	2
667	256	0
668	240	0
669	237	0
670	241	0
671	246	0
672	253	0
673	261	0
674	219	0
675	276	0
676	234	0
677	250	0
678	244	0
679	256	1
680	255	0
681	266	1
682	243	0
683	246	0
684	251	1
685	246	2
686	254	2
687	246	0
688	275	0
689	272	0
690	234	0
691	255	0
692	246	0
693	245	0
694	254	1
695	253	0
696	251	0
697	237	0
698	240	0
699	246	2
700	250	0
701	250	0
702	236	0
703	240	0
704	256	0
705	238	1
706	230	0
707	253	0
708	267	0
709	260	0
710	257	0
711	252	1
712	255	0
713	235	1
714	249	0
715	230	0
716	240	0
717	267	0
718	256	0
719	259	1
720	244	0
721	260	0
722	253	0
723	257	1
724	239	0
725	238	0
726	228	0
727	255	0
728	246	2
729	261	0
730	236	2
731	241	1
732	252	0
733	270	0
734	250	3
735	241	1
736	269	0
737	243	0
738	242	0
739	232	0
740	267	0
741	249	0
742	242	0
743	250	0
744	252	0
745	250	1
746	250	0
747	246	0
748	243	0
749	243	0
750	240	0
751	250	0
752	241	0
753	240	0
754	237	0
755	241	1
756	251	1
757	269	0
758	243	0
759	224	0
760	249	0
761	246	0
762	252	0
763	246	0
764	249	1
765	232	0
766	252	0
767	261	0
768	244	0
769	238	0
770	256	0
771	241	1
772	251	0
773	238	0
774	249	0
775	258	0
776	241	0
777	247	3
778	273	0
779	239	0
780	250	0
781	245	1
782	263	0
783	253	0
784	234	1
785	255	1
786	256	2
787	247	1
788	246	0
789	251	0
790	220	0
791	233	0
792	257	0
793	249	0
794	229	0
795	254	0
796	248	1
797	260	0
798	256	0
799	238	0
800	236	0
801	245	0
802	254	0
803	258	0
804	251	0
805	233	0
806	237	0
807	273	0
808	253	0
809	250	0
810	262	0
811	244	0
812	261	0
813	244	0
814	233	0
815	258	0
816	260	0
817	266	1
818	245	0
819	248	0
820	259	0
821	262	0
822	262	0
823	244	0
824	231	0
825	242	0
826	261	1
827	237	0
828	246	1
829	253	0
830	258	0
831	250	0
832	246	0
833	241	0
834	241	0
835	267	0
836	255	1
837	260	1
838	262	0
839	261	0
840	245	1
841	274	0
842	238	0
843	246	0
844	249	0
845	258	0
846	254	1
847	254	2
848	237	1
849	248	0
850	252	0
851	248	0
852	256	0
853	275	0
854	256	0
855	264	1
856	253	0
857	273	0
858	252	0
859	263	2
860	254	0
861	228	3
862	257	0
863	242	0
864	250	0
865	266	2
866	247	2
867	252	0
868	265	0
869	258	0
870	265	0
871	245	0
872	253	0
873	244	0
874	254	0
875	268	0
876	253	0
877	242	0
878	255	0
879	250	0
880	240	0
881	232	0
882	250	0
883	245	0
884	268	0
885	253	0
886	247	0
887	257	1
888	240	0
889	245	0
890	251	0
891	235	0
892	262	0
893	251	3
894	252	1
895	252	1
896	271	0
897	243	0
898	250	0
899	243	1
900	256	0
901	239	0
902	237	0
903	238	0
904	263	0
905	243	0
906	234	1
907	233	0
908	259	0
909	259	0
910	258	0
911	240	0
912	258	0
913	255	0
914	254	0
915	257	2
916	257	0
917	275	0
918	258	0
919	230	0
920	267	1
921	260	0
922	233	0
923	250	0
924	279	0
925	245	1
926	247	0
927	252	0
928	254	0
929	242	0
930	246	0
931	239	0
932	249	0
933	251	0
934	250	0
935	238	0
936	243	2
937	252	0
938	250	0
939	253	0
940	256	0
941	263	0
942	260	0
943	249	1
944	258	2
945	250	0
946	251	0
947	232	0
948	239	1
949	261	1
950	238	0
951	257	0
952	266	0
953	271	0
954	249	1
955	239	1
956	266	0
957	226	0
958	250	0
959	242	0
960	244	0
961	264	0
962	247	0
963	239	0
964	235	0
965	252	1
966	259	1
967	250	0
968	261	1
969	259	0
970	228	0
971	254	0
972	266	0
973	246	0
974	243	1
975	274	0
976	256	0
977	234	0
978	266	0
979	236	1
980	244	1
981	249	0
982	262	0
983	258	0
984	248	0
985	242	0
986	241	0
987	262	0
988	257	0
989	265	0
990	254	0
991	238	0
992	239	0
993	243	0
994	260	0
995	248	0
996	249	0
997	251	0
998	263	0
999	263	0
