0	500	0
1	264	16
2	240	3
3	256	4
4	246	10
5	246	12
6	258	13
7	242	13
8	265	9
9	241	16
10	245	12
11	256	7
12	257	9
13	246	10
14	244	8
15	264	5
16	269	7
17	251	12
18	235	12
19	253	7
20	253	6
21	250	13
22	238	10
23	234	4
24	239	4
25	246	6
26	245	11
27	258	7
28	269	3
29	241	10
30	249	6
31	220	5
32	237	7
33	244	6
34	265	8
35	246	15
36	249	13
37	235	6
38	231	8
39	255	4
40	239	9
41	245	11
42	269	9
43	250	7
44	248	2
45	250	17
46	252	14
47	249	11
48	232	5
49	255	8
50	248	13
51	241	22
52	244	10
53	255	13
54	254	14
55	244	11
56	254	8
57	247	7
58	249	12
59	239	3
60	252	6
61	252	11
62	258	13
63	255	9
64	255	8
65	231	5
66	242	9
67	237	5
68	265	0
69	250	12
70	242	18
71	238	11
72	244	5
73	268	6
74	272	10
75	258	4
76	272	11
77	255	7
78	259	9
79	245	12
80	266	15
81	259	1
82	271	13
83	251	6
84	247	4
85	258	15
86	240	17
87	234	13
88	254	12
89	252	4
90	260	13
91	241	14
92	237	8
93	223	10
94	277	5
95	238	12
96	248	15
97	246	10
98	257	18
99	242	16
100	257	9
101	233	12
102	230	13
103	229	9
104	241	6
105	244	12
106	237	12
107	260	10
108	273	7
109	256	13
110	236	11
111	249	18
112	244	9
113	235	9
114	258	18
115	249	13
116	256	14
117	243	20
118	256	3
119	254	10
120	247	7
121	252	14
122	241	6
123	231	13
124	232	4
125	265	11
126	258	12
127	232	12
128	267	4
129	256	15
130	227	5
131	246	8
132	245	2
133	253	9
134	240	13
135	250	10
136	259	12
137	264	13
138	239	8
139	241	15
140	251	15
141	237	10
142	252	11
143	242	9
144	269	9
145	245	18
146	238	15
147	231	16
148	261	5
149	252	15
150	257	9
151	266	5
152	259	6
153	240	4
154	249	1
155	242	13
156	252	15
157	240	12
158	237	17
159	255	8
160	260	6
161	246	7
162	257	4
163	246	8
164	246	2
165	226	12
166	258	12
167	249	10
168	257	10
169	257	11
170	260	15
171	273	13
172	248	7
173	240	11
174	257	7
175	257	13
176	254	8
177	260	10
178	243	12
179	263	13
180	256	17
181	248	11
182	240	5
183	253	7
184	252	11
185	248	6
186	247	2
187	250	7
188	249	5
189	267	14
190	241	17
191	252	14
192	250	13
193	262	11
194	249	10
195	256	12
196	251	8
197	256	7
198	243	10
199	275	4
200	241	2
201	261	0
202	222	3
203	262	4
204	266	9
205	266	10
206	249	12
207	264	11
208	249	7
209	241	9
210	249	9
211	270	12
212	242	18
213	245	9
214	257	6
215	224	4
216	249	12
217	258	14
218	255	6
219	247	5
220	237	9
221	250	9
222	247	5
223	240	11
224	237	8
225	239	6
226	252	9
227	234	21
228	247	12
229	239	14
230	249	13
231	238	11
232	237	6
233	247	10
234	243	8
235	228	11
236	259	9
237	245	12
238	250	14
239	256	15
240	228	13
241	253	7
242	231	10
243	237	21
244	236	7
245	252	7
246	250	10
247	248	12
248	239	8
249	247	8
250	251	0
251	254	6
252	260	8
253	224	11
254	267	12
255	268	11
256	263	9
257	272	8
258	256	7
259	245	8
260	249	16
261	240	5
262	259	7
263	245	14
264	254	6
265	254	3
266	248	5
267	252	11
268	240	10
269	228	13
270	241	4
271	257	15
272	250	6
273	259	13
274	234	12
275	250	15
276	259	7
277	262	15
278	256	16
279	256	7
280	262	8
281	245	9
282	244	6
283	255	5
284	264	5
285	236	4
286	252	5
287	255	2
288	238	7
289	246	15
290	242	14
291	263	7
292	253	11
293	223	4
294	250	5
295	252	8
296	268	12
297	265	7
298	248	11
299	271	13
300	239	10
301	250	15
302	250	11
303	241	9
304	255	12
305	266	11
306	260	17
307	234	14
308	266	7
309	269	9
310	242	11
311	244	12
312	238	8
313	253	8
314	274	7
315	260	16
316	243	13
317	251	18
318	245	13
319	266	13
320	258	12
321	253	11
322	238	10
323	251	11
324	261	12
325	242	13
326	251	7
327	244	9
328	232	12
329	265	11
330	244	16
331	236	13
332	256	12
333	266	11
334	241	8
335	276	13
336	248	15
337	266	13
338	241	14
339	249	11
340	235	4
341	218	4
342	245	8
343	238	8
344	249	10
345	267	10
346	268	11
347	251	12
348	234	7
349	243	11
350	254	14
351	242	18
352	235	3
353	233	7
354	252	10
355	254	12
356	240	13
357	248	14
358	232	9
359	242	6
360	247	10
361	246	12
362	260	6
363	237	8
364	242	8
365	254	13
366	259	9
367	237	11
368	250	4
369	241	14
370	261	10
371	256	8
372	266	10
373	246	6
374	247	13
375	260	7
376	254	5
377	247	5
378	241	9
379	251	9
380	245	9
381	268	4
382	244	3
383	249	7
384	269	5
385	246	8
386	246	5
387	237	11
388	256	8
389	245	11
390	219	12
391	258	7
392	247	10
393	235	8
394	257	14
395	269	6
396	249	8
397	237	12
398	252	13
399	248	7
400	230	0
401	251	0
402	230	6
403	244	14
404	259	10
405	234	9
406	254	14
407	232	15
408	248	11
409	250	11
410	265	9
411	246	11
412	262	11
413	254	6
414	256	16
415	283	4
416	257	13
417	255	15
418	236	17
419	251	14
420	262	16
421	260	8
422	235	13
423	247	19
424	241	11
425	251	11
426	234	7
427	250	4
428	234	8
429	253	9
430	263	12
431	235	8
432	243	11
433	248	11
434	279	15
435	240	5
436	255	6
437	264	12
438	233	4
439	260	9
440	266	8
441	260	7
442	234	9
443	227	8
444	240	19
445	245	9
446	242	9
447	252	9
448	241	10
449	241	12
450	236	8
451	230	2
452	250	9
453	248	10
454	256	10
455	250	15
456	251	10
457	250	8
458	247	11
459	251	8
460	256	9
461	237	9
462	233	6
463	240	14
464	243	11
465	264	6
466	252	11
467	260	20
468	252	9
469	271	7
470	264	8
471	241	17
472	249	12
473	260	17
474	244	14
475	255	20
476	255	13
477	250	12
478	253	11
479	254	17
480	261	12
481	259	7
482	256	4
483	238	8
484	273	7
485	247	13
486	246	4
487	262	13
488	250	17
489	259	11
490	264	15
491	253	24
492	239	9
493	255	13
494	269	13
495	254	13
496	254	18
497	269	12
498	258	18
499	262	10
500	231	3
501	248	8
502	246	17
503	265	16
504	259	19
505	233	12
506	247	12
507	250	10
508	229	8
509	251	14
510	261	13
511	248	8
512	257	7
513	255	11
514	263	13
515	223	13
516	232	6
517	246	13
518	246	3
519	240	6
520	246	9
521	262	11
522	272	13
523	258	9
524	247	7
525	252	8
526	235	6
527	249	3
528	276	14
529	238	15
530	255	9
531	237	10
532	246	15
533	248	21
534	239	16
535	245	9
536	262	7
537	240	13
538	262	13
539	280	7
540	257	12
541	272	18
542	249	12
543	254	11
544	223	12
545	250	10
546	264	11
547	247	17
548	245	11
549	249	3
550	260	4
551	240	1
552	260	6
553	239	19
554	266	9
555	275	14
556	228	12
557	262	10
558	250	13
559	239	20
560	239	5
561	257	7
562	249	18
563	252	12
564	255	5
565	241	9
566	255	8
567	254	9
568	250	10
569	237	11
570	238	15
571	253	13
572	250	14
573	256	13
574	262	14
575	240	3
576	255	5
577	265	9
578	271	8
579	244	10
580	249	9
581	255	7
582	233	10
583	247	4
584	224	5
585	273	8
586	243	11
587	232	5
588	243	5
589	257	21
590	245	13
591	249	11
592	228	11
593	261	13
594	226	10
595	240	7
596	241	2
597	236	4
598	258	3
599	243	6
600	225	0
601	230	0
602	246	1
603	247	2
604	248	5
605	250	9
606	254	8
607	253	5
608	238	14
609	239	9
610	250	18
611	268	13
612	256	3
613	248	6
614	263	7
615	245	14
616	248	21
617	242	10
618	259	4
619	258	10
620	252	6
621	243	4
622	242	2
623	254	7
624	242	8
625	253	10
626	242	10
627	255	11
628	243	20
629	251	15
630	236	12
631	253	11
632	256	8
633	244	16
634	253	11
635	245	8
636	232	8
637	246	16
638	261	16
639	270	13
640	271	12
641	261	15
642	260	14
643	257	13
644	242	5
645	257	3
646	246	11
647	247	2
648	270	9
649	244	16
650	233	12
651	245	9
652	262	11
653	234	11
654	241	9
655	263	18
656	235	8
657	258	6
658	262	9
659	245	13
660	246	5
661	232	14
662	240	7
663	230	14
664	250	10
665	244	9
666	243	6
667	249	5
668	263	10
669	247	9
670	244	5
671	262	3
672	253	9
673	237	11
674	246	12
675	249	11
676	268	18
677	255	8
678	241	15
679	250	3
680	254	9
681	252	13
682	240	15
683	261	9
684	233	12
685	278	6
686	258	8
687	246	8
688	234	8
689	251	11
690	246	8
691	249	15
692	256	12
693	241	11
694	258	14
695	244	25
696	258	11
697	259	11
698	249	18
699	245	10
700	254	11
701	236	6
702	246	21
703	245	18
704	258	4
705	264	16
706	246	10
707	254	8
708	242	15
709	246	10
710	257	14
711	247	17
712	262	6
713	248	10
714	241	10
715	251	14
716	254	8
717	239	15
718	253	4
719	224	12
720	260	8
721	232	12
722	249	5
723	243	8
724	270	11
725	256	8
726	267	10
727	286	17
728	229	20
729	255	11
730	273	14
731	251	9
732	243	12
733	239	19
734	241	11
735	250	13
736	239	5
737	241	10
738	238	6
739	246	1
740	267	6
741	261	7
742	247	9
743	242	11
744	243	8
745	240	14
746	243	10
747	229	2
748	251	12
749	232	12
750	243	4
751	254	7
752	236	10
753	251	15
754	254	9
755	258	11
756	251	10
757	251	5
758	245	5
759	236	12
760	259	15
761	230	11
762	275	5
763	247	11
764	257	17
765	247	7
766	230	12
767	259	9
768	243	14
769	257	12
770	240	13
771	264	7
772	235	7
773	238	11
774	248	12
775	242	8
776	236	10
777	240	12
778	257	12
779	235	10
780	260	10
781	235	16
782	264	10
783	265	11
784	250	0
785	257	7
786	271	5
787	261	14
788	242	5
789	258	9
790	249	20
791	253	11
792	248	7
793	238	11
794	258	6
795	244	9
796	255	8
797	244	14
798	241	13
799	244	6
800	255	1
801	239	0
802	246	2
803	268	7
804	245	5
805	243	8
806	243	8
807	230	10
808	255	9
809	251	12
810	256	10
811	248	16
812	267	16
813	272	14
814	255	11
815	255	8
816	249	1
817	244	10
818	219	11
819	234	8
820	262	6
821	256	6
822	234	13
823	257	8
824	258	15
825	253	12
826	260	8
827	239	8
828	249	16
829	258	6
830	248	5
831	250	11
832	244	4
833	240	10
834	258	19
835	266	5
836	258	5
837	251	15
838	248	10
839	237	7
840	241	14
841	245	16
842	250	14
843	235	10
844	238	8
845	260	8
846	253	6
847	250	8
848	250	8
849	228	9
850	254	8
851	224	18
852	249	13
853	242	10
854	256	21
855	253	5
856	268	7
857	248	19
858	252	3
859	262	3
860	249	7
861	239	11
862	245	8
863	252	9
864	259	12
865	250	12
866	264	4
867	232	14
868	255	8
869	237	10
870	269	11
871	245	6
872	241	5
873	250	13
874	250	19
875	268	12
876	272	13
877	262	11
878	249	11
879	231	12
880	254	15
881	251	13
882	260	14
883	238	6
884	257	8
885	253	10
886	262	14
887	237	11
888	249	16
889	233	7
890	247	6
891	249	7
892	235	4
893	246	5
894	265	7
895	239	12
896	260	10
897	245	6
898	253	4
899	244	14
900	236	9
901	256	12
902	258	7
903	227	13
904	257	8
905	240	11
906	262	11
907	243	2
908	273	7
909	263	4
910	270	10
911	264	12
912	230	7
913	242	13
914	214	11
915	241	7
916	246	10
917	259	11
918	263	14
919	228	12
920	244	9
921	258	10
922	265	9
923	235	12
924	243	11
925	262	7
926	263	12
927	239	14
928	244	8
929	246	15
930	225	23
931	230	16
932	248	9
933	264	8
934	238	9
935	262	11
936	255	4
937	226	2
938	235	6
939	253	13
940	253	12
941	242	9
942	232	6
943	247	7
944	242	7
945	241	6
946	243	9
947	242	17
948	241	13
949	256	12
950	249	11
951	237	4
952	232	12
953	257	23
954	244	7
955	252	11
956	240	14
957	257	3
958	236	8
959	247	12
960	251	4
961	257	10
962	255	15
963	221	12
964	245	5
965	254	7
966	254	11
967	227	10
968	249	11
969	271	11
970	234	15
971	251	8
972	244	7
973	251	9
974	233	5
975	277	10
976	251	14
977	241	7
978	244	12
979	251	6
980	247	5
981	257	6
982	249	4
983	268	9
984	241	16
985	271	3
986	248	11
987	269	6
988	265	8
989	233	10
990	228	8
991	224	9
992	257	1
993	231	6
994	259	5
995	270	8
996	233	8
997	253	11
998	240	4
999	249	5
