0	2000	0
1	1106	176
2	1021	51
3	1034	41
4	1054	139
5	1024	145
6	1036	96
7	1044	128
8	993	143
9	1026	104
10	1004	114
11	993	94
12	984	104
13	977	125
14	1024	106
15	975	124
16	991	154
17	1025	92
18	972	145
19	1003	135
20	1001	112
21	970	123
22	1036	110
23	991	87
24	999	128
25	962	142
26	978	113
27	1010	115
28	968	122
29	992	110
30	1011	102
31	1003	116
32	986	112
33	1018	145
34	1014	144
35	1016	152
36	981	139
37	964	79
38	1003	119
39	997	118
40	995	118
41	1002	97
42	1000	119
43	995	125
44	1007	146
45	1023	124
46	1035	120
47	995	99
48	1013	111
49	999	142
50	986	11
51	975	0
52	1034	88
53	1013	139
54	991	162
55	1007	228
56	997	209
57	1015	167
58	1027	153
59	992	156
60	1014	195
61	1028	190
62	1025	182
63	975	188
64	1029	200
65	1039	198
66	995	178
67	1002	165
68	1004	168
69	975	153
70	973	149
71	1019	123
72	1023	174
73	988	216
74	1043	159
75	1002	161
76	983	195
77	1007	209
78	979	167
79	998	147
80	1031	177
81	1024	176
82	1025	193
83	967	210
84	1009	170
85	1001	166
86	992	191
87	983	152
88	988	165
89	1016	162
90	1016	158
91	1012	167
92	1033	166
93	1011	135
94	1002	159
95	1002	186
96	995	157
97	1020	150
98	999	176
99	993	218
100	1202	188
101	1002	0
102	1021	0
103	980	146
104	969	177
105	980	168
106	1026	172
107	1006	182
108	982	150
109	991	154
110	988	171
111	1010	162
112	1011	156
113	1015	149
114	1001	108
115	1016	126
116	1049	199
117	977	180
118	994	141
119	1008	147
120	977	204
121	989	193
122	999	223
123	1004	188
124	1022	154
125	995	144
126	1006	153
127	978	191
128	949	143
129	1013	194
130	990	197
131	991	142
132	987	174
133	975	143
134	968	156
135	1033	155
136	1007	169
137	1024	151
138	997	200
139	1026	191
140	994	177
141	992	197
142	974	148
143	946	134
144	996	143
145	987	136
146	986	194
147	1028	209
148	995	198
149	1012	161
150	1188	166
151	1005	0
152	981	0
153	1005	143
154	1020	148
155	1008	138
156	1004	124
157	1030	153
158	1018	176
159	986	160
160	998	168
161	1005	159
162	973	161
163	966	155
164	975	158
165	1016	160
166	999	197
167	973	200
168	1035	171
169	1028	196
170	988	197
171	987	181
172	1035	139
173	990	199
174	1011	152
175	1020	199
176	1028	174
177	1008	178
178	989	142
179	1004	142
180	1002	149
181	1012	154
182	978	154
183	1016	153
184	991	185
185	975	149
186	984	167
187	1005	186
188	966	186
189	1015	168
190	1044	167
191	1018	158
192	994	201
193	1000	197
194	1002	145
195	992	173
196	985	184
197	1016	186
198	1016	178
199	1005	180
200	1205	218
201	1002	0
202	1019	0
203	1037	181
204	966	165
205	977	124
206	983	175
207	1012	180
208	997	135
209	1011	106
210	1027	181
211	1016	180
212	999	182
213	997	145
214	1044	154
215	1002	175
216	948	190
217	1007	177
218	1003	160
219	992	179
220	998	193
221	958	184
222	1042	181
223	974	192
224	997	158
225	1001	198
226	1023	144
227	983	196
228	984	149
229	992	170
230	1048	176
231	976	187
232	1024	127
233	961	175
234	949	185
235	1014	176
236	984	165
237	1021	153
238	990	128
239	956	195
240	988	140
241	970	115
242	992	154
243	1011	202
244	1017	199
245	955	189
246	1003	152
247	984	138
248	979	127
249	990	164
250	1215	235
251	980	0
252	976	0
253	980	165
254	1024	188
255	1006	191
256	997	154
257	1009	131
258	997	153
259	1007	204
260	1031	234
261	1014	200
262	977	141
263	995	161
264	970	176
265	1001	127
266	998	132
267	1016	149
268	1038	150
269	971	139
270	999	153
271	986	162
272	994	199
273	965	197
274	1024	112
275	992	145
276	996	126
277	1029	84
278	1026	112
279	1018	195
280	984	178
281	1032	151
282	1011	173
283	1032	142
284	1002	177
285	990	183
286	987	166
287	975	180
288	1017	149
289	1013	182
290	1011	166
291	1002	150
292	1015	160
293	1006	157
294	1016	113
295	1058	129
296	994	142
297	978	150
298	973	100
299	1019	93
300	1186	204
301	987	0
302	973	0
303	974	82
304	1000	135
305	1007	169
306	1014	121
307	991	132
308	995	170
309	981	104
310	1009	179
311	952	149
312	998	135
313	1024	183
314	1022	130
315	962	153
316	948	171
317	1000	78
318	1004	119
319	1038	169
320	1005	162
321	945	160
322	1043	116
323	986	156
324	1026	149
325	1035	134
326	984	151
327	983	194
328	1011	157
329	993	116
330	1010	98
331	970	117
332	978	165
333	998	190
334	1010	215
335	1000	170
336	1027	147
337	1004	125
338	964	143
339	989	202
340	1003	186
341	1004	165
342	1032	178
343	1008	161
344	1031	175
345	1005	179
346	1003	198
347	997	174
348	965	138
349	985	151
350	1196	208
351	1007	0
352	982	0
353	1048	98
354	997	129
355	1029	165
356	1027	119
357	993	116
358	1001	182
359	1017	109
360	1000	112
361	969	145
362	987	169
363	1002	102
364	969	165
365	960	164
366	1026	170
367	976	157
368	965	140
369	1022	180
370	1001	181
371	1035	174
372	1050	160
373	963	176
374	1021	142
375	1008	183
376	1018	178
377	1019	179
378	1036	191
379	1012	199
380	998	189
381	1022	124
382	1020	131
383	998	234
384	968	153
385	988	142
386	1019	204
387	1010	229
388	1022	141
389	1012	107
390	1036	159
391	982	141
392	998	163
393	923	113
394	988	132
395	992	157
396	1014	169
397	999	201
398	987	197
399	984	186
400	1224	239
401	1002	0
402	1005	0
403	1052	112
404	975	105
405	1049	130
406	1005	178
407	1007	154
408	986	180
409	992	192
410	975	183
411	999	131
412	943	95
413	1007	125
414	1035	175
415	1019	211
416	1012	159
417	985	165
418	986	100
419	990	98
420	1004	178
421	1003	164
422	991	159
423	1002	96
424	1000	143
425	1021	183
426	1003	202
427	1001	153
428	980	126
429	976	129
430	1051	216
431	1013	150
432	1024	95
433	981	129
434	996	153
435	1001	250
436	1010	231
437	981	166
438	988	166
439	994	99
440	1021	150
441	1004	143
442	995	166
443	984	150
444	1009	136
445	999	90
446	1039	129
447	974	193
448	976	181
449	969	147
450	1199	179
451	992	0
452	1009	0
453	1013	147
454	1002	106
455	977	156
456	1013	203
457	1030	224
458	1014	121
459	988	147
460	983	180
461	988	179
462	1050	190
463	1019	191
464	948	209
465	1018	203
466	989	153
467	981	161
468	1002	73
469	1000	117
470	962	66
471	1033	92
472	1007	135
473	1017	139
474	1003	164
475	1032	67
476	1004	98
477	990	139
478	1040	96
479	1026	105
480	1048	150
481	980	113
482	1038	125
483	998	152
484	995	149
485	1047	141
486	970	222
487	1015	165
488	1017	131
489	1010	172
490	1029	184
491	984	165
492	976	164
493	990	96
494	1009	109
495	1022	158
496	997	153
497	1004	147
498	1013	160
499	981	154
500	1174	142
501	993	0
502	1014	0
503	998	104
504	1006	149
505	973	203
506	1001	83
507	993	168
508	1027	196
509	1012	205
510	994	172
511	1057	176
512	1027	180
513	1015	185
514	987	119
515	973	118
516	1030	169
517	1021	129
518	994	193
519	962	226
520	1013	195
521	1016	101
522	1022	153
523	983	104
524	998	129
525	965	109
526	1029	160
527	998	193
528	1047	163
529	998	216
530	1002	103
531	1030	157
532	991	117
533	985	167
534	968	231
535	990	105
536	999	153
537	1039	155
538	1000	155
539	1041	106
540	1026	146
541	1046	159
542	997	219
543	994	145
544	1013	198
545	1018	80
546	1002	105
547	956	168
548	1034	176
549	1031	159
550	1227	231
551	1014	97
552	973	22
553	1031	157
554	1006	124
555	969	107
556	1041	143
557	979	216
558	990	128
559	1037	158
560	1015	188
561	953	129
562	956	127
563	1030	163
564	996	208
565	988	163
566	1033	81
567	1029	153
568	1013	212
569	1022	264
570	1007	229
571	1050	159
572	992	190
573	1012	148
574	1019	154
575	998	168
576	970	215
577	984	117
578	1035	97
579	1044	166
580	980	164
581	973	139
582	1018	173
583	1010	152
584	1019	131
585	984	133
586	997	131
587	968	161
588	1000	136
589	1015	131
590	1006	157
591	971	165
592	967	160
593	961	102
594	985	106
595	980	127
596	992	59
597	1013	1
598	1031	55
599	997	0
600	1115	120
601	1004	0
602	1009	0
603	983	137
604	973	67
605	939	97
606	993	169
607	1009	105
608	1024	129
609	969	156
610	980	129
611	996	169
612	955	234
613	1041	62
614	1017	0
615	1007	121
616	1022	171
617	991	62
618	1017	94
619	1001	162
620	1015	157
621	1043	28
622	984	61
623	988	131
624	1012	164
625	1005	233
626	1013	143
627	1009	171
628	1013	118
629	970	154
630	954	117
631	1000	217
632	1039	218
633	1015	204
634	1004	241
635	993	147
636	984	66
637	1000	43
638	985	91
639	1009	84
640	1000	151
641	1031	170
642	948	198
643	995	173
644	1012	240
645	968	147
646	1021	104
647	1034	111
648	1032	150
649	968	75
650	1142	105
651	983	0
652	1006	0
653	1006	191
654	1013	246
655	974	237
656	986	184
657	991	182
658	1000	226
659	1020	196
660	978	233
661	1007	101
662	972	102
663	1016	94
664	991	164
665	1002	220
666	1035	184
667	1006	173
668	999	179
669	984	187
670	968	123
671	1044	157
672	1005	256
673	992	160
674	1050	181
675	964	235
676	1000	251
677	994	171
678	988	117
679	1001	160
680	995	236
681	978	272
682	975	194
683	992	163
684	987	194
685	995	245
686	1010	166
687	1011	79
688	1015	100
689	1033	176
690	1008	95
691	1030	123
692	1010	103
693	953	181
694	1034	100
695	988	56
696	963	144
697	1004	171
698	974	66
699	1014	142
700	1206	264
701	992	0
702	976	0
703	994	86
704	1010	231
705	993	152
706	984	144
707	987	139
708	1004	212
709	977	79
710	991	97
711	995	88
712	986	185
713	1004	163
714	997	1
715	1040	108
716	1001	94
717	1029	69
718	1005	154
719	1028	164
720	1019	136
721	975	177
722	964	198
723	970	227
724	992	273
725	981	277
726	994	275
727	963	171
728	982	207
729	1010	145
730	969	240
731	1003	180
732	1034	212
733	1002	148
734	990	148
735	996	115
736	983	148
737	1002	86
738	1017	86
739	1008	88
740	992	215
741	997	125
742	1008	121
743	956	105
744	1018	42
745	1026	123
746	988	94
747	1012	147
748	1006	143
749	1031	204
750	1251	250
751	1014	0
752	1008	0
753	994	0
754	1023	38
755	1026	39
756	1005	125
757	996	46
758	1004	95
759	1001	113
760	998	163
761	1014	202
762	989	1
763	1024	94
764	1030	191
765	997	289
766	1018	258
767	991	128
768	1016	138
769	997	82
770	1019	126
771	996	129
772	1028	184
773	1000	250
774	981	56
775	983	0
776	982	98
777	993	257
778	983	186
779	998	111
780	979	178
781	1012	178
782	1004	165
783	998	234
784	939	201
785	995	124
786	994	159
787	997	197
788	993	132
789	999	121
790	989	73
791	1016	93
792	995	212
793	1038	56
794	974	116
795	979	192
796	967	59
797	989	129
798	979	137
799	1030	79
800	1133	129
801	987	0
802	997	0
803	1007	149
804	1004	123
805	1006	200
806	994	180
807	1002	183
808	990	147
809	987	209
810	1013	0
811	1000	0
812	940	76
813	979	92
814	983	206
815	1003	297
816	990	254
817	1021	113
818	997	163
819	1035	0
820	1021	138
821	993	191
822	997	157
823	1011	75
824	995	0
825	998	119
826	963	180
827	1000	53
828	994	0
829	1014	113
830	1005	27
831	967	104
832	1020	116
833	975	38
834	1052	94
835	1038	104
836	1014	112
837	1019	1
838	1008	132
839	996	105
840	984	154
841	997	190
842	1003	198
843	1015	266
844	989	144
845	979	211
846	1007	190
847	1023	101
848	964	162
849	1045	0
850	1052	0
851	1048	0
852	1009	0
853	1039	125
854	1028	0
855	982	87
856	1022	215
857	1028	211
858	969	248
859	1008	165
860	1009	233
861	980	375
862	982	329
863	992	179
864	1001	85
865	1018	187
866	1013	177
867	1000	167
868	968	145
869	1010	182
870	983	196
871	1020	89
872	1024	218
873	995	307
874	965	37
875	1057	187
876	1024	200
877	948	159
878	1033	189
879	1036	152
880	1004	168
881	970	190
882	984	101
883	986	59
884	1003	145
885	1011	175
886	1008	76
887	1025	0
888	955	182
889	997	224
890	974	282
891	1013	247
892	1030	191
893	995	0
894	994	174
895	1005	251
896	989	239
897	996	0
898	1038	78
899	976	1
900	1270	227
901	1003	0
902	1006	0
903	995	134
904	1015	124
905	1009	143
906	1000	76
907	1024	153
908	1009	201
909	1032	237
910	1019	89
911	1016	123
912	964	248
913	986	257
914	1033	0
915	981	219
916	1001	48
917	1014	223
918	987	44
919	994	0
920	1001	87
921	941	28
922	985	109
923	988	133
924	1001	0
925	1032	216
926	983	298
927	967	1
928	960	0
929	1001	107
930	954	120
931	988	88
932	1020	0
933	999	102
934	961	112
935	983	167
936	1002	117
937	1001	0
938	943	0
939	989	193
940	992	232
941	993	87
942	999	116
943	951	223
944	1017	42
945	978	164
946	983	235
947	994	197
948	981	313
949	992	136
950	1231	216
951	1002	0
952	965	0
953	971	0
954	1027	0
955	993	4
956	1005	1
957	985	0
958	1024	189
959	1016	133
960	978	71
961	930	0
962	1011	118
963	1029	0
964	1008	0
965	1014	42
966	968	0
967	972	154
968	1004	197
969	1019	250
970	963	82
971	1004	179
972	980	231
973	1025	1
974	1013	0
975	1027	180
976	1032	1
977	998	0
978	983	0
979	1003	46
980	996	162
981	983	139
982	973	0
983	975	57
984	966	232
985	998	332
986	1014	96
987	968	0
988	985	74
989	999	0
990	1007	125
991	1030	163
992	997	0
993	983	228
994	992	0
995	982	0
996	978	172
997	968	1
998	990	16
999	1030	45
