0	500	0
1	258	0
2	236	5
3	258	6
4	249	3
5	246	0
6	258	1
7	244	3
8	269	5
9	244	3
10	252	3
11	255	2
12	257	3
13	244	0
14	240	2
15	260	9
16	269	5
17	249	0
18	238	1
19	253	7
20	256	3
21	252	1
22	243	3
23	237	5
24	247	12
25	248	6
26	250	6
27	262	9
28	268	10
29	238	9
30	249	6
31	220	9
32	239	5
33	245	3
34	269	0
35	239	0
36	257	1
37	239	2
38	235	2
39	250	13
40	237	7
41	255	1
42	273	5
43	251	8
44	244	8
45	250	3
46	254	2
47	241	3
48	238	5
49	257	10
50	241	0
51	249	0
52	246	2
53	254	0
54	258	0
55	246	1
56	260	2
57	248	2
58	246	1
59	240	4
60	252	4
61	253	4
62	258	9
63	250	6
64	252	5
65	227	9
66	245	4
67	243	7
68	266	15
69	244	2
70	240	0
71	243	2
72	249	8
73	270	4
74	273	1
75	253	7
76	274	3
77	251	7
78	257	3
79	246	1
80	266	1
81	263	11
82	271	3
83	249	6
84	249	8
85	257	2
86	238	3
87	231	2
88	258	0
89	249	5
90	257	4
91	247	0
92	236	3
93	223	2
94	272	4
95	231	1
96	251	0
97	243	1
98	259	2
99	241	3
100	256	2
101	237	0
102	229	2
103	230	4
104	243	4
105	244	4
106	233	2
107	260	0
108	273	5
109	259	2
110	235	0
111	241	0
112	241	6
113	236	2
114	258	0
115	241	3
116	255	1
117	251	0
118	252	5
119	254	2
120	248	2
121	254	0
122	239	4
123	232	0
124	230	2
125	262	4
126	260	0
127	229	3
128	268	7
129	261	0
130	229	5
131	244	8
132	246	7
133	253	9
134	242	1
135	248	4
136	258	3
137	265	2
138	243	2
139	242	0
140	242	0
141	238	1
142	256	3
143	240	9
144	269	1
145	243	0
146	236	3
147	233	0
148	264	6
149	253	0
150	259	3
151	263	4
152	255	8
153	242	4
154	248	6
155	250	3
156	254	1
157	237	1
158	236	0
159	253	0
160	261	3
161	248	3
162	261	10
163	246	2
164	244	4
165	232	0
166	247	1
167	254	3
168	259	2
169	250	0
170	255	0
171	274	0
172	252	5
173	237	0
174	253	1
175	260	0
176	253	7
177	256	4
178	246	3
179	268	2
180	255	0
181	252	5
182	243	6
183	251	11
184	253	4
185	246	8
186	250	9
187	247	8
188	248	6
189	264	1
190	236	0
191	254	0
192	248	5
193	258	5
194	248	5
195	259	5
196	248	9
197	253	6
198	242	5
199	275	4
200	254	11
201	261	0
202	223	0
203	265	3
204	264	7
205	264	0
206	247	0
207	261	2
208	244	8
209	243	5
210	241	1
211	263	5
212	245	3
213	250	2
214	255	10
215	224	4
216	252	1
217	260	2
218	254	9
219	250	6
220	236	6
221	247	4
222	243	3
223	242	5
224	234	5
225	238	5
226	255	4
227	227	0
228	247	0
229	244	3
230	244	0
231	238	1
232	238	1
233	248	7
234	244	5
235	235	4
236	255	11
237	239	2
238	250	2
239	250	3
240	238	5
241	248	4
242	228	3
243	242	0
244	241	4
245	250	9
246	247	1
247	245	1
248	242	5
249	252	3
250	249	12
251	253	11
252	257	3
253	230	7
254	257	0
255	266	5
256	263	5
257	269	9
258	258	11
259	247	2
260	257	0
261	237	0
262	255	1
263	245	0
264	258	6
265	253	8
266	246	5
267	256	5
268	242	6
269	234	1
270	244	1
271	254	0
272	248	2
273	267	5
274	236	6
275	248	1
276	256	4
277	269	0
278	252	0
279	258	1
280	259	1
281	246	0
282	240	8
283	262	6
284	261	8
285	244	10
286	256	3
287	255	8
288	239	4
289	250	1
290	242	0
291	259	7
292	252	4
293	228	3
294	246	7
295	248	0
296	270	2
297	264	4
298	248	1
299	273	3
300	233	0
301	253	0
302	254	5
303	240	2
304	254	3
305	259	4
306	258	3
307	239	3
308	263	4
309	273	3
310	246	1
311	253	3
312	244	6
313	254	5
314	275	2
315	256	0
316	244	0
317	254	1
318	243	3
319	261	6
320	262	8
321	251	7
322	239	5
323	252	0
324	257	0
325	242	3
326	253	9
327	249	2
328	234	4
329	260	6
330	240	0
331	236	1
332	254	2
333	267	4
334	244	9
335	276	1
336	240	1
337	269	0
338	251	4
339	249	1
340	240	7
341	221	11
342	247	6
343	243	3
344	253	6
345	264	7
346	266	1
347	250	5
348	229	6
349	242	0
350	250	2
351	242	6
352	236	6
353	236	8
354	248	2
355	249	9
356	244	3
357	247	3
358	239	8
359	241	5
360	241	8
361	252	4
362	260	4
363	239	2
364	240	4
365	252	1
366	258	6
367	237	3
368	251	3
369	239	0
370	268	1
371	256	6
372	267	1
373	247	7
374	250	4
375	258	3
376	252	3
377	244	8
378	240	10
379	245	7
380	247	3
381	274	8
382	242	11
383	244	10
384	270	8
385	247	5
386	252	7
387	243	7
388	258	6
389	245	3
390	219	0
391	250	5
392	243	6
393	233	0
394	253	0
395	267	0
396	253	6
397	233	6
398	251	4
399	251	12
400	245	15
401	251	0
402	228	0
403	239	3
404	256	3
405	237	6
406	259	3
407	236	3
408	247	6
409	245	0
410	265	3
411	255	4
412	262	1
413	248	2
414	258	0
415	286	5
416	251	5
417	258	2
418	241	8
419	248	1
420	259	1
421	258	2
422	231	1
423	246	0
424	238	4
425	255	7
426	239	6
427	244	8
428	235	5
429	258	0
430	259	0
431	235	2
432	240	4
433	251	2
434	278	4
435	243	4
436	252	7
437	258	0
438	231	6
439	253	2
440	270	4
441	257	4
442	232	1
443	226	1
444	242	1
445	243	3
446	240	1
447	252	3
448	238	5
449	245	6
450	242	4
451	234	14
452	248	1
453	254	8
454	256	6
455	247	0
456	254	1
457	249	1
458	252	0
459	248	1
460	259	0
461	233	5
462	231	2
463	238	2
464	244	4
465	262	8
466	251	2
467	246	0
468	251	0
469	273	1
470	268	0
471	239	1
472	251	0
473	255	0
474	249	1
475	253	0
476	254	2
477	252	6
478	255	3
479	255	2
480	260	5
481	254	4
482	254	8
483	243	1
484	272	8
485	249	3
486	248	2
487	257	0
488	237	0
489	260	0
490	263	0
491	249	0
492	240	0
493	251	3
494	268	2
495	253	2
496	262	0
497	270	3
498	256	0
499	254	4
500	226	8
501	249	1
502	245	0
503	263	0
504	264	0
505	240	5
506	239	6
507	244	6
508	228	5
509	259	2
510	262	2
511	246	6
512	257	5
513	254	0
514	259	1
515	227	1
516	232	0
517	249	2
518	248	5
519	236	8
520	243	2
521	265	0
522	273	2
523	253	2
524	253	9
525	253	5
526	239	0
527	250	2
528	276	0
529	234	3
530	254	4
531	234	5
532	247	0
533	237	0
534	241	0
535	242	2
536	257	4
537	241	0
538	265	0
539	281	2
540	255	6
541	264	2
542	249	0
543	256	3
544	222	1
545	248	2
546	267	4
547	247	1
548	246	0
549	249	7
550	261	11
551	237	14
552	254	4
553	242	0
554	263	2
555	271	0
556	229	3
557	261	9
558	248	1
559	241	0
560	239	5
561	253	5
562	249	0
563	251	1
564	254	6
565	238	4
566	261	2
567	253	2
568	248	0
569	237	1
570	242	3
571	256	0
572	246	0
573	257	2
574	262	2
575	237	8
576	255	9
577	263	1
578	272	3
579	241	7
580	247	9
581	257	9
582	236	9
583	250	9
584	223	2
585	273	0
586	247	3
587	235	8
588	243	1
589	252	0
590	247	1
591	250	0
592	228	5
593	257	1
594	225	3
595	243	4
596	239	4
597	235	5
598	254	3
599	245	0
600	244	19
601	230	0
602	245	0
603	256	9
604	247	8
605	246	7
606	257	5
607	251	7
608	237	3
609	240	2
610	254	2
611	273	0
612	258	5
613	252	2
614	265	1
615	242	3
616	249	0
617	246	4
618	255	4
619	256	0
620	256	8
621	237	4
622	241	7
623	251	4
624	245	5
625	249	4
626	242	2
627	252	2
628	237	0
629	260	2
630	238	4
631	253	1
632	254	6
633	248	4
634	253	1
635	244	3
636	234	0
637	242	0
638	252	1
639	266	3
640	273	4
641	259	3
642	251	1
643	253	3
644	242	13
645	262	8
646	249	6
647	245	8
648	269	2
649	246	0
650	233	2
651	248	6
652	261	0
653	235	0
654	248	6
655	265	2
656	242	7
657	257	11
658	255	4
659	253	7
660	248	7
661	234	2
662	235	4
663	227	1
664	255	7
665	242	5
666	243	4
667	249	7
668	267	2
669	251	3
670	244	3
671	266	9
672	250	6
673	237	5
674	241	1
675	255	3
676	266	0
677	251	2
678	244	0
679	252	5
680	256	1
681	249	0
682	240	3
683	255	3
684	237	0
685	278	4
686	257	9
687	241	5
688	242	10
689	247	5
690	244	6
691	250	2
692	260	2
693	245	7
694	256	0
695	243	0
696	261	0
697	257	1
698	251	0
699	241	2
700	250	5
701	243	5
702	253	0
703	245	0
704	259	1
705	269	5
706	242	6
707	248	8
708	247	2
709	242	4
710	253	0
711	250	0
712	260	4
713	243	5
714	238	1
715	255	0
716	256	2
717	240	6
718	256	13
719	228	6
720	258	0
721	226	6
722	249	3
723	243	2
724	272	3
725	254	6
726	261	4
727	284	1
728	229	2
729	249	3
730	269	0
731	252	4
732	232	1
733	238	0
734	242	0
735	247	0
736	240	8
737	240	3
738	242	8
739	244	17
740	266	3
741	255	9
742	257	11
743	240	3
744	240	3
745	237	3
746	248	1
747	228	3
748	251	4
749	237	1
750	241	4
751	260	3
752	241	3
753	250	0
754	252	1
755	258	7
756	252	3
757	249	7
758	248	4
759	237	1
760	257	1
761	230	1
762	273	3
763	256	2
764	254	0
765	248	8
766	231	7
767	259	1
768	244	1
769	258	5
770	244	3
771	264	1
772	235	7
773	229	0
774	249	3
775	243	3
776	237	3
777	234	2
778	251	4
779	234	1
780	252	6
781	231	0
782	258	4
783	266	0
784	250	4
785	257	7
786	267	3
787	261	0
788	241	4
789	256	1
790	247	0
791	247	3
792	246	9
793	237	4
794	257	3
795	243	0
796	255	2
797	242	0
798	245	3
799	242	8
800	262	6
801	239	0
802	248	0
803	273	10
804	244	6
805	245	6
806	245	8
807	230	6
808	257	7
809	256	5
810	253	9
811	248	4
812	263	0
813	274	2
814	253	5
815	256	5
816	251	9
817	245	5
818	218	6
819	235	3
820	259	11
821	253	3
822	236	5
823	257	0
824	256	3
825	257	4
826	259	3
827	241	8
828	247	0
829	256	2
830	236	11
831	250	5
832	246	4
833	240	4
834	258	3
835	265	4
836	260	7
837	241	1
838	250	0
839	240	6
840	235	2
841	243	2
842	251	5
843	231	6
844	240	4
845	259	1
846	258	7
847	253	5
848	249	3
849	224	3
850	259	1
851	228	0
852	249	1
853	236	0
854	253	0
855	251	1
856	269	4
857	247	0
858	249	4
859	255	14
860	248	4
861	241	5
862	245	4
863	259	6
864	257	0
865	247	3
866	264	12
867	234	6
868	257	4
869	235	10
870	272	2
871	244	3
872	242	0
873	243	2
874	250	1
875	265	1
876	267	0
877	264	1
878	248	0
879	232	3
880	258	1
881	250	0
882	261	3
883	241	5
884	252	13
885	252	3
886	262	0
887	237	1
888	255	0
889	234	2
890	249	6
891	255	9
892	237	10
893	239	4
894	265	1
895	239	2
896	260	4
897	243	4
898	255	6
899	238	2
900	235	4
901	255	1
902	255	4
903	227	1
904	254	3
905	242	1
906	261	0
907	243	8
908	269	3
909	262	1
910	263	1
911	262	2
912	231	4
913	242	5
914	221	0
915	244	6
916	245	1
917	263	3
918	255	0
919	227	3
920	243	2
921	256	2
922	259	1
923	240	1
924	250	6
925	261	6
926	264	7
927	244	3
928	239	7
929	240	3
930	226	0
931	231	3
932	247	2
933	263	1
934	241	0
935	265	4
936	253	10
937	224	10
938	236	7
939	251	7
940	247	4
941	249	4
942	235	9
943	248	2
944	238	11
945	244	7
946	248	0
947	245	0
948	242	0
949	254	0
950	251	3
951	234	3
952	230	4
953	254	0
954	252	7
955	255	2
956	246	0
957	256	10
958	242	4
959	247	6
960	248	5
961	260	3
962	258	6
963	220	1
964	241	5
965	251	2
966	253	2
967	230	3
968	249	3
969	271	5
970	233	0
971	250	3
972	242	3
973	253	9
974	240	2
975	274	1
976	251	0
977	239	5
978	243	1
979	251	8
980	250	8
981	265	12
982	251	8
983	264	11
984	242	3
985	264	8
986	253	4
987	270	3
988	271	8
989	235	6
990	234	8
991	227	6
992	259	9
993	234	3
994	265	9
995	272	4
996	233	2
997	250	0
998	236	4
999	247	7
