0	2000	0
1	994	27
2	1048	21
3	972	19
4	1021	19
5	992	2
6	1009	0
7	1018	0
8	985	0
9	1012	0
10	1004	1
11	1007	19
12	946	8
13	995	1
14	1014	0
15	985	0
16	1015	0
17	959	0
18	1042	0
19	964	0
20	990	0
21	1026	0
22	971	17
23	1010	11
24	1041	0
25	986	0
26	983	1
27	950	4
28	1006	2
29	1010	13
30	997	6
31	998	0
32	997	1
33	1015	4
34	1016	0
35	1008	0
36	1014	0
37	1024	1
38	1018	0
39	952	3
40	1034	0
41	998	0
42	979	0
43	971	0
44	982	0
45	975	0
46	1013	0
47	979	3
48	1021	0
49	984	0
50	991	0
51	1001	0
52	1028	0
53	1023	0
54	978	11
55	994	0
56	1053	0
57	996	4
58	989	0
59	971	9
60	1017	10
61	983	14
62	972	0
63	1018	0
64	1001	0
65	966	0
66	1020	0
67	1009	4
68	993	0
69	1032	0
70	977	0
71	1019	0
72	977	0
73	1001	1
74	1019	0
75	991	0
76	1021	0
77	964	0
78	986	4
79	978	13
80	999	0
81	1021	2
82	1047	0
83	957	11
84	1000	5
85	1003	3
86	1016	0
87	1014	4
88	975	12
89	1010	18
90	972	12
91	1022	0
92	1006	0
93	992	1
94	993	0
95	993	21
96	1022	14
97	1016	2
98	990	6
99	967	14
100	993	0
101	1014	7
102	1003	0
103	949	3
104	988	0
105	998	1
106	969	0
107	981	0
108	1031	2
109	1020	28
110	1011	40
111	957	1
112	991	0
113	1003	0
114	955	1
115	1049	0
116	1003	11
117	1001	4
118	979	29
119	978	17
120	1029	8
121	1005	15
122	990	6
123	1018	0
124	1027	0
125	997	13
126	1031	11
127	1000	24
128	1040	33
129	993	0
130	977	0
131	996	0
132	1028	3
133	1021	0
134	999	0
135	960	0
136	964	0
137	1041	0
138	1035	0
139	987	0
140	1042	8
141	978	23
142	1005	0
143	982	0
144	1041	0
145	990	10
146	1013	6
147	1001	0
148	1022	6
149	1013	1
150	1028	0
151	1006	12
152	972	0
153	994	1
154	999	0
155	1017	0
156	1037	1
157	968	0
158	1024	0
159	1037	6
160	984	0
161	970	0
162	993	2
163	966	31
164	962	9
165	993	11
166	976	0
167	1029	0
168	1030	0
169	998	0
170	992	2
171	1016	0
172	978	0
173	999	0
174	1012	0
175	974	0
176	1012	10
177	1025	1
178	997	0
179	985	3
180	986	0
181	1011	15
182	1008	17
183	990	0
184	1018	0
185	1014	0
186	996	0
187	1006	0
188	985	0
189	986	0
190	993	0
191	1001	0
192	1014	0
193	964	19
194	975	19
195	971	19
196	1011	0
197	979	3
198	1024	4
199	999	0
200	1012	15
201	1016	0
202	1009	0
203	1003	0
204	998	0
205	1084	0
206	965	0
207	1025	0
208	1016	7
209	985	10
210	1000	0
211	1026	1
212	1015	0
213	940	8
214	1024	0
215	961	3
216	1001	0
217	1013	0
218	994	0
219	1002	0
220	1027	0
221	982	0
222	989	10
223	965	2
224	1032	2
225	997	2
226	991	0
227	1031	0
228	981	1
229	1002	0
230	964	2
231	1014	0
232	1000	0
233	996	0
234	997	1
235	1016	0
236	1000	1
237	1009	6
238	1017	7
239	964	0
240	1011	0
241	1057	0
242	1000	0
243	978	4
244	962	0
245	989	0
246	1032	0
247	990	0
248	1028	0
249	1022	3
250	996	9
251	1012	0
252	1026	0
253	975	0
254	1025	6
255	969	11
256	975	12
257	1022	15
258	996	5
259	1019	0
260	1010	0
261	1021	0
262	1000	0
263	1022	0
264	967	0
265	1033	0
266	982	4
267	1004	7
268	982	7
269	1018	6
270	1010	48
271	1031	34
272	992	7
273	975	0
274	1018	0
275	988	0
276	995	0
277	1050	0
278	985	0
279	1030	0
280	989	0
281	989	0
282	1001	0
283	995	0
284	979	12
285	989	28
286	1026	5
287	1025	3
288	1021	0
289	974	11
290	1017	31
291	1011	0
292	1040	0
293	1045	1
294	1030	6
295	1023	0
296	1017	7
297	1015	0
298	989	0
299	998	2
300	994	0
301	993	0
302	1026	0
303	1026	3
304	974	3
305	982	0
306	1005	1
307	973	0
308	968	0
309	1020	12
310	998	0
311	995	0
312	992	0
313	1007	12
314	970	0
315	1061	0
316	1018	2
317	975	4
318	987	12
319	997	2
320	989	0
321	1057	0
322	1036	0
323	997	0
324	974	6
325	1016	0
326	1012	0
327	1043	0
328	1017	0
329	988	0
330	1030	0
331	963	0
332	995	0
333	970	7
334	1016	0
335	993	0
336	997	0
337	986	0
338	981	0
339	1005	0
340	985	0
341	1009	0
342	1034	5
343	1017	0
344	994	0
345	1014	0
346	976	0
347	980	0
348	1001	1
349	1046	1
350	1013	0
351	1014	0
352	1000	0
353	982	18
354	985	0
355	1013	0
356	1011	4
357	998	0
358	1018	0
359	983	5
360	1002	30
361	1016	3
362	1026	0
363	1023	0
364	984	6
365	1006	0
366	997	0
367	1015	0
368	1027	0
369	959	4
370	1008	11
371	1016	9
372	974	0
373	1024	0
374	1027	0
375	986	15
376	986	6
377	996	1
378	1008	0
379	941	0
380	981	0
381	973	3
382	1014	5
383	1003	0
384	1023	14
385	986	4
386	1008	0
387	1005	0
388	981	0
389	1022	17
390	1017	19
391	1039	16
392	989	0
393	1015	0
394	1033	0
395	1030	4
396	984	4
397	1000	0
398	1010	0
399	1003	0
400	995	0
401	982	0
402	1038	0
403	985	0
404	951	0
405	975	0
406	997	0
407	989	0
408	1005	0
409	984	18
410	1014	10
411	989	4
412	1005	16
413	1013	0
414	987	0
415	1005	0
416	1010	0
417	1016	0
418	988	0
419	1007	0
420	994	8
421	1005	5
422	991	0
423	982	0
424	957	5
425	1012	0
426	999	0
427	1026	0
428	1025	5
429	1023	4
430	1043	0
431	1006	1
432	1015	0
433	1055	0
434	1020	0
435	939	1
436	976	0
437	1049	5
438	1013	0
439	995	16
440	1002	4
441	956	14
442	1032	2
443	995	11
444	1008	0
445	984	6
446	1008	4
447	1020	8
448	1015	0
449	1009	0
450	1035	0
451	999	0
452	953	0
453	970	27
454	993	0
455	984	0
456	1001	6
457	993	0
458	991	0
459	1005	0
460	1013	0
461	1017	0
462	989	0
463	1003	8
464	956	22
465	1006	7
466	982	0
467	989	6
468	983	21
469	992	36
470	994	5
471	997	0
472	975	8
473	982	0
474	989	0
475	1045	0
476	1017	0
477	1017	0
478	1019	0
479	1010	0
480	1000	0
481	999	0
482	993	16
483	1003	1
484	972	0
485	981	0
486	956	0
487	1004	0
488	1042	0
489	1024	0
490	1005	1
491	1018	0
492	1020	0
493	1000	0
494	968	0
495	980	8
496	957	9
497	1020	0
498	1004	0
499	1006	0
500	967	0
501	1005	0
502	975	0
503	1077	0
504	999	0
505	994	0
506	985	22
507	992	15
508	1008	0
509	991	0
510	960	10
511	992	7
512	981	0
513	990	39
514	1022	24
515	984	21
516	1004	26
517	1043	0
518	989	7
519	1017	13
520	995	0
521	970	0
522	998	0
523	1011	0
524	967	0
525	1035	0
526	1020	0
527	1000	13
528	1002	12
529	998	11
530	1017	0
531	969	3
532	998	20
533	991	17
534	1002	0
535	1033	22
536	1003	14
537	963	8
538	980	19
539	977	7
540	1011	0
541	1012	0
542	993	1
543	1013	2
544	1017	0
545	1018	0
546	987	0
547	1034	0
548	1004	0
549	975	0
550	986	0
551	959	0
552	1006	0
553	1004	13
554	1052	1
555	974	0
556	1030	0
557	996	0
558	1005	0
559	983	0
560	975	0
561	973	0
562	1020	0
563	1027	0
564	951	3
565	969	20
566	1034	21
567	1049	0
568	1004	18
569	975	17
570	1036	5
571	991	14
572	973	1
573	1041	0
574	991	0
575	1016	0
576	1003	0
577	960	1
578	985	13
579	1026	0
580	1008	0
581	980	0
582	1034	0
583	985	0
584	1001	0
585	1022	0
586	1037	1
587	1009	0
588	987	0
589	1020	0
590	1006	0
591	1012	0
592	979	0
593	991	0
594	1010	13
595	985	1
596	1016	0
597	998	0
598	952	11
599	994	4
600	1013	22
601	1030	0
602	998	2
603	1000	0
604	1018	0
605	1013	0
606	969	0
607	993	3
608	1035	0
609	995	0
610	1020	0
611	1002	0
612	999	0
613	977	11
614	998	6
615	986	13
616	966	0
617	991	0
618	1010	0
619	1033	0
620	1017	7
621	999	0
622	991	7
623	992	0
624	975	0
625	998	0
626	976	0
627	1023	0
628	1018	9
629	1003	28
630	1013	15
631	1035	0
632	1000	0
633	966	3
634	1019	4
635	976	0
636	981	53
637	983	1
638	1031	0
639	990	0
640	1008	0
641	949	10
642	1005	19
643	988	0
644	1007	0
645	991	0
646	1001	9
647	992	0
648	995	0
649	1010	0
650	969	0
651	975	10
652	1029	33
653	1066	0
654	993	0
655	1003	1
656	997	0
657	987	18
658	1031	3
659	974	0
660	974	0
661	1000	0
662	1028	28
663	991	3
664	970	9
665	1010	0
666	1007	21
667	1012	0
668	973	36
669	1001	0
670	956	0
671	1005	17
672	1042	6
673	980	5
674	988	0
675	1027	0
676	1019	0
677	1007	0
678	1000	10
679	1008	22
680	1006	0
681	974	0
682	982	0
683	1016	1
684	998	0
685	994	0
686	1011	32
687	1024	0
688	1033	12
689	1021	3
690	1024	0
691	982	0
692	1001	0
693	983	3
694	958	2
695	993	0
696	1003	12
697	954	0
698	970	0
699	1001	2
700	979	0
701	975	0
702	1048	0
703	999	0
704	949	0
705	1023	0
706	1037	0
707	1021	0
708	1004	0
709	1009	0
710	1027	0
711	988	1
712	1023	0
713	938	0
714	999	0
715	957	0
716	997	0
717	968	0
718	998	0
719	1020	0
720	986	0
721	1000	12
722	1003	39
723	1020	0
724	978	0
725	1006	0
726	968	0
727	985	0
728	990	0
729	1008	0
730	986	0
731	1004	0
732	1015	13
733	976	21
734	1013	0
735	1022	0
736	1043	5
737	1019	12
738	991	0
739	988	0
740	987	0
741	985	29
742	998	0
743	974	0
744	998	0
745	976	0
746	1003	0
747	963	8
748	983	0
749	1026	0
750	1031	21
751	1005	0
752	1011	0
753	1000	28
754	993	0
755	1016	1
756	1008	0
757	982	1
758	992	0
759	976	0
760	966	0
761	984	16
762	1014	6
763	1014	0
764	973	11
765	989	1
766	985	0
767	971	15
768	1050	0
769	1030	0
770	982	0
771	956	0
772	987	0
773	1008	0
774	1007	0
775	1016	0
776	994	0
777	997	0
778	1010	19
779	998	0
780	992	0
781	965	4
782	1000	0
783	990	0
784	997	0
785	970	0
786	1016	0
787	956	0
788	1013	0
789	1019	0
790	985	0
791	1004	0
792	1014	7
793	955	23
794	990	8
795	994	0
796	964	16
797	991	0
798	982	0
799	970	0
800	1014	0
801	996	0
802	978	19
803	974	8
804	1007	0
805	1044	0
806	1018	9
807	988	1
808	999	0
809	1032	0
810	996	0
811	1025	0
812	994	0
813	981	14
814	994	23
815	1007	5
816	981	0
817	997	0
818	985	20
819	970	0
820	1016	0
821	1012	0
822	1014	0
823	984	0
824	1016	28
825	1016	1
826	999	0
827	1001	0
828	1024	1
829	1018	0
830	1001	0
831	996	0
832	997	13
833	1024	65
834	1017	5
835	977	0
836	1009	0
837	982	0
838	978	0
839	972	0
840	955	0
841	1010	0
842	1036	1
843	979	10
844	1027	17
845	1031	0
846	1014	0
847	1028	0
848	1011	0
849	992	0
850	1028	0
851	1023	1
852	1004	0
853	1012	21
854	1024	0
855	1007	0
856	1004	0
857	994	0
858	1013	9
859	985	27
860	1008	16
861	1016	3
862	985	0
863	1015	1
864	1001	0
865	1020	18
866	989	1
867	968	0
868	991	0
869	962	0
870	990	3
871	987	1
872	994	0
873	1008	40
874	966	13
875	977	9
876	998	0
877	998	0
878	1003	0
879	1004	5
880	1035	10
881	1024	0
882	975	0
883	1001	0
884	973	0
885	986	0
886	1019	2
887	1007	1
888	968	0
889	984	12
890	975	0
891	1004	0
892	1015	0
893	1017	0
894	1010	0
895	999	16
896	1003	1
897	1012	0
898	1005	0
899	984	26
900	1008	2
901	951	0
902	997	0
903	987	0
904	999	0
905	1014	2
906	997	0
907	992	0
908	1013	0
909	982	0
910	979	0
911	1015	0
912	957	0
913	987	0
914	1026	0
915	994	0
916	992	0
917	997	34
918	998	0
919	986	3
920	995	0
921	961	0
922	1037	0
923	1009	0
924	987	0
925	1016	0
926	992	15
927	1040	13
928	963	0
929	1021	0
930	1012	0
931	1011	0
932	986	0
933	999	12
934	995	0
935	983	0
936	982	0
937	987	19
938	1015	31
939	990	0
940	1028	0
941	1038	0
942	992	4
943	1023	0
944	1036	0
945	1001	0
946	1014	0
947	1065	0
948	1023	1
949	983	0
950	992	0
951	1028	0
952	1010	0
953	1039	0
954	1052	0
955	991	1
956	1013	0
957	979	0
958	974	1
959	1027	4
960	1013	20
961	1018	0
962	1011	12
963	1041	0
964	1018	0
965	1040	0
966	1002	0
967	994	0
968	1002	0
969	1002	0
970	1003	0
971	979	7
972	977	0
973	1004	0
974	1012	0
975	969	0
976	958	0
977	987	1
978	978	0
979	1036	0
980	972	0
981	1035	0
982	1005	7
983	986	0
984	1001	0
985	1020	23
986	976	28
987	1026	0
988	970	0
989	1001	0
990	996	0
991	1012	4
992	992	2
993	987	1
994	982	0
995	955	0
996	1004	0
997	1017	10
998	1024	0
999	1023	2
