0	500	0	0
1	490	0	0
2	465	0	0
3	469	0	0
4	463	0	0
5	463	0	0
6	471	0	0
7	470	0	0
8	469	0	0
9	466	0	0
10	467	0	0
11	472	0	0
12	474	0	0
13	469	0	0
14	476	0	0
15	472	0	0
16	474	0	0
17	473	0	0
18	465	0	0
19	469	0	0
20	461	0	0
21	464	0	0
22	459	0	0
23	461	0	0
24	465	0	0
25	459	0	0
26	461	0	0
27	461	0	0
28	468	0	0
29	458	0	0
30	465	0	0
31	467	0	0
32	462	0	0
33	459	0	0
34	462	0	0
35	461	0	0
36	466	0	0
37	467	0	0
38	463	0	0
39	455	0	0
40	469	0	0
41	461	0	0
42	460	0	0
43	458	0	0
44	468	0	0
45	465	0	0
46	470	0	0
47	472	0	0
48	465	0	0
49	467	0	0
50	478	0	0
51	485	113	0
52	477	0	0
53	477	0	0
54	464	0	0
55	460	0	0
56	457	0	0
57	464	0	0
58	468	0	0
59	465	0	0
60	461	0	0
61	467	0	0
62	456	0	0
63	461	0	0
64	468	0	0
65	456	0	0
66	463	0	0
67	475	0	0
68	460	0	0
69	470	0	0
70	460	0	0
71	462	0	0
72	464	0	0
73	472	0	0
74	466	0	0
75	454	0	0
76	458	0	0
77	462	0	0
78	466	0	0
79	468	0	0
80	473	0	0
81	466	0	0
82	460	0	0
83	464	0	0
84	460	0	0
85	464	0	0
86	469	0	0
87	461	0	0
88	459	0	0
89	463	0	0
90	466	0	0
91	468	0	0
92	455	0	0
93	460	0	0
94	471	0	0
95	469	0	0
96	462	0	0
97	465	0	0
98	469	0	0
99	468	0	0
100	475	6	0
101	485	0	0
102	480	0	0
103	466	0	0
104	460	0	0
105	465	0	0
106	468	0	0
107	453	0	0
108	455	0	0
109	464	0	0
110	464	0	0
111	466	0	0
112	465	0	0
113	458	0	0
114	452	0	0
115	451	0	0
116	451	0	0
117	451	0	0
118	444	0	0
119	461	0	0
120	463	0	0
121	463	0	0
122	464	0	0
123	457	0	0
124	453	0	0
125	460	0	0
126	465	0	0
127	459	0	0
128	459	0	0
129	464	0	0
130	463	0	0
131	466	0	0
132	468	0	0
133	465	0	0
134	468	0	0
135	466	0	0
136	460	0	0
137	460	0	0
138	458	0	0
139	451	0	0
140	453	0	0
141	453	0	0
142	455	0	0
143	455	0	0
144	454	0	0
145	453	0	0
146	449	0	0
147	455	0	0
148	454	0	0
149	454	0	0
150	454	0	0
151	480	18	0
152	458	0	0
153	456	0	0
154	458	0	0
155	448	0	0
156	459	0	0
157	457	0	0
158	453	0	0
159	455	0	0
160	463	0	0
161	460	0	0
162	455	0	0
163	448	0	0
164	449	0	0
165	444	0	0
166	446	0	0
167	448	0	0
168	450	0	0
169	447	0	0
170	457	0	0
171	463	0	0
172	466	0	0
173	462	0	0
174	473	0	0
175	466	0	0
176	451	0	0
177	454	0	0
178	450	0	0
179	450	0	0
180	469	0	0
181	463	0	0
182	462	0	0
183	465	0	0
184	457	0	0
185	459	0	0
186	465	0	0
187	459	0	0
188	445	0	0
189	451	0	0
190	449	0	0
191	459	0	0
192	455	0	0
193	447	0	0
194	447	0	0
195	448	0	0
196	459	0	0
197	449	0	0
198	453	0	0
199	461	0	0
200	469	0	0
201	481	4	0
202	473	0	0
203	456	0	0
204	447	0	0
205	461	0	0
206	459	0	0
207	451	0	0
208	450	0	0
209	458	0	0
210	451	0	0
211	449	0	0
212	446	0	0
213	447	0	0
214	455	0	0
215	458	0	0
216	451	0	0
217	454	0	0
218	454	0	0
219	456	0	0
220	444	0	0
221	447	0	0
222	447	0	0
223	450	0	0
224	451	0	0
225	439	0	0
226	443	0	0
227	460	0	0
228	454	0	0
229	460	0	0
230	461	0	0
231	462	0	0
232	461	0	0
233	453	0	0
234	448	0	0
235	450	0	0
236	450	0	0
237	459	0	0
238	470	0	0
239	457	0	0
240	445	0	0
241	449	0	0
242	441	0	0
243	453	0	0
244	449	0	0
245	452	0	0
246	451	0	0
247	461	0	0
248	456	0	0
249	453	0	0
250	464	8	0
251	480	39	0
252	444	0	0
253	445	0	0
254	442	0	0
255	435	0	0
256	457	0	0
257	439	0	0
258	434	0	0
259	444	0	0
260	427	0	0
261	435	0	0
262	441	0	0
263	437	0	0
264	448	0	0
265	443	0	0
266	445	0	0
267	452	0	0
268	451	0	0
269	445	0	0
270	455	0	0
271	451	0	0
272	446	0	0
273	442	0	0
274	432	0	0
275	439	0	0
276	443	0	0
277	455	0	0
278	452	0	0
279	440	0	0
280	446	0	0
281	451	0	0
282	447	0	0
283	441	0	0
284	449	0	0
285	430	0	0
286	439	0	0
287	442	0	0
288	450	0	0
289	457	0	0
290	446	0	0
291	455	0	0
292	452	0	0
293	461	0	0
294	446	0	0
295	445	0	0
296	449	0	0
297	447	0	0
298	447	0	0
299	463	0	0
300	463	1	0
301	478	1	0
302	451	0	0
303	436	0	0
304	436	0	0
305	439	0	0
306	433	0	0
307	447	0	0
308	443	0	0
309	442	0	0
310	453	0	0
311	444	0	0
312	444	0	0
313	450	0	0
314	447	0	0
315	449	0	0
316	449	0	0
317	443	0	0
318	443	0	0
319	445	0	0
320	442	0	0
321	443	0	0
322	441	0	0
323	452	0	0
324	445	0	0
325	454	0	0
326	443	0	0
327	435	0	0
328	451	0	0
329	449	0	0
330	459	0	0
331	446	0	0
332	438	0	0
333	432	0	0
334	438	0	0
335	438	0	0
336	449	0	0
337	442	0	0
338	446	0	0
339	444	0	0
340	441	0	0
341	441	0	0
342	447	0	0
343	447	0	0
344	446	0	0
345	444	0	0
346	443	0	0
347	446	0	0
348	434	0	0
349	442	0	0
350	446	19	0
351	474	9	0
352	434	0	0
353	422	0	0
354	429	0	0
355	434	0	0
356	440	0	0
357	437	0	0
358	437	0	0
359	432	0	0
360	437	0	0
361	430	0	0
362	442	0	0
363	437	0	0
364	445	0	0
365	439	0	0
366	431	0	0
367	430	0	0
368	445	0	0
369	442	0	0
370	441	0	0
371	444	0	0
372	443	0	0
373	442	0	0
374	435	0	0
375	443	0	0
376	442	0	0
377	444	0	0
378	434	0	0
379	435	0	0
380	427	0	0
381	441	0	0
382	445	0	0
383	444	0	0
384	436	0	0
385	447	0	0
386	453	0	0
387	449	0	0
388	448	0	0
389	442	0	0
390	431	0	0
391	414	0	0
392	420	0	0
393	429	0	0
394	427	0	0
395	432	0	0
396	432	0	0
397	440	0	0
398	435	0	0
399	424	0	0
400	443	0	0
401	462	29	0
402	441	0	0
403	425	0	0
404	431	0	0
405	434	0	0
406	422	0	0
407	432	0	0
408	438	0	0
409	429	0	0
410	434	0	0
411	442	0	0
412	431	0	0
413	440	0	0
414	430	0	0
415	425	0	0
416	435	0	0
417	431	0	0
418	421	0	0
419	433	0	0
420	436	0	0
421	424	0	0
422	411	0	0
423	432	0	0
424	428	0	0
425	431	0	0
426	424	0	0
427	431	0	0
428	423	0	0
429	435	0	0
430	427	0	0
431	440	0	0
432	443	0	0
433	440	0	0
434	443	0	0
435	434	0	0
436	442	0	0
437	428	0	0
438	426	0	0
439	433	0	0
440	430	0	0
441	444	0	0
442	437	0	0
443	432	0	0
444	432	0	0
445	427	0	0
446	420	0	0
447	435	0	0
448	420	0	0
449	428	0	0
450	425	1	0
451	454	5	1
452	438	0	0
453	430	0	0
454	430	0	0
455	424	0	0
456	413	0	0
457	417	0	0
458	430	0	0
459	425	0	0
460	421	0	0
461	427	0	0
462	418	0	0
463	423	0	0
464	421	0	0
465	421	0	0
466	429	0	0
467	425	0	0
468	418	0	0
469	416	0	0
470	427	0	0
471	437	0	0
472	432	0	0
473	424	0	0
474	438	0	0
475	432	0	0
476	425	0	0
477	432	0	0
478	432	0	0
479	424	0	0
480	422	0	0
481	434	0	0
482	434	0	0
483	435	0	0
484	418	0	0
485	438	0	0
486	422	0	0
487	424	0	0
488	409	0	0
489	420	0	0
490	423	0	0
491	428	0	0
492	427	0	0
493	424	0	0
494	418	0	0
495	420	0	0
496	432	0	0
497	421	0	0
498	429	0	0
499	434	0	0
500	431	32	0
501	454	1	0
502	421	0	0
503	431	0	0
504	426	0	0
505	420	0	0
506	418	0	0
507	418	0	0
508	434	0	0
509	424	0	0
510	416	0	0
511	434	0	0
512	420	0	0
513	414	0	0
514	427	0	0
515	423	0	0
516	417	0	0
517	429	0	0
518	415	0	0
519	436	0	0
520	416	0	0
521	426	0	0
522	418	0	0
523	411	0	0
524	428	0	0
525	422	0	0
526	416	0	0
527	421	0	0
528	415	0	0
529	419	0	0
530	415	0	0
531	406	0	0
532	414	0	0
533	410	0	0
534	426	0	0
535	415	0	0
536	413	0	0
537	426	0	0
538	420	0	0
539	410	0	0
540	409	0	0
541	414	0	0
542	420	0	0
543	426	0	0
544	433	0	0
545	435	0	0
546	415	0	0
547	416	0	0
548	420	0	0
549	408	0	0
550	437	4	0
551	436	27	0
552	426	0	0
553	422	0	0
554	412	0	0
555	411	0	0
556	395	0	0
557	396	0	0
558	402	0	0
559	402	0	0
560	405	0	0
561	410	0	0
562	407	0	0
563	414	0	0
564	413	0	0
565	413	0	0
566	408	0	0
567	419	0	0
568	423	0	0
569	410	0	0
570	406	0	0
571	416	0	0
572	416	0	0
573	425	0	0
574	408	0	0
575	420	0	0
576	407	0	0
577	417	0	0
578	421	0	0
579	425	0	0
580	428	0	0
581	411	0	0
582	419	0	0
583	414	0	0
584	423	0	0
585	413	0	0
586	425	0	0
587	430	0	0
588	433	0	0
589	432	0	0
590	415	0	0
591	414	0	0
592	416	0	0
593	421	0	0
594	412	0	0
595	409	0	0
596	413	0	0
597	408	0	0
598	396	0	0
599	393	0	0
600	423	32	0
601	436	3	0
602	410	0	0
603	416	0	0
604	393	0	0
605	409	0	0
606	417	0	0
607	410	0	0
608	394	0	0
609	390	0	0
610	414	0	0
611	418	0	0
612	402	0	0
613	404	0	0
614	417	0	0
615	410	0	0
616	412	0	0
617	414	0	0
618	407	0	0
619	402	0	0
620	411	0	0
621	415	0	0
622	408	0	0
623	416	0	0
624	404	0	0
625	400	0	0
626	406	0	0
627	403	0	0
628	404	0	0
629	394	0	0
630	399	0	0
631	414	0	0
632	409	0	0
633	408	0	0
634	392	0	0
635	393	0	0
636	400	0	0
637	400	0	0
638	405	0	0
639	395	0	0
640	395	0	0
641	387	0	0
642	395	0	0
643	399	0	0
644	403	0	0
645	390	0	0
646	383	0	0
647	395	0	0
648	398	0	0
649	394	0	0
650	408	7	0
651	438	7	1
652	429	0	0
653	401	0	0
654	396	0	0
655	390	0	0
656	402	0	0
657	408	0	0
658	396	0	0
659	402	0	0
660	402	0	0
661	408	0	0
662	398	0	0
663	395	0	0
664	410	0	0
665	402	0	0
666	404	0	0
667	396	0	0
668	407	0	0
669	410	0	0
670	397	0	0
671	405	0	0
672	403	0	0
673	399	0	0
674	395	0	0
675	380	0	0
676	401	0	0
677	393	0	0
678	408	0	0
679	392	0	0
680	402	0	0
681	415	0	0
682	413	0	0
683	390	0	0
684	405	0	0
685	404	0	0
686	402	0	0
687	403	0	0
688	397	0	0
689	403	0	0
690	405	0	0
691	395	0	0
692	403	0	0
693	399	0	0
694	406	0	0
695	405	0	0
696	398	0	0
697	404	0	0
698	403	0	0
699	394	0	0
700	414	6	0
701	422	35	2
702	409	0	0
703	398	0	0
704	399	0	0
705	387	0	0
706	396	0	0
707	403	0	0
708	408	0	0
709	402	0	0
710	395	0	0
711	398	0	0
712	377	0	0
713	385	0	0
714	397	0	0
715	396	0	0
716	381	0	0
717	380	0	0
718	390	0	0
719	387	0	0
720	394	0	0
721	378	0	0
722	384	0	0
723	389	0	0
724	392	0	0
725	410	0	0
726	406	0	0
727	393	0	0
728	390	0	0
729	384	0	0
730	391	0	0
731	384	0	0
732	401	0	0
733	404	0	0
734	390	0	0
735	398	0	0
736	391	0	0
737	388	0	0
738	401	0	0
739	396	0	0
740	395	0	0
741	390	0	0
742	398	0	0
743	406	0	0
744	406	0	0
745	396	0	0
746	387	0	0
747	398	0	0
748	388	0	0
749	380	0	0
750	407	74	1
751	417	6	1
752	396	0	0
753	379	0	0
754	392	0	0
755	383	0	0
756	398	0	0
757	388	0	0
758	392	0	0
759	396	0	0
760	383	0	0
761	389	0	0
762	380	0	0
763	399	0	0
764	387	0	0
765	395	0	0
766	398	0	0
767	377	0	0
768	384	0	0
769	376	0	0
770	397	0	0
771	389	0	0
772	389	0	0
773	395	0	0
774	377	0	0
775	391	0	0
776	379	0	0
777	388	0	0
778	399	0	0
779	378	0	0
780	387	0	0
781	398	0	0
782	396	0	0
783	385	0	0
784	391	0	0
785	392	0	0
786	400	0	0
787	398	0	0
788	392	0	0
789	389	0	0
790	380	0	0
791	377	0	0
792	390	0	0
793	389	0	0
794	390	0	0
795	412	0	0
796	383	0	0
797	402	0	0
798	398	0	0
799	402	0	0
800	404	0	0
801	412	6	0
802	400	0	0
803	386	0	0
804	399	0	0
805	403	0	0
806	385	0	0
807	375	0	0
808	378	0	0
809	386	0	0
810	395	0	0
811	390	0	0
812	402	0	0
813	403	0	0
814	392	0	0
815	385	0	0
816	385	0	0
817	381	0	0
818	398	0	0
819	382	0	0
820	394	0	0
821	402	0	0
822	386	0	0
823	397	0	0
824	390	0	0
825	387	0	0
826	379	0	0
827	383	0	0
828	378	0	0
829	391	0	0
830	404	0	0
831	389	0	0
832	383	0	0
833	405	0	0
834	381	0	0
835	402	0	0
836	381	0	0
837	373	0	0
838	391	0	0
839	395	0	0
840	390	0	0
841	386	0	0
842	385	0	0
843	376	0	0
844	374	0	0
845	393	0	0
846	383	0	0
847	377	0	0
848	388	0	0
849	391	0	0
850	407	6	1
851	398	5	1
852	389	0	0
853	375	0	0
854	396	0	0
855	383	0	0
856	385	0	0
857	392	0	0
858	382	0	0
859	391	0	0
860	380	0	0
861	391	0	0
862	375	0	0
863	390	0	0
864	370	0	0
865	388	0	0
866	379	0	0
867	390	0	0
868	374	0	0
869	377	0	0
870	388	0	0
871	388	0	0
872	391	0	0
873	392	0	0
874	379	0	0
875	382	0	0
876	396	0	0
877	371	0	0
878	389	0	0
879	388	0	0
880	375	0	0
881	392	0	0
882	375	0	0
883	372	0	0
884	384	0	0
885	392	0	0
886	385	0	0
887	367	0	0
888	387	0	0
889	385	0	0
890	375	0	0
891	391	0	0
892	391	0	0
893	376	0	0
894	369	0	0
895	376	0	0
896	373	0	0
897	381	0	0
898	379	0	0
899	389	0	0
900	394	13	3
901	405	24	1
902	381	0	0
903	384	0	0
904	374	0	0
905	386	0	0
906	368	0	0
907	378	0	0
908	390	0	0
909	369	0	0
910	381	0	0
911	399	0	0
912	397	0	0
913	388	0	0
914	386	0	0
915	392	0	0
916	387	0	0
917	386	0	0
918	385	0	0
919	378	0	0
920	397	0	0
921	393	0	0
922	377	0	0
923	389	0	0
924	377	0	0
925	396	0	0
926	379	0	0
927	380	0	0
928	374	0	0
929	389	0	0
930	389	0	0
931	371	0	0
932	379	0	0
933	377	0	0
934	386	0	0
935	373	0	0
936	387	0	0
937	387	0	0
938	379	0	0
939	378	0	0
940	389	0	0
941	380	0	0
942	356	0	0
943	372	0	0
944	377	0	0
945	367	0	0
946	394	0	0
947	392	0	0
948	389	0	0
949	389	0	0
950	384	2	0
951	404	2	0
952	397	0	0
953	396	0	0
954	368	0	0
955	384	0	0
956	365	0	0
957	390	0	0
958	374	0	0
959	379	0	0
960	377	0	0
961	366	0	0
962	384	0	0
963	375	0	0
964	388	0	0
965	385	0	0
966	367	0	0
967	372	0	0
968	386	0	0
969	369	0	0
970	375	0	0
971	373	0	0
972	380	0	0
973	394	0	0
974	374	0	0
975	377	0	0
976	387	0	0
977	384	0	0
978	379	0	0
979	377	0	0
980	387	0	0
981	385	0	0
982	393	0	0
983	395	0	0
984	381	0	0
985	372	0	0
986	388	0	0
987	394	0	0
988	389	0	0
989	374	0	0
990	393	0	0
991	373	0	0
992	383	0	0
993	385	0	0
994	382	0	0
995	361	0	0
996	380	0	0
997	388	0	0
998	380	0	0
999	364	0	0
