0	2000	0	0
1	2000	0	0
2	1853	0	0
3	1832	0	0
4	1844	0	0
5	1866	0	0
6	1873	0	0
7	1865	0	0
8	1883	0	0
9	1869	0	0
10	1870	0	0
11	1870	0	0
12	1878	0	0
13	1861	0	0
14	1851	0	0
15	1849	0	0
16	1833	0	0
17	1860	0	0
18	1871	0	0
19	1878	0	0
20	1872	0	0
21	1860	0	0
22	1856	0	0
23	1845	0	0
24	1869	0	0
25	1876	0	0
26	1880	0	0
27	1867	0	0
28	1879	0	0
29	1884	0	0
30	1877	0	0
31	1875	0	0
32	1854	0	0
33	1859	0	0
34	1871	0	0
35	1885	0	0
36	1892	0	0
37	1863	0	0
38	1874	0	0
39	1872	0	0
40	1867	0	0
41	1842	0	0
42	1853	0	0
43	1845	0	0
44	1843	0	0
45	1836	0	0
46	1838	0	0
47	1849	0	0
48	1844	0	0
49	1867	0	0
50	1858	7	0
51	1929	4	0
52	1911	0	0
53	1853	0	0
54	1852	0	0
55	1849	0	0
56	1841	0	0
57	1847	0	0
58	1836	0	0
59	1821	0	0
60	1839	0	0
61	1860	0	0
62	1839	0	0
63	1844	0	0
64	1844	0	0
65	1824	0	0
66	1829	0	0
67	1840	0	0
68	1838	0	0
69	1829	0	0
70	1827	0	0
71	1846	0	0
72	1843	0	0
73	1843	0	0
74	1842	0	0
75	1842	0	0
76	1841	0	0
77	1860	0	0
78	1849	0	0
79	1849	0	0
80	1865	0	0
81	1867	0	0
82	1844	0	0
83	1844	0	0
84	1839	0	0
85	1829	0	0
86	1851	0	0
87	1820	0	0
88	1842	0	0
89	1829	0	0
90	1838	0	0
91	1846	0	0
92	1853	0	0
93	1852	0	0
94	1859	0	0
95	1842	0	0
96	1848	0	0
97	1854	0	0
98	1835	0	0
99	1828	0	0
100	1818	16	0
101	1903	2	0
102	1875	0	0
103	1820	0	0
104	1815	0	0
105	1826	0	0
106	1838	0	0
107	1825	0	0
108	1809	0	0
109	1838	0	0
110	1848	0	0
111	1846	0	0
112	1821	0	0
113	1819	0	0
114	1843	0	0
115	1868	0	0
116	1860	0	0
117	1830	0	0
118	1803	0	0
119	1815	0	0
120	1821	0	0
121	1833	0	0
122	1859	0	0
123	1840	0	0
124	1845	0	0
125	1830	0	0
126	1835	0	0
127	1828	0	0
128	1834	0	0
129	1833	0	0
130	1828	0	0
131	1822	0	0
132	1830	0	0
133	1839	0	0
134	1830	0	0
135	1827	0	0
136	1820	0	0
137	1830	0	0
138	1811	0	0
139	1818	0	0
140	1822	0	0
141	1826	0	0
142	1827	0	0
143	1812	0	0
144	1838	0	0
145	1837	0	0
146	1839	0	0
147	1827	0	0
148	1833	0	0
149	1816	0	0
150	1782	0	0
151	1879	356	0
152	1822	1	0
153	1819	0	0
154	1830	0	0
155	1809	0	0
156	1823	0	0
157	1834	0	0
158	1810	0	0
159	1816	0	0
160	1800	0	0
161	1825	0	0
162	1816	0	0
163	1816	0	0
164	1818	0	0
165	1828	0	0
166	1816	0	0
167	1813	0	0
168	1813	0	0
169	1818	0	0
170	1802	0	0
171	1831	0	0
172	1824	0	0
173	1825	0	0
174	1809	0	0
175	1815	0	0
176	1810	0	0
177	1821	0	0
178	1809	0	0
179	1805	0	0
180	1812	0	0
181	1801	0	0
182	1814	0	0
183	1800	0	0
184	1816	0	0
185	1805	0	0
186	1797	0	0
187	1805	0	0
188	1814	0	0
189	1811	0	0
190	1788	0	0
191	1802	0	0
192	1810	0	0
193	1786	0	0
194	1799	0	0
195	1802	0	0
196	1830	0	0
197	1799	0	0
198	1802	0	0
199	1809	0	0
200	1782	2	0
201	1904	1	0
202	1840	0	0
203	1806	0	0
204	1803	0	0
205	1819	0	0
206	1807	0	0
207	1829	0	0
208	1817	0	0
209	1794	0	0
210	1825	0	0
211	1812	0	0
212	1813	0	0
213	1807	0	0
214	1807	0	0
215	1796	0	0
216	1798	0	0
217	1795	0	0
218	1798	0	0
219	1802	0	0
220	1830	0	0
221	1828	0	0
222	1816	0	0
223	1801	0	0
224	1805	0	0
225	1801	0	0
226	1772	0	0
227	1782	0	0
228	1805	0	0
229	1818	0	0
230	1806	0	0
231	1828	0	0
232	1814	0	0
233	1811	0	0
234	1811	0	0
235	1803	0	0
236	1803	0	0
237	1807	0	0
238	1795	0	0
239	1800	0	0
240	1789	0	0
241	1813	0	0
242	1800	0	0
243	1789	0	0
244	1786	0	0
245	1801	0	0
246	1801	0	0
247	1784	0	0
248	1795	0	0
249	1803	0	0
250	1790	0	0
251	1895	11	0
252	1840	0	0
253	1836	0	0
254	1795	0	0
255	1799	0	0
256	1808	0	0
257	1817	0	0
258	1791	0	0
259	1791	0	0
260	1789	0	0
261	1801	0	0
262	1787	0	0
263	1791	0	0
264	1784	0	0
265	1805	0	0
266	1784	0	0
267	1793	0	0
268	1765	0	0
269	1761	0	0
270	1784	0	0
271	1778	0	0
272	1779	0	0
273	1760	0	0
274	1754	0	0
275	1769	0	0
276	1785	0	0
277	1796	0	0
278	1801	0	0
279	1797	0	0
280	1779	0	0
281	1804	0	0
282	1816	0	0
283	1803	0	0
284	1767	0	0
285	1771	0	0
286	1780	0	0
287	1800	0	0
288	1784	0	0
289	1776	0	0
290	1788	0	0
291	1773	0	0
292	1790	0	0
293	1785	0	0
294	1795	0	0
295	1791	0	0
296	1765	0	0
297	1777	0	0
298	1774	0	0
299	1775	0	0
300	1776	0	0
301	1885	1	0
302	1773	0	0
303	1775	0	0
304	1746	0	0
305	1766	0	0
306	1747	0	0
307	1790	0	0
308	1787	0	0
309	1760	0	0
310	1789	0	0
311	1736	0	0
312	1764	0	0
313	1758	0	0
314	1762	0	0
315	1728	0	0
316	1765	0	0
317	1763	0	0
318	1747	0	0
319	1760	0	0
320	1751	0	0
321	1763	0	0
322	1765	0	0
323	1756	0	0
324	1753	0	0
325	1769	0	0
326	1772	0	0
327	1776	0	0
328	1763	0	0
329	1792	0	0
330	1764	0	0
331	1735	0	0
332	1757	0	0
333	1750	0	0
334	1766	0	0
335	1745	0	0
336	1767	0	0
337	1776	0	0
338	1765	0	0
339	1762	0	0
340	1753	0	0
341	1759	0	0
342	1753	0	0
343	1766	0	0
344	1763	0	0
345	1770	0	0
346	1765	0	0
347	1785	0	0
348	1778	0	0
349	1765	0	0
350	1748	1	0
351	1850	13	0
352	1754	0	0
353	1718	0	0
354	1706	0	0
355	1722	0	0
356	1727	0	0
357	1727	0	0
358	1744	0	0
359	1744	0	0
360	1766	0	0
361	1750	0	0
362	1718	0	0
363	1722	0	0
364	1716	0	0
365	1738	0	0
366	1707	0	0
367	1736	0	0
368	1720	0	0
369	1691	0	0
370	1719	0	0
371	1715	0	0
372	1730	0	0
373	1729	0	0
374	1750	0	0
375	1746	0	0
376	1702	0	0
377	1734	0	0
378	1733	0	0
379	1726	0	0
380	1723	0	0
381	1749	0	0
382	1732	0	0
383	1752	0	0
384	1759	0	0
385	1759	0	0
386	1739	0	0
387	1727	0	0
388	1737	0	0
389	1725	0	0
390	1750	0	0
391	1753	0	0
392	1758	0	0
393	1741	0	0
394	1715	0	0
395	1693	0	0
396	1720	0	0
397	1730	0	0
398	1729	0	0
399	1734	0	0
400	1733	6	0
401	1816	1	0
402	1740	0	0
403	1715	0	0
404	1712	0	0
405	1739	0	0
406	1716	0	0
407	1712	0	0
408	1700	0	0
409	1756	0	0
410	1716	0	0
411	1730	0	0
412	1715	0	0
413	1709	0	0
414	1696	0	0
415	1711	0	0
416	1745	0	0
417	1722	0	0
418	1739	0	0
419	1726	0	0
420	1735	0	0
421	1747	0	0
422	1706	0	0
423	1688	0	0
424	1675	0	0
425	1681	0	0
426	1697	0	0
427	1713	0	0
428	1693	0	0
429	1706	0	0
430	1699	0	0
431	1669	0	0
432	1692	0	0
433	1714	0	0
434	1701	0	0
435	1707	0	0
436	1693	0	0
437	1712	0	0
438	1682	0	0
439	1691	0	0
440	1732	0	0
441	1710	0	0
442	1728	0	0
443	1711	0	0
444	1710	0	0
445	1710	0	0
446	1709	0	0
447	1722	0	0
448	1685	0	0
449	1691	0	0
450	1663	4	0
451	1765	1	0
452	1710	0	0
453	1672	0	0
454	1695	0	0
455	1675	0	0
456	1676	0	0
457	1690	0	0
458	1669	0	0
459	1660	0	0
460	1680	0	0
461	1695	0	0
462	1690	0	0
463	1695	0	0
464	1685	0	0
465	1693	0	0
466	1667	0	0
467	1700	0	0
468	1679	0	0
469	1680	0	0
470	1645	0	0
471	1656	0	0
472	1677	0	0
473	1672	0	0
474	1657	0	0
475	1645	0	0
476	1657	0	0
477	1660	0	0
478	1682	0	0
479	1702	0	0
480	1677	0	0
481	1670	0	0
482	1671	0	0
483	1685	0	0
484	1685	0	0
485	1669	0	0
486	1658	0	0
487	1673	0	0
488	1655	0	0
489	1684	0	0
490	1682	0	0
491	1672	0	0
492	1677	0	0
493	1674	0	0
494	1671	0	0
495	1644	0	0
496	1670	0	0
497	1665	0	0
498	1661	0	0
499	1662	0	0
500	1667	2	0
501	1743	2	0
502	1654	0	0
503	1662	0	0
504	1625	0	0
505	1652	0	0
506	1629	0	0
507	1647	0	0
508	1626	0	0
509	1629	0	0
510	1597	0	0
511	1610	0	0
512	1624	0	0
513	1640	0	0
514	1623	0	0
515	1638	0	0
516	1633	0	0
517	1604	0	0
518	1615	0	0
519	1626	0	0
520	1623	0	0
521	1610	0	0
522	1616	0	0
523	1643	0	0
524	1637	0	0
525	1667	0	0
526	1620	0	0
527	1620	0	0
528	1617	0	0
529	1628	0	0
530	1628	0	0
531	1639	0	0
532	1633	0	0
533	1625	0	0
534	1628	0	0
535	1654	0	0
536	1641	0	0
537	1620	0	0
538	1610	0	0
539	1653	0	0
540	1643	0	0
541	1645	0	0
542	1658	0	0
543	1642	0	0
544	1635	0	0
545	1627	0	0
546	1620	0	0
547	1637	0	0
548	1631	0	0
549	1596	0	0
550	1623	0	0
551	1693	1	0
552	1634	0	0
553	1609	0	0
554	1617	0	0
555	1602	0	0
556	1617	0	0
557	1621	0	0
558	1626	0	0
559	1599	0	0
560	1611	0	0
561	1633	0	0
562	1630	0	0
563	1610	0	0
564	1629	0	0
565	1640	0	0
566	1647	0	0
567	1628	0	0
568	1637	0	0
569	1658	0	0
570	1618	0	0
571	1648	0	0
572	1621	0	0
573	1640	0	0
574	1617	0	0
575	1615	0	0
576	1631	0	0
577	1636	0	0
578	1610	0	0
579	1627	0	0
580	1631	0	0
581	1620	0	0
582	1593	0	0
583	1599	0	0
584	1595	0	0
585	1597	0	0
586	1603	0	0
587	1615	0	0
588	1598	0	0
589	1609	0	0
590	1585	0	0
591	1580	0	0
592	1599	0	0
593	1590	0	0
594	1600	0	0
595	1611	0	0
596	1617	0	0
597	1582	0	0
598	1625	0	0
599	1613	0	0
600	1640	0	0
601	1689	5	0
602	1618	0	0
603	1608	0	0
604	1619	0	0
605	1573	0	0
606	1596	0	0
607	1551	0	0
608	1572	0	0
609	1542	0	0
610	1592	0	0
611	1587	0	0
612	1600	0	0
613	1625	0	0
614	1579	0	0
615	1621	0	0
616	1616	0	0
617	1586	0	0
618	1602	0	0
619	1575	0	0
620	1575	0	0
621	1595	0	0
622	1546	0	0
623	1585	0	0
624	1575	0	0
625	1567	0	0
626	1575	0	0
627	1593	0	0
628	1591	0	0
629	1579	0	0
630	1587	0	0
631	1550	0	0
632	1619	0	0
633	1571	0	0
634	1578	0	0
635	1572	0	0
636	1583	0	0
637	1583	0	0
638	1593	0	0
639	1602	0	0
640	1562	0	0
641	1576	0	0
642	1572	0	0
643	1601	0	0
644	1599	0	0
645	1582	0	0
646	1564	0	0
647	1538	0	0
648	1589	0	0
649	1561	0	0
650	1577	1	0
651	1634	3	0
652	1573	0	0
653	1550	0	0
654	1549	0	0
655	1549	0	0
656	1581	0	0
657	1587	0	0
658	1544	0	0
659	1556	0	0
660	1574	0	0
661	1553	0	0
662	1545	0	0
663	1527	0	0
664	1536	0	0
665	1578	0	0
666	1573	0	0
667	1534	0	0
668	1561	0	0
669	1531	0	0
670	1556	0	0
671	1589	0	0
672	1551	0	0
673	1571	0	0
674	1509	0	0
675	1585	0	0
676	1580	0	0
677	1574	0	0
678	1564	0	0
679	1556	0	0
680	1564	0	0
681	1595	0	0
682	1566	0	0
683	1575	0	0
684	1562	0	0
685	1548	0	0
686	1578	0	0
687	1590	0	0
688	1569	0	0
689	1574	0	0
690	1508	0	0
691	1546	0	0
692	1553	0	0
693	1551	0	0
694	1574	0	0
695	1545	0	0
696	1567	0	0
697	1565	0	0
698	1543	0	0
699	1535	0	0
700	1555	0	0
701	1642	8	0
702	1549	0	0
703	1529	0	0
704	1537	0	0
705	1539	0	0
706	1546	0	0
707	1545	0	0
708	1535	0	0
709	1571	0	0
710	1554	0	0
711	1557	0	0
712	1570	0	0
713	1571	0	0
714	1550	0	0
715	1568	0	0
716	1556	0	0
717	1538	0	0
718	1548	0	0
719	1535	0	0
720	1548	0	0
721	1549	0	0
722	1539	0	0
723	1562	0	0
724	1544	0	0
725	1573	0	0
726	1594	0	0
727	1525	0	0
728	1517	0	0
729	1532	0	0
730	1560	0	0
731	1527	0	0
732	1552	0	0
733	1564	0	0
734	1541	0	0
735	1577	0	0
736	1548	0	0
737	1560	0	0
738	1519	0	0
739	1579	0	0
740	1528	0	0
741	1552	0	0
742	1527	0	0
743	1546	0	0
744	1536	0	0
745	1524	0	0
746	1517	0	0
747	1534	0	0
748	1514	0	0
749	1531	0	0
750	1555	6	1
751	1609	14	0
752	1505	0	0
753	1504	0	0
754	1557	0	0
755	1535	0	0
756	1542	0	0
757	1513	0	0
758	1504	0	0
759	1532	0	0
760	1521	0	0
761	1528	0	0
762	1546	0	0
763	1533	0	0
764	1557	0	0
765	1528	0	0
766	1530	0	0
767	1506	0	0
768	1532	0	0
769	1535	0	0
770	1538	0	0
771	1554	0	0
772	1533	0	0
773	1512	0	0
774	1518	0	0
775	1531	0	0
776	1540	0	0
777	1548	0	0
778	1568	0	0
779	1533	0	0
780	1545	0	0
781	1535	0	0
782	1531	0	0
783	1525	0	0
784	1482	0	0
785	1564	0	0
786	1500	0	0
787	1513	0	0
788	1548	0	0
789	1546	0	0
790	1534	0	0
791	1564	0	0
792	1554	0	0
793	1531	0	0
794	1509	0	0
795	1532	0	0
796	1504	0	0
797	1533	0	0
798	1542	0	0
799	1527	0	0
800	1481	0	0
801	1501	0	0
802	1491	0	0
803	1536	0	0
804	1520	0	0
805	1497	0	0
806	1529	0	0
807	1536	0	0
808	1540	0	0
809	1530	0	0
810	1526	0	0
811	1532	0	0
812	1539	0	0
813	1508	0	0
814	1517	0	0
815	1519	0	0
816	1555	0	0
817	1504	0	0
818	1509	0	0
819	1507	0	0
820	1495	0	0
821	1527	0	0
822	1519	0	0
823	1523	0	0
824	1527	0	0
825	1488	0	0
826	1502	0	0
827	1517	0	0
828	1521	0	0
829	1529	0	0
830	1531	0	0
831	1528	0	0
832	1503	0	0
833	1514	0	0
834	1553	0	0
835	1542	0	0
836	1510	0	0
837	1504	0	0
838	1533	0	0
839	1504	0	0
840	1453	0	0
841	1513	0	0
842	1558	0	0
843	1529	0	0
844	1524	0	0
845	1535	0	0
846	1499	0	0
847	1499	0	0
848	1548	0	0
849	1523	0	0
850	1527	93	0
851	1560	1	0
852	1532	0	0
853	1517	0	0
854	1488	0	0
855	1495	0	0
856	1507	0	0
857	1517	0	0
858	1503	0	0
859	1516	0	0
860	1524	0	0
861	1515	0	0
862	1527	0	0
863	1508	0	0
864	1492	0	0
865	1525	0	0
866	1497	0	0
867	1518	0	0
868	1507	0	0
869	1478	0	0
870	1471	0	0
871	1531	0	0
872	1487	0	0
873	1482	0	0
874	1485	0	0
875	1498	0	0
876	1512	0	0
877	1505	0	0
878	1524	0	0
879	1552	0	0
880	1506	0	0
881	1486	0	0
882	1502	0	0
883	1505	0	0
884	1501	0	0
885	1453	0	0
886	1494	0	0
887	1508	0	0
888	1519	0	0
889	1511	0	0
890	1514	0	0
891	1499	0	0
892	1470	0	0
893	1495	0	0
894	1501	0	0
895	1499	0	0
896	1491	0	0
897	1520	0	0
898	1513	0	0
899	1538	0	0
900	1558	172	1
901	1566	7	0
902	1508	0	0
903	1503	0	0
904	1503	0	0
905	1488	0	0
906	1517	0	0
907	1477	0	0
908	1500	0	0
909	1479	0	0
910	1520	0	0
911	1469	0	0
912	1477	0	0
913	1458	0	0
914	1489	0	0
915	1482	0	0
916	1469	0	0
917	1478	0	0
918	1498	0	0
919	1489	0	0
920	1517	0	0
921	1489	0	0
922	1520	0	0
923	1492	0	0
924	1513	0	0
925	1495	0	0
926	1472	0	0
927	1483	0	0
928	1477	0	0
929	1504	0	0
930	1514	0	0
931	1476	0	0
932	1480	0	0
933	1512	0	0
934	1515	0	0
935	1536	0	0
936	1541	0	0
937	1495	0	0
938	1510	0	0
939	1519	0	0
940	1497	0	0
941	1501	0	0
942	1482	0	0
943	1497	0	0
944	1488	0	0
945	1479	0	0
946	1484	0	0
947	1491	0	0
948	1475	0	0
949	1467	0	0
950	1490	0	0
951	1527	73	1
952	1520	0	0
953	1534	0	0
954	1484	0	0
955	1477	0	0
956	1503	0	0
957	1465	0	0
958	1496	0	0
959	1503	0	0
960	1492	0	0
961	1496	0	0
962	1487	0	0
963	1480	0	0
964	1478	0	0
965	1510	0	0
966	1505	0	0
967	1464	0	0
968	1483	0	0
969	1484	0	0
970	1465	0	0
971	1519	0	0
972	1501	0	0
973	1492	0	0
974	1488	0	0
975	1469	0	0
976	1498	0	0
977	1496	0	0
978	1499	0	0
979	1501	0	0
980	1469	0	0
981	1446	0	0
982	1455	0	0
983	1489	0	0
984	1473	0	0
985	1488	0	0
986	1494	0	0
987	1499	0	0
988	1472	0	0
989	1476	0	0
990	1514	0	0
991	1472	0	0
992	1464	0	0
993	1494	0	0
994	1468	0	0
995	1492	0	0
996	1475	0	0
997	1473	0	0
998	1493	0	0
999	1508	0	0
