0	500	0	0
1	461	0	0
2	460	0	0
3	457	0	0
4	457	0	0
5	450	0	0
6	463	0	0
7	456	0	0
8	464	0	0
9	459	0	0
10	456	0	0
11	452	0	0
12	462	0	0
13	452	0	0
14	466	0	0
15	468	0	0
16	467	0	0
17	454	0	0
18	450	0	0
19	449	0	0
20	465	0	0
21	464	0	0
22	466	0	0
23	467	0	0
24	467	0	0
25	462	0	0
26	475	0	0
27	464	0	0
28	466	0	0
29	471	0	0
30	461	0	0
31	458	0	0
32	471	0	0
33	462	0	0
34	462	0	0
35	466	0	0
36	463	0	0
37	450	0	0
38	453	0	0
39	456	0	0
40	468	0	0
41	474	0	0
42	464	0	0
43	469	0	0
44	470	0	0
45	466	0	0
46	463	0	0
47	468	0	0
48	468	0	0
49	472	0	0
50	464	2	0
51	483	1	0
52	470	0	0
53	453	0	0
54	448	0	0
55	449	0	0
56	460	0	0
57	457	0	0
58	454	0	0
59	458	0	0
60	457	0	0
61	455	0	0
62	453	0	0
63	453	0	0
64	461	0	0
65	457	0	0
66	461	0	0
67	452	0	0
68	458	0	0
69	459	0	0
70	457	0	0
71	452	0	0
72	466	0	0
73	470	0	0
74	462	0	0
75	460	0	0
76	459	0	0
77	462	0	0
78	455	0	0
79	457	0	0
80	456	0	0
81	466	0	0
82	462	0	0
83	469	0	0
84	459	0	0
85	462	0	0
86	457	0	0
87	461	0	0
88	456	0	0
89	454	0	0
90	453	0	0
91	461	0	0
92	458	0	0
93	460	0	0
94	462	0	0
95	455	0	0
96	454	0	0
97	451	0	0
98	448	0	0
99	452	0	0
100	434	4	0
101	463	4	0
102	455	0	0
103	450	0	0
104	453	0	0
105	458	0	0
106	461	0	0
107	432	0	0
108	440	0	0
109	447	0	0
110	456	0	0
111	450	0	0
112	450	0	0
113	455	0	0
114	455	0	0
115	450	0	0
116	456	0	0
117	450	0	0
118	468	0	0
119	470	0	0
120	454	0	0
121	453	0	0
122	450	0	0
123	457	0	0
124	460	0	0
125	452	0	0
126	441	0	0
127	441	0	0
128	445	0	0
129	441	0	0
130	447	0	0
131	441	0	0
132	445	0	0
133	452	0	0
134	456	0	0
135	454	0	0
136	460	0	0
137	459	0	0
138	448	0	0
139	450	0	0
140	442	0	0
141	447	0	0
142	440	0	0
143	449	0	0
144	445	0	0
145	453	0	0
146	452	0	0
147	448	0	0
148	457	0	0
149	457	0	0
150	451	1	0
151	474	1	0
152	451	0	0
153	442	0	0
154	442	0	0
155	449	0	0
156	442	0	0
157	449	0	0
158	459	0	0
159	454	0	0
160	444	0	0
161	434	0	0
162	435	0	0
163	439	0	0
164	437	0	0
165	432	0	0
166	442	0	0
167	447	0	0
168	457	0	0
169	450	0	0
170	443	0	0
171	450	0	0
172	464	0	0
173	457	0	0
174	446	0	0
175	445	0	0
176	449	0	0
177	458	0	0
178	447	0	0
179	449	0	0
180	450	0	0
181	459	0	0
182	445	0	0
183	452	0	0
184	452	0	0
185	460	0	0
186	443	0	0
187	430	0	0
188	425	0	0
189	453	0	0
190	459	0	0
191	440	0	0
192	441	0	0
193	454	0	0
194	445	0	0
195	443	0	0
196	441	0	0
197	446	0	0
198	428	0	0
199	431	0	0
200	424	0	0
201	464	5	0
202	454	0	0
203	429	0	0
204	431	0	0
205	418	0	0
206	433	0	0
207	446	0	0
208	443	0	0
209	447	0	0
210	439	0	0
211	441	0	0
212	442	0	0
213	452	0	0
214	443	0	0
215	429	0	0
216	418	0	0
217	438	0	0
218	434	0	0
219	445	0	0
220	435	0	0
221	444	0	0
222	437	0	0
223	425	0	0
224	426	0	0
225	450	0	0
226	450	0	0
227	451	0	0
228	454	0	0
229	445	0	0
230	436	0	0
231	448	0	0
232	450	0	0
233	445	0	0
234	427	0	0
235	437	0	0
236	427	0	0
237	426	0	0
238	432	0	0
239	455	0	0
240	431	0	0
241	440	0	0
242	410	0	0
243	424	0	0
244	445	0	0
245	456	0	0
246	428	0	0
247	447	0	0
248	451	0	0
249	429	0	0
250	413	1	0
251	452	1	0
252	450	0	0
253	421	0	0
254	427	0	0
255	409	0	0
256	422	0	0
257	416	0	0
258	411	0	0
259	421	0	0
260	421	0	0
261	425	0	0
262	433	0	0
263	424	0	0
264	422	0	0
265	434	0	0
266	442	0	0
267	434	0	0
268	433	0	0
269	432	0	0
270	441	0	0
271	419	0	0
272	423	0	0
273	419	0	0
274	426	0	0
275	433	0	0
276	445	0	0
277	436	0	0
278	423	0	0
279	394	0	0
280	424	0	0
281	409	0	0
282	419	0	0
283	439	0	0
284	439	0	0
285	448	0	0
286	441	0	0
287	430	0	0
288	425	0	0
289	435	0	0
290	434	0	0
291	401	0	0
292	406	0	0
293	413	0	0
294	421	0	0
295	427	0	0
296	426	0	0
297	436	0	0
298	438	0	0
299	446	0	0
300	402	1	0
301	448	1	0
302	440	0	0
303	423	0	0
304	425	0	0
305	409	0	0
306	384	0	0
307	409	0	0
308	386	0	0
309	423	0	0
310	425	0	0
311	398	0	0
312	411	0	0
313	409	0	0
314	391	0	0
315	412	0	0
316	409	0	0
317	427	0	0
318	416	0	0
319	404	0	0
320	423	0	0
321	417	0	0
322	390	1	0
323	400	0	0
324	402	2	0
325	394	4	0
326	405	0	0
327	398	0	0
328	392	0	0
329	410	0	0
330	390	0	0
331	389	0	0
332	411	1	0
333	407	0	0
334	413	0	0
335	432	0	0
336	408	0	0
337	418	0	0
338	393	0	0
339	415	0	0
340	408	0	0
341	414	0	0
342	415	0	0
343	390	0	0
344	402	1	0
345	410	0	0
346	407	0	0
347	391	0	0
348	414	0	0
349	409	0	0
350	460	162	0
351	479	1	0
352	429	0	0
353	394	16	2
354	424	3	2
355	406	3	0
356	411	0	0
357	418	0	0
358	406	0	0
359	402	0	0
360	396	9	0
361	423	9	2
362	435	0	0
363	377	0	0
364	383	0	0
365	386	0	0
366	403	1	0
367	388	0	0
368	383	2	0
369	398	1	0
370	392	0	0
371	388	0	0
372	382	1	0
373	389	0	0
374	386	0	0
375	382	1	0
376	389	0	0
377	376	1	0
378	411	0	0
379	380	2	0
380	409	2	0
381	396	0	0
382	394	0	0
383	383	2	0
384	396	1	0
385	396	0	0
386	387	0	0
387	395	0	0
388	389	1	0
389	385	1	0
390	385	0	0
391	408	0	0
392	394	0	0
393	383	0	0
394	387	0	0
395	395	0	0
396	375	1	0
397	403	0	0
398	381	10	0
399	385	4	0
400	398	16	0
401	431	13	3
402	394	1	0
403	400	0	0
404	385	0	0
405	379	3	0
406	396	0	0
407	401	0	0
408	389	0	0
409	373	0	0
410	372	0	0
411	392	0	0
412	390	9	0
413	412	2	1
414	395	0	0
415	404	4	0
416	386	2	0
417	381	0	0
418	392	0	0
419	364	1	0
420	381	0	0
421	383	0	0
422	374	3	0
423	382	0	0
424	385	0	0
425	405	0	0
426	388	0	0
427	388	1	0
428	407	0	0
429	412	0	0
430	373	0	0
431	390	0	0
432	372	11	0
433	379	8	0
434	395	4	0
435	408	0	0
436	398	1	0
437	388	0	0
438	372	0	0
439	365	2	0
440	370	0	0
441	422	0	0
442	388	0	0
443	381	0	0
444	393	0	0
445	403	0	0
446	374	0	0
447	373	0	0
448	411	0	0
449	389	0	0
450	392	45	0
451	410	11	0
452	376	0	0
453	389	4	0
454	391	1	0
455	394	0	0
456	385	1	0
457	375	0	0
458	387	2	0
459	405	1	0
460	411	0	0
461	386	0	0
462	358	0	0
463	383	0	0
464	391	0	0
465	376	1	0
466	385	0	0
467	395	0	0
468	374	1	0
469	371	0	0
470	375	2	0
471	381	30	0
472	400	1	0
473	370	0	0
474	403	0	0
475	375	0	0
476	392	0	0
477	378	0	0
478	375	0	0
479	367	1	0
480	374	0	0
481	391	5	0
482	389	1	0
483	390	0	0
484	373	0	0
485	398	0	0
486	388	2	0
487	367	1	0
488	363	0	0
489	377	0	0
490	372	0	0
491	371	1	0
492	399	0	0
493	381	0	0
494	385	1	0
495	396	0	0
496	383	4	0
497	361	1	0
498	390	0	0
499	378	0	0
500	363	1	0
501	399	7	0
502	388	0	0
503	385	1	0
504	358	3	0
505	376	0	0
506	384	6	0
507	365	0	0
508	377	0	0
509	386	1	0
510	392	0	0
511	378	0	0
512	378	1	0
513	357	2	0
514	372	21	1
515	384	3	0
516	357	0	0
517	370	2	0
518	369	4	1
519	397	1	0
520	378	0	0
521	384	28	1
522	374	7	2
523	385	12	0
524	392	5	2
525	384	0	0
526	370	0	0
527	377	2	1
528	376	9	1
529	396	1	0
530	375	0	0
531	376	0	0
532	377	0	0
533	382	2	0
534	365	1	0
535	369	0	0
536	377	5	0
537	371	1	0
538	382	0	0
539	360	2	0
540	383	1	0
541	391	1	0
542	381	0	0
543	379	0	0
544	367	0	0
545	387	2	0
546	389	2	0
547	356	2	0
548	383	8	1
549	386	1	0
550	404	75	3
551	408	2	0
552	376	1	0
553	390	0	0
554	382	3	0
555	378	0	0
556	388	17	2
557	375	1	0
558	379	0	0
559	360	0	0
560	387	2	1
561	404	17	2
562	395	1	0
563	369	0	0
564	376	0	0
565	370	0	0
566	379	1	0
567	366	0	0
568	359	1	0
569	366	3	0
570	398	2	1
571	402	4	0
572	376	1	0
573	354	0	0
574	386	0	0
575	359	4	0
576	378	1	0
577	373	0	0
578	378	3	0
579	382	0	0
580	396	1	0
581	372	0	0
582	369	1	0
583	363	3	0
584	386	6	0
585	383	2	0
586	389	0	0
587	370	4	0
588	365	2	1
589	368	0	0
590	357	2	1
591	379	0	0
592	366	1	0
593	378	8	1
594	381	1	0
595	356	8	0
596	367	2	0
597	354	0	0
598	378	7	0
599	377	5	3
600	387	2	0
601	406	5	1
602	377	1	0
603	385	1	0
604	373	0	0
605	370	0	0
606	387	0	0
607	371	0	0
608	373	0	0
609	376	4	0
610	388	1	0
611	364	0	0
612	366	0	0
613	391	0	0
614	372	0	0
615	365	4	0
616	356	2	1
617	360	1	0
618	374	7	1
619	379	1	0
620	389	0	0
621	372	0	0
622	381	0	0
623	369	0	0
624	378	0	0
625	378	1	0
626	374	0	0
627	367	1	0
628	361	0	0
629	381	0	0
630	362	6	0
631	382	10	3
632	382	3	0
633	379	1	0
634	370	0	0
635	368	0	0
636	360	5	0
637	393	3	0
638	376	0	0
639	369	1	0
640	381	1	0
641	398	0	0
642	371	1	0
643	365	1	0
644	367	2	0
645	376	0	0
646	350	0	0
647	374	0	0
648	370	1	0
649	373	0	0
650	383	79	5
651	388	0	0
652	365	0	0
653	359	1	0
654	368	4	0
655	372	1	0
656	355	5	0
657	389	3	0
658	368	0	0
659	384	0	0
660	381	1	0
661	368	0	0
662	383	7	0
663	380	0	0
664	359	1	0
665	369	1	0
666	373	1	0
667	359	1	0
668	366	4	0
669	369	2	0
670	367	5	0
671	378	3	1
672	374	1	0
673	380	2	0
674	359	1	0
675	374	0	0
676	379	2	0
677	380	5	1
678	377	4	0
679	365	0	0
680	371	7	0
681	378	2	0
682	378	1	0
683	375	0	0
684	346	1	0
685	368	0	0
686	388	1	0
687	360	1	0
688	363	1	0
689	371	0	0
690	374	1	0
691	357	3	1
692	358	1	0
693	368	1	0
694	361	1	0
695	370	0	0
696	379	8	0
697	380	1	0
698	374	2	0
699	358	2	0
700	384	43	5
701	377	1	0
702	367	0	0
703	360	5	0
704	377	1	0
705	357	1	0
706	364	2	0
707	363	6	0
708	361	12	0
709	380	1	0
710	364	1	0
711	366	1	0
712	364	9	1
713	389	1	0
714	374	0	0
715	364	0	0
716	373	0	0
717	379	0	0
718	361	0	0
719	373	1	0
720	370	8	0
721	359	1	0
722	363	0	0
723	373	1	0
724	362	12	1
725	385	1	0
726	364	2	1
727	375	1	0
728	351	5	1
729	370	0	0
730	361	0	0
731	359	0	0
732	369	0	0
733	375	3	0
734	377	1	0
735	383	3	0
736	370	1	0
737	371	0	0
738	357	0	0
739	362	2	0
740	363	3	2
741	370	0	0
742	379	12	1
743	371	1	0
744	363	0	0
745	357	2	0
746	353	1	0
747	353	5	2
748	361	3	1
749	364	3	0
750	379	15	0
751	387	6	1
752	379	1	0
753	368	0	0
754	386	0	0
755	369	2	0
756	375	0	0
757	373	5	2
758	357	0	0
759	388	0	0
760	369	2	0
761	376	5	2
762	369	3	1
763	364	3	0
764	361	12	2
765	377	4	2
766	386	4	0
767	375	3	1
768	376	1	0
769	360	0	0
770	365	4	2
771	384	1	0
772	381	0	0
773	364	4	1
774	363	0	0
775	366	1	0
776	371	0	0
777	366	0	0
778	370	1	0
779	381	4	1
780	381	0	0
781	378	3	1
782	368	1	0
783	379	0	0
784	376	10	0
785	373	0	0
786	364	5	1
787	372	2	0
788	370	1	0
789	384	25	1
790	385	1	0
791	374	3	0
792	382	1	0
793	370	0	0
794	366	4	0
795	377	1	0
796	378	1	0
797	375	0	0
798	378	0	0
799	377	0	0
800	377	38	8
801	374	1	1
802	377	1	0
803	380	0	0
804	369	7	1
805	379	6	3
806	368	12	2
807	368	1	0
808	360	1	0
809	375	1	0
810	370	12	0
811	372	1	0
812	373	1	0
813	364	1	0
814	368	0	0
815	370	7	0
816	372	5	2
817	382	1	0
818	380	1	0
819	365	0	0
820	376	2	0
821	370	3	0
822	362	2	0
823	364	3	0
824	359	11	0
825	369	4	2
826	355	6	2
827	367	1	0
828	393	6	1
829	386	2	0
830	368	4	0
831	364	0	0
832	364	1	0
833	363	0	0
834	376	6	0
835	363	0	0
836	372	4	0
837	364	2	0
838	366	1	0
839	374	1	0
840	379	13	2
841	369	8	2
842	368	1	0
843	371	4	0
844	377	1	0
845	366	1	0
846	373	2	0
847	371	1	0
848	363	1	0
849	379	1	0
850	381	25	3
851	372	42	11
852	370	1	0
853	355	4	1
854	357	1	0
855	353	6	1
856	385	5	2
857	361	1	0
858	376	4	1
859	359	5	1
860	372	1	0
861	365	3	0
862	362	1	0
863	390	12	3
864	368	5	2
865	369	4	1
866	363	1	0
867	376	1	0
868	375	3	1
869	377	1	0
870	362	2	0
871	364	2	0
872	359	2	0
873	367	2	0
874	377	2	0
875	381	4	0
876	379	0	0
877	370	4	0
878	387	3	0
879	356	1	0
880	378	1	0
881	377	2	0
882	382	1	0
883	381	8	1
884	368	2	1
885	383	1	0
886	369	0	0
887	364	2	0
888	370	3	0
889	366	1	0
890	370	8	0
891	378	1	0
892	370	1	0
893	369	1	0
894	369	1	0
895	366	1	0
896	381	1	0
897	363	3	0
898	376	8	0
899	369	10	3
900	371	6	0
901	391	5	2
902	351	4	1
903	363	4	2
904	370	5	1
905	368	1	0
906	367	1	0
907	370	6	0
908	373	3	1
909	355	6	2
910	367	1	0
911	370	1	0
912	364	3	1
913	393	1	0
914	365	1	0
915	353	1	0
916	365	1	0
917	360	4	0
918	373	1	0
919	369	0	0
920	381	1	0
921	371	5	0
922	365	12	2
923	367	1	0
924	358	5	0
925	368	6	1
926	354	1	0
927	373	1	0
928	379	1	0
929	371	8	0
930	359	4	2
931	367	1	0
932	365	1	0
933	377	5	1
934	357	1	0
935	381	9	0
936	368	7	3
937	379	20	3
938	377	3	1
939	370	1	0
940	363	0	0
941	361	1	0
942	362	2	1
943	364	10	2
944	374	6	1
945	372	1	0
946	368	4	0
947	379	2	1
948	355	7	0
949	372	6	0
950	376	14	6
951	379	27	11
952	370	1	0
953	377	2	0
954	360	1	0
955	369	1	0
956	368	1	0
957	368	2	0
958	376	1	0
959	362	1	0
960	347	5	0
961	366	1	0
962	347	1	0
963	370	0	0
964	372	1	0
965	374	7	2
966	368	5	2
967	369	1	0
968	379	0	0
969	369	1	0
970	368	4	2
971	367	1	0
972	364	3	1
973	367	0	0
974	367	4	0
975	363	1	0
976	349	3	0
977	355	2	0
978	374	3	0
979	369	1	0
980	358	1	0
981	371	5	1
982	376	1	0
983	374	7	0
984	392	2	0
985	375	2	0
986	379	5	1
987	355	1	0
988	363	2	0
989	376	5	0
990	365	2	0
991	363	6	0
992	378	1	0
993	366	1	0
994	365	1	0
995	386	1	0
996	366	3	0
997	384	2	0
998	382	2	0
999	363	1	0
