0	2000	0	0
1	983	0	0
2	999	0	0
3	992	0	0
4	996	0	0
5	1017	0	0
6	1013	0	0
7	996	0	0
8	1018	0	0
9	989	0	0
10	1055	0	0
11	1005	0	0
12	1002	0	0
13	980	0	0
14	988	0	0
15	1032	0	0
16	1022	0	0
17	1005	0	0
18	1008	0	0
19	991	0	0
20	1003	0	0
21	1012	0	0
22	997	0	0
23	989	0	0
24	1010	0	0
25	984	0	0
26	973	0	0
27	972	0	0
28	996	0	0
29	987	0	0
30	1024	0	0
31	1032	0	0
32	968	0	0
33	1013	0	0
34	1009	0	0
35	1041	0	0
36	1027	0	0
37	997	0	0
38	1003	0	0
39	977	0	0
40	997	0	0
41	1015	0	0
42	1017	0	0
43	978	0	0
44	994	0	0
45	978	0	0
46	981	0	0
47	1021	0	0
48	970	0	0
49	979	0	0
50	1031	0	0
51	990	0	0
52	1009	0	0
53	1027	0	0
54	994	0	0
55	1013	0	0
56	1003	0	0
57	1014	0	0
58	992	0	0
59	999	0	0
60	993	0	0
61	1025	0	0
62	985	0	0
63	1010	0	0
64	1022	0	0
65	955	0	0
66	1015	0	0
67	1003	0	0
68	994	0	0
69	986	0	0
70	1008	0	0
71	972	0	0
72	981	0	0
73	984	0	0
74	992	0	0
75	1016	0	0
76	983	0	0
77	974	0	0
78	980	0	0
79	1004	0	0
80	982	0	0
81	990	0	0
82	973	0	0
83	1052	0	0
84	1061	0	0
85	1025	0	0
86	1025	0	0
87	983	0	0
88	918	0	0
89	986	0	0
90	979	0	0
91	961	0	0
92	992	0	0
93	961	0	0
94	998	0	0
95	962	0	0
96	966	0	0
97	971	0	0
98	999	0	0
99	995	0	0
100	958	0	0
101	981	0	0
102	995	0	0
103	958	0	0
104	990	0	0
105	984	0	0
106	945	0	0
107	921	0	0
108	1006	0	0
109	984	0	0
110	940	0	0
111	983	0	0
112	976	0	0
113	935	0	0
114	950	0	0
115	952	0	0
116	954	0	0
117	941	0	0
118	924	0	0
119	935	0	0
120	931	0	0
121	977	0	0
122	963	0	0
123	910	0	0
124	913	0	0
125	973	0	0
126	953	0	0
127	946	0	0
128	935	0	0
129	944	0	0
130	939	0	0
131	916	0	0
132	956	0	0
133	952	0	0
134	937	0	0
135	905	0	0
136	936	0	0
137	936	0	0
138	905	0	0
139	931	0	0
140	879	0	0
141	895	0	0
142	949	0	0
143	904	0	0
144	910	0	0
145	948	0	0
146	890	0	0
147	903	0	0
148	893	0	0
149	862	0	0
150	932	0	0
151	886	0	0
152	908	0	0
153	901	0	0
154	892	0	0
155	907	0	0
156	889	0	0
157	896	0	0
158	903	0	0
159	868	0	0
160	902	0	0
161	909	0	0
162	858	0	0
163	844	0	0
164	820	0	0
165	870	0	0
166	878	0	0
167	883	0	0
168	871	0	0
169	878	0	0
170	839	0	0
171	860	0	0
172	840	0	0
173	868	0	0
174	846	0	0
175	890	0	0
176	830	0	0
177	819	0	0
178	789	0	0
179	842	0	0
180	806	0	0
181	835	0	0
182	848	0	0
183	831	0	0
184	795	0	0
185	844	0	0
186	810	0	0
187	817	0	0
188	831	0	0
189	821	0	0
190	809	0	0
191	836	0	0
192	823	0	0
193	811	0	0
194	833	0	0
195	869	0	0
196	815	0	0
197	817	0	0
198	803	0	0
199	766	0	0
200	796	50	0
201	533	29	0
202	565	0	0
203	582	0	0
204	582	0	0
205	582	0	0
206	572	0	0
207	561	0	0
208	529	0	0
209	547	0	0
210	555	0	0
211	565	0	0
212	532	0	0
213	557	0	0
214	585	0	0
215	551	0	0
216	546	0	0
217	553	0	0
218	545	0	0
219	560	0	0
220	530	0	0
221	517	0	0
222	547	0	0
223	527	0	0
224	555	0	0
225	525	0	0
226	562	0	0
227	550	0	0
228	529	0	0
229	525	0	0
230	552	0	0
231	532	0	0
232	560	0	0
233	533	0	0
234	505	0	0
235	496	0	0
236	527	0	0
237	514	0	0
238	485	0	0
239	508	0	0
240	551	0	0
241	505	0	0
242	522	0	0
243	498	0	0
244	505	0	0
245	513	0	0
246	512	0	0
247	483	0	0
248	477	0	0
249	498	0	0
250	466	0	0
251	481	0	0
252	448	0	0
253	480	0	0
254	476	0	0
255	488	0	0
256	460	0	0
257	482	0	0
258	455	0	0
259	453	0	0
260	500	0	0
261	433	0	0
262	479	0	0
263	456	0	0
264	485	0	0
265	457	0	0
266	441	0	0
267	456	0	0
268	470	0	0
269	452	0	0
270	440	0	0
271	469	0	0
272	473	0	0
273	473	0	0
274	455	0	0
275	414	0	0
276	438	0	0
277	455	0	0
278	437	0	0
279	433	0	0
280	460	0	0
281	432	0	0
282	448	0	0
283	423	0	0
284	421	0	0
285	430	0	0
286	439	0	0
287	442	0	0
288	438	0	0
289	446	0	0
290	426	0	0
291	420	0	0
292	428	0	0
293	445	0	0
294	429	0	0
295	440	0	0
296	430	0	0
297	450	0	0
298	411	0	0
299	419	0	0
300	417	0	0
301	392	0	0
302	417	0	0
303	409	0	0
304	438	0	0
305	403	0	0
306	397	0	0
307	391	0	0
308	424	0	0
309	407	0	0
310	400	0	0
311	384	0	0
312	439	0	0
313	395	0	0
314	403	0	0
315	420	0	0
316	402	0	0
317	393	0	0
318	398	0	0
319	410	0	0
320	390	0	0
321	398	0	0
322	398	0	0
323	387	0	0
324	384	0	0
325	401	0	0
326	362	0	0
327	399	0	0
328	376	0	0
329	406	0	0
330	399	0	0
331	367	0	0
332	403	0	0
333	358	0	0
334	379	0	0
335	399	0	0
336	400	0	0
337	398	0	0
338	384	0	0
339	381	0	0
340	360	0	0
341	368	0	0
342	369	0	0
343	349	0	0
344	380	0	0
345	400	0	0
346	344	0	0
347	365	0	0
348	369	0	0
349	359	0	0
350	371	0	0
351	372	0	0
352	374	0	0
353	381	0	0
354	343	0	0
355	361	0	0
356	361	0	0
357	395	0	0
358	358	0	0
359	358	0	0
360	365	0	0
361	345	0	0
362	347	0	0
363	349	0	0
364	341	0	0
365	373	0	0
366	373	0	0
367	341	0	0
368	350	0	0
369	358	0	0
370	371	0	0
371	329	0	0
372	325	0	0
373	330	0	0
374	342	0	0
375	329	0	0
376	332	0	0
377	332	0	0
378	338	0	0
379	317	0	0
380	331	0	0
381	335	0	0
382	331	0	0
383	330	0	0
384	331	0	0
385	341	0	0
386	340	0	0
387	347	0	0
388	340	0	0
389	323	0	0
390	332	0	0
391	321	0	0
392	314	0	0
393	318	0	0
394	318	0	0
395	331	0	0
396	330	0	0
397	277	0	0
398	340	0	0
399	318	0	0
400	314	5	0
401	280	2	0
402	262	6	1
403	269	0	0
404	264	0	0
405	250	0	0
406	259	0	0
407	248	0	0
408	278	0	0
409	262	0	0
410	255	0	0
411	274	0	0
412	263	0	0
413	256	0	0
414	256	0	0
415	273	0	0
416	274	0	0
417	266	0	0
418	264	0	0
419	273	0	0
420	255	0	0
421	250	0	0
422	254	0	0
423	231	0	0
424	254	0	0
425	253	0	0
426	259	0	0
427	262	0	0
428	255	0	0
429	267	0	0
430	261	0	0
431	240	0	0
432	244	0	0
433	248	0	0
434	236	0	0
435	236	0	0
436	262	0	0
437	241	0	0
438	234	0	0
439	265	0	0
440	238	0	0
441	243	0	0
442	246	0	0
443	221	0	0
444	233	0	0
445	249	0	0
446	212	0	0
447	239	0	0
448	235	0	0
449	250	0	0
450	251	0	0
451	231	0	0
452	217	0	0
453	237	0	0
454	221	0	0
455	239	0	0
456	231	0	0
457	240	0	0
458	236	0	0
459	230	0	0
460	236	0	0
461	226	0	0
462	223	0	0
463	231	0	0
464	233	0	0
465	244	0	0
466	231	0	0
467	227	0	0
468	217	0	0
469	232	0	0
470	209	0	0
471	231	0	0
472	199	0	0
473	226	0	0
474	201	0	0
475	216	0	0
476	223	0	0
477	207	0	0
478	228	0	0
479	204	0	0
480	228	0	0
481	223	0	0
482	226	0	0
483	218	0	0
484	205	0	0
485	187	0	0
486	212	0	0
487	204	0	0
488	205	0	0
489	213	0	0
490	206	0	0
491	199	0	0
492	209	0	0
493	192	0	0
494	214	0	0
495	202	0	0
496	208	0	0
497	191	0	0
498	193	0	0
499	190	0	0
500	200	0	0
501	203	0	0
502	193	0	0
503	196	0	0
504	191	0	0
505	208	0	0
506	186	0	0
507	196	0	0
508	195	0	0
509	175	0	0
510	192	0	0
511	195	0	0
512	185	0	0
513	188	0	0
514	190	0	0
515	187	0	0
516	179	0	0
517	196	0	0
518	172	0	0
519	183	0	0
520	179	0	0
521	191	0	0
522	181	0	0
523	176	0	0
524	183	0	0
525	172	0	0
526	183	0	0
527	179	0	0
528	200	0	0
529	186	0	0
530	180	0	0
531	176	0	0
532	177	0	0
533	186	0	0
534	181	0	0
535	172	0	0
536	173	0	0
537	176	0	0
538	175	0	0
539	182	0	0
540	160	0	0
541	181	0	0
542	193	0	0
543	176	0	0
544	181	0	0
545	179	0	0
546	190	0	0
547	170	0	0
548	178	0	0
549	180	0	0
550	164	0	0
551	176	0	0
552	190	0	0
553	163	0	0
554	179	0	0
555	167	0	0
556	186	0	0
557	179	0	0
558	165	0	0
559	176	0	0
560	177	0	0
561	168	0	0
562	173	0	0
563	157	0	0
564	175	0	0
565	176	0	0
566	171	0	0
567	159	0	0
568	174	0	0
569	169	0	0
570	146	0	0
571	169	0	0
572	179	0	0
573	159	0	0
574	163	0	0
575	163	0	0
576	169	0	0
577	178	0	0
578	161	0	0
579	163	0	0
580	172	0	0
581	158	0	0
582	187	0	0
583	155	0	0
584	181	0	0
585	169	0	0
586	152	0	0
587	160	0	0
588	151	0	0
589	148	0	0
590	150	0	0
591	152	0	0
592	148	0	0
593	160	0	0
594	157	0	0
595	149	0	0
596	155	0	0
597	148	0	0
598	161	0	0
599	158	0	0
600	176	9	0
601	144	52	1
602	148	8	3
603	144	0	0
604	137	0	0
605	141	0	0
606	129	0	0
607	134	0	0
608	133	0	0
609	126	0	0
610	148	0	0
611	148	0	0
612	130	0	0
613	139	0	0
614	128	0	0
615	129	0	0
616	136	0	0
617	128	0	0
618	153	0	0
619	141	0	0
620	119	0	0
621	136	0	0
622	122	0	0
623	129	0	0
624	141	0	0
625	125	0	0
626	137	0	0
627	131	0	0
628	128	0	0
629	125	0	0
630	124	0	0
631	111	0	0
632	123	0	0
633	124	0	0
634	119	0	0
635	106	0	0
636	119	0	0
637	150	0	0
638	134	0	0
639	127	0	0
640	134	0	0
641	126	0	0
642	144	0	0
643	122	0	0
644	115	0	0
645	130	0	0
646	115	0	0
647	132	0	0
648	130	0	0
649	111	0	0
650	107	0	0
651	113	0	0
652	124	0	0
653	125	0	0
654	133	0	0
655	112	0	0
656	125	0	0
657	126	0	0
658	123	0	0
659	112	0	0
660	141	0	0
661	115	0	0
662	111	0	0
663	116	0	0
664	113	0	0
665	99	0	0
666	108	0	0
667	113	0	0
668	115	0	0
669	112	0	0
670	106	0	0
671	106	0	0
672	111	0	0
673	117	0	0
674	110	0	0
675	112	0	0
676	102	0	0
677	126	0	0
678	118	0	0
679	107	0	0
680	113	0	0
681	104	0	0
682	128	0	0
683	115	0	0
684	110	0	0
685	106	0	0
686	123	0	0
687	113	0	0
688	112	0	0
689	105	0	0
690	114	0	0
691	113	0	0
692	103	0	0
693	107	0	0
694	108	0	0
695	105	0	0
696	102	0	0
697	91	0	0
698	108	0	0
699	98	0	0
700	100	0	0
701	102	0	0
702	98	0	0
703	95	0	0
704	113	0	0
705	101	0	0
706	101	0	0
707	102	0	0
708	97	0	0
709	98	0	0
710	99	0	0
711	104	0	0
712	95	0	0
713	110	0	0
714	113	0	0
715	103	0	0
716	104	0	0
717	116	0	0
718	103	0	0
719	117	0	0
720	101	0	0
721	97	0	0
722	88	0	0
723	103	0	0
724	106	0	0
725	95	0	0
726	104	0	0
727	103	0	0
728	99	0	0
729	92	0	0
730	91	0	0
731	106	0	0
732	84	0	0
733	95	0	0
734	82	0	0
735	93	0	0
736	86	0	0
737	95	0	0
738	98	0	0
739	87	0	0
740	99	0	0
741	99	0	0
742	89	0	0
743	94	0	0
744	94	0	0
745	88	0	0
746	86	0	0
747	99	0	0
748	98	0	0
749	90	0	0
750	101	0	0
751	94	0	0
752	89	0	0
753	97	0	0
754	111	0	0
755	102	0	0
756	100	0	0
757	88	0	0
758	86	0	0
759	86	0	0
760	89	0	0
761	90	0	0
762	99	0	0
763	95	0	0
764	88	0	0
765	80	0	0
766	80	0	0
767	85	0	0
768	85	0	0
769	80	0	0
770	82	0	0
771	97	0	0
772	82	0	0
773	86	0	0
774	83	0	0
775	86	0	0
776	76	0	0
777	92	0	0
778	95	0	0
779	84	0	0
780	96	0	0
781	83	0	0
782	86	0	0
783	96	0	0
784	88	0	0
785	77	0	0
786	94	0	0
787	89	0	0
788	90	0	0
789	85	0	0
790	86	0	0
791	83	0	0
792	88	0	0
793	89	0	0
794	87	0	0
795	91	0	0
796	84	0	0
797	99	0	0
798	87	0	0
799	88	0	0
800	76	0	0
801	65	0	0
802	68	1	0
803	70	0	0
804	65	0	0
805	61	0	0
806	63	0	0
807	73	0	0
808	76	0	0
809	74	0	0
810	66	0	0
811	69	2	0
812	63	0	0
813	72	0	0
814	58	0	0
815	68	1	0
816	63	0	0
817	66	0	0
818	69	0	0
819	58	0	0
820	68	0	0
821	75	0	0
822	62	0	0
823	64	0	0
824	58	1	0
825	56	0	0
826	66	0	0
827	65	0	0
828	73	0	0
829	62	0	0
830	50	0	0
831	71	0	0
832	62	0	0
833	64	0	0
834	62	0	0
835	64	0	0
836	54	0	0
837	65	0	0
838	52	0	0
839	59	0	0
840	54	3	0
841	56	0	0
842	56	0	0
843	62	0	0
844	62	0	0
845	59	0	0
846	54	0	0
847	55	0	0
848	63	0	0
849	45	0	0
850	62	0	0
851	56	0	0
852	60	0	0
853	53	0	0
854	58	0	0
855	56	0	0
856	65	0	0
857	52	0	0
858	67	0	0
859	60	0	0
860	60	0	0
861	46	0	0
862	52	0	0
863	57	0	0
864	50	0	0
865	67	0	0
866	52	0	0
867	55	4	0
868	46	0	0
869	57	0	0
870	54	0	0
871	56	0	0
872	51	0	0
873	49	0	0
874	38	0	0
875	52	0	0
876	57	0	0
877	55	0	0
878	47	0	0
879	60	0	0
880	53	0	0
881	53	0	0
882	44	0	0
883	53	0	0
884	48	0	0
885	64	0	0
886	54	0	0
887	56	0	0
888	39	0	0
889	48	0	0
890	45	0	0
891	47	0	0
892	56	0	0
893	50	0	0
894	45	0	0
895	52	0	0
896	51	0	0
897	53	0	0
898	46	0	0
899	54	0	0
900	57	0	0
901	40	0	0
902	39	0	0
903	47	0	0
904	57	0	0
905	47	0	0
906	53	0	0
907	46	0	0
908	44	0	0
909	44	0	0
910	51	0	0
911	39	0	0
912	52	0	0
913	49	0	0
914	46	0	0
915	55	0	0
916	45	0	0
917	50	0	0
918	50	0	0
919	50	0	0
920	50	0	0
921	44	0	0
922	52	0	0
923	44	0	0
924	43	0	0
925	50	0	0
926	57	0	0
927	35	0	0
928	51	0	0
929	37	0	0
930	38	0	0
931	48	0	0
932	49	0	0
933	47	0	0
934	45	0	0
935	47	0	0
936	43	0	0
937	39	0	0
938	46	7	0
939	42	0	0
940	52	0	0
941	37	0	0
942	51	0	0
943	41	0	0
944	48	0	0
945	39	0	0
946	45	0	0
947	41	0	0
948	43	0	0
949	47	0	0
950	39	0	0
951	40	0	0
952	46	0	0
953	48	0	0
954	41	0	0
955	50	7	0
956	38	0	0
957	40	0	0
958	40	0	0
959	44	0	0
960	45	0	0
961	40	0	0
962	49	0	0
963	35	0	0
964	47	0	0
965	41	0	0
966	44	0	0
967	41	0	0
968	44	0	0
969	45	0	0
970	39	0	0
971	42	0	0
972	46	0	0
973	49	0	0
974	34	0	0
975	45	0	0
976	36	0	0
977	37	0	0
978	43	0	0
979	38	0	0
980	41	0	0
981	39	0	0
982	43	0	0
983	43	0	0
984	35	0	0
985	38	0	0
986	27	0	0
987	47	0	0
988	35	0	0
989	39	0	0
990	35	0	0
991	39	0	0
992	37	0	0
993	35	0	0
994	34	0	0
995	47	0	0
996	36	0	0
997	41	0	0
998	38	0	0
999	42	0	0
