0	2000	0
1	1009	19
2	996	21
3	1002	26
4	1031	12
5	1021	44
6	1025	28
7	1055	36
8	988	31
9	1023	51
10	944	41
11	956	19
12	983	33
13	1005	0
14	1011	3
15	999	0
16	984	29
17	965	36
18	1029	35
19	969	28
20	940	21
21	976	33
22	1031	11
23	953	17
24	1007	18
25	1039	34
26	1027	2
27	979	27
28	1007	46
29	1012	44
30	1004	27
31	1000	43
32	961	26
33	1027	35
34	1029	56
35	1031	28
36	1032	15
37	1010	35
38	1004	36
39	980	1
40	990	10
41	1004	19
42	991	36
43	972	45
44	1029	1
45	1030	20
46	1023	19
47	1006	32
48	1046	27
49	995	26
50	961	29
51	998	38
52	999	33
53	989	53
54	1016	16
55	958	9
56	1031	7
57	1054	22
58	1030	24
59	989	15
60	1009	7
61	969	32
62	991	28
63	1015	0
64	1006	27
65	1014	32
66	990	0
67	985	15
68	1039	38
69	1019	45
70	971	17
71	977	12
72	1007	0
73	938	19
74	962	23
75	995	35
76	1003	43
77	1010	45
78	988	50
79	982	31
80	1030	18
81	1026	45
82	999	42
83	1022	15
84	1044	9
85	993	21
86	1003	38
87	1017	45
88	1017	12
89	962	39
90	986	83
91	1016	49
92	1004	55
93	984	21
94	997	27
95	1019	45
96	1003	24
97	998	12
98	1011	15
99	996	3
100	976	9
101	987	9
102	979	3
103	969	18
104	1005	29
105	1047	14
106	1001	12
107	1023	50
108	988	35
109	1029	24
110	991	37
111	1002	23
112	994	45
113	978	35
114	993	16
115	1014	36
116	984	49
117	1028	3
118	983	2
119	991	33
120	1040	40
121	975	43
122	1025	2
123	990	38
124	1026	39
125	995	36
126	1000	21
127	1023	28
128	995	34
129	995	31
130	1025	31
131	1014	15
132	1004	27
133	1014	35
134	1032	5
135	980	8
136	1003	29
137	988	26
138	1005	44
139	988	62
140	1003	45
141	1001	34
142	1021	33
143	961	10
144	1056	40
145	963	44
146	985	42
147	948	36
148	977	23
149	987	21
150	995	5
151	1024	2
152	996	10
153	1042	29
154	968	42
155	996	57
156	1011	54
157	987	41
158	1007	16
159	1022	0
160	998	18
161	981	42
162	1031	39
163	1027	24
164	1003	0
165	1027	10
166	1000	16
167	1018	21
168	977	28
169	952	12
170	990	25
171	1039	25
172	987	23
173	1014	12
174	981	10
175	970	23
176	1014	39
177	1012	39
178	1023	36
179	1013	31
180	966	29
181	988	22
182	1002	26
183	1026	47
184	986	26
185	975	31
186	1022	53
187	1038	55
188	1010	10
189	998	17
190	992	23
191	1001	12
192	1014	37
193	1031	46
194	982	30
195	1043	4
196	1014	39
197	995	40
198	997	13
199	1005	25
200	1011	2
201	1007	0
202	988	6
203	991	4
204	964	29
205	971	27
206	1060	1
207	971	4
208	972	10
209	994	39
210	1024	28
211	955	12
212	974	18
213	985	27
214	1018	21
215	975	27
216	994	27
217	1016	15
218	1016	18
219	965	33
220	980	45
221	1035	46
222	1016	36
223	1031	2
224	1036	34
225	1007	47
226	1002	15
227	951	9
228	994	0
229	1019	11
230	1051	4
231	1031	29
232	989	67
233	993	64
234	976	6
235	974	0
236	991	19
237	1033	20
238	1012	4
239	998	23
240	1012	5
241	984	16
242	983	48
243	1042	61
244	1013	44
245	998	40
246	979	45
247	1006	30
248	1036	5
249	1020	31
250	1005	22
251	992	17
252	1003	0
253	995	16
254	953	26
255	981	24
256	973	34
257	1014	19
258	1037	40
259	1008	50
260	983	19
261	991	12
262	1006	20
263	974	21
264	991	24
265	965	42
266	1011	26
267	978	19
268	1022	2
269	1006	30
270	1001	13
271	969	21
272	968	23
273	1020	40
274	1033	41
275	981	10
276	979	29
277	978	39
278	1022	45
279	1015	23
280	970	15
281	1014	14
282	1005	29
283	1008	22
284	1000	33
285	956	42
286	1019	50
287	989	6
288	1025	7
289	980	28
290	1018	24
291	1000	31
292	1016	23
293	999	38
294	986	30
295	1006	18
296	984	7
297	1025	5
298	998	17
299	1032	32
300	988	44
301	968	51
302	1054	46
303	1011	33
304	1009	19
305	973	16
306	1020	34
307	1013	23
308	1001	30
309	1034	25
310	1012	37
311	1030	20
312	981	8
313	1034	28
314	1080	30
315	1018	38
316	982	30
317	981	25
318	999	39
319	958	17
320	1024	2
321	1010	0
322	988	0
323	990	27
324	1022	52
325	987	38
326	985	32
327	1002	7
328	997	20
329	1003	23
330	1005	20
331	1021	2
332	979	1
333	993	23
334	999	8
335	980	8
336	1004	26
337	1023	14
338	1049	0
339	1020	0
340	974	40
341	969	16
342	975	39
343	996	39
344	1022	42
345	1008	34
346	997	35
347	962	35
348	983	30
349	959	27
350	1035	50
351	985	52
352	988	36
353	971	37
354	1015	25
355	967	25
356	959	33
357	1035	29
358	1017	34
359	1001	31
360	994	43
361	1010	36
362	1003	30
363	1023	9
364	1007	20
365	993	0
366	989	25
367	987	4
368	1018	0
369	995	29
370	999	23
371	1025	0
372	995	9
373	979	36
374	1001	46
375	986	48
376	1004	32
377	980	19
378	997	14
379	999	0
380	998	20
381	1020	33
382	993	21
383	996	5
384	978	0
385	1001	20
386	945	22
387	1012	0
388	995	26
389	1009	44
390	998	15
391	1009	40
392	991	25
393	1017	34
394	1002	44
395	1036	21
396	981	12
397	1006	15
398	1000	8
399	1005	27
400	1010	1
401	1009	0
402	988	3
403	958	12
404	994	26
405	959	15
406	997	28
407	983	32
408	994	57
409	1023	46
410	1021	23
411	984	8
412	1048	24
413	1010	53
414	1052	37
415	993	52
416	1016	54
417	1072	65
418	985	18
419	961	38
420	987	6
421	993	8
422	969	25
423	988	0
424	1008	32
425	1008	28
426	1017	3
427	1017	31
428	1032	45
429	1003	52
430	1005	23
431	994	21
432	984	20
433	1024	42
434	964	48
435	949	34
436	1005	22
437	1029	21
438	1006	37
439	987	53
440	996	38
441	1009	46
442	1010	25
443	1015	30
444	1008	22
445	1007	19
446	986	32
447	994	32
448	1004	37
449	1043	30
450	1025	9
451	1045	27
452	1000	25
453	1015	39
454	1003	37
455	1041	0
456	1016	14
457	992	40
458	1014	46
459	1048	23
460	981	25
461	1007	18
462	1036	22
463	1008	54
464	985	25
465	1031	22
466	1031	19
467	999	18
468	1060	25
469	977	19
470	1014	41
471	1002	25
472	985	24
473	991	5
474	988	23
475	987	22
476	970	22
477	1033	29
478	988	47
479	987	42
480	1006	39
481	1001	50
482	982	35
483	1004	9
484	994	39
485	988	15
486	990	2
487	1012	26
488	995	33
489	1006	7
490	1009	4
491	1032	0
492	1036	32
493	993	27
494	1001	28
495	1012	35
496	996	35
497	993	27
498	1038	11
499	1011	3
500	980	0
501	1019	9
502	987	12
503	998	29
504	996	12
505	1020	27
506	1011	21
507	961	29
508	982	5
509	1008	28
510	1015	5
511	1029	27
512	999	34
513	1017	33
514	996	46
515	1015	6
516	1007	22
517	989	35
518	1015	37
519	966	25
520	1012	20
521	1024	17
522	1005	12
523	1010	15
524	966	18
525	1010	0
526	1031	7
527	1046	40
528	1043	11
529	1009	30
530	1011	68
531	984	27
532	1044	27
533	1011	27
534	1029	6
535	1022	10
536	1027	46
537	1022	41
538	1001	46
539	972	51
540	998	36
541	1021	21
542	996	29
543	1051	43
544	1039	45
545	1040	5
546	987	21
547	989	9
548	1008	36
549	992	33
550	1005	8
551	1018	20
552	1006	1
553	1019	33
554	1000	39
555	997	13
556	992	17
557	974	7
558	1002	49
559	1032	40
560	974	20
561	1037	36
562	1009	1
563	972	30
564	941	14
565	978	32
566	961	29
567	974	24
568	1023	11
569	1018	18
570	1014	17
571	1015	17
572	969	18
573	1022	10
574	1003	3
575	966	33
576	973	65
577	991	13
578	995	19
579	1010	42
580	960	38
581	956	51
582	979	10
583	992	9
584	1007	5
585	997	22
586	997	39
587	973	8
588	1011	5
589	1011	17
590	1013	51
591	1002	48
592	1021	16
593	1008	18
594	1024	0
595	989	30
596	976	4
597	994	22
598	982	21
599	974	1
600	972	0
601	1007	0
602	1006	10
603	1003	2
604	986	0
605	1012	32
606	1007	52
607	1030	18
608	1028	23
609	1000	1
610	1004	1
611	1054	6
612	972	38
613	1007	2
614	1042	0
615	1035	0
616	1036	18
617	965	14
618	1012	4
619	983	0
620	1012	0
621	1011	20
622	1004	39
623	990	59
624	1002	20
625	991	14
626	986	16
627	968	34
628	997	20
629	975	5
630	1017	6
631	1015	0
632	968	6
633	1041	0
634	1036	23
635	964	25
636	1017	16
637	999	33
638	1007	26
639	1051	28
640	956	36
641	1023	0
642	1005	10
643	994	25
644	1001	19
645	993	19
646	946	4
647	1035	21
648	1004	2
649	999	2
650	1022	15
651	1003	22
652	996	6
653	1015	29
654	1017	27
655	1018	32
656	960	37
657	977	27
658	1004	9
659	976	13
660	1013	7
661	984	24
662	1016	24
663	1043	32
664	972	9
665	994	2
666	1027	8
667	1012	17
668	1049	20
669	991	54
670	1029	52
671	973	54
672	965	22
673	984	32
674	1019	37
675	995	21
676	973	0
677	982	13
678	1016	29
679	965	19
680	978	8
681	1034	35
682	1002	24
683	1007	23
684	996	41
685	1007	19
686	982	20
687	993	11
688	984	50
689	1026	41
690	1038	10
691	967	15
692	983	17
693	1016	28
694	1012	9
695	1029	22
696	1027	2
697	1019	42
698	981	59
699	1052	33
700	1010	9
701	962	6
702	992	12
703	1020	10
704	1012	11
705	991	12
706	989	0
707	1019	27
708	970	35
709	1009	40
710	967	17
711	998	15
712	1010	32
713	1028	69
714	1018	57
715	1011	12
716	998	0
717	1044	8
718	986	0
719	1024	25
720	969	14
721	1042	7
722	966	0
723	1016	17
724	1007	1
725	1025	2
726	998	21
727	1000	30
728	975	53
729	952	13
730	1001	21
731	959	27
732	1003	29
733	994	13
734	993	6
735	995	23
736	958	32
737	1001	28
738	1015	27
739	1030	74
740	1035	59
741	1006	2
742	979	3
743	1024	19
744	1009	50
745	1000	40
746	996	21
747	988	32
748	1012	41
749	990	6
750	980	10
751	1002	0
752	1025	31
753	1006	44
754	1005	46
755	970	28
756	962	12
757	956	8
758	955	27
759	1026	1
760	994	0
761	1010	16
762	949	59
763	1026	4
764	1009	6
765	1037	0
766	1017	35
767	1014	15
768	992	0
769	987	25
770	1024	13
771	1023	14
772	972	25
773	965	7
774	1005	22
775	991	33
776	965	58
777	972	46
778	986	7
779	1018	12
780	1003	14
781	1035	0
782	984	5
783	980	0
784	1035	34
785	1019	3
786	1036	0
787	997	30
788	966	45
789	972	38
790	965	12
791	1037	7
792	961	26
793	1032	36
794	1026	14
795	988	27
796	1032	7
797	1015	5
798	990	35
799	989	11
800	1024	0
801	974	0
802	1038	1
803	1001	12
804	987	9
805	977	25
806	1006	46
807	1035	26
808	1013	61
809	978	0
810	1043	3
811	1013	8
812	1020	51
813	993	4
814	1023	0
815	989	14
816	963	0
817	1015	1
818	982	19
819	1006	45
820	994	0
821	1021	4
822	1000	15
823	998	45
824	1019	23
825	996	0
826	973	13
827	1034	41
828	979	19
829	991	46
830	1004	30
831	977	2
832	987	0
833	1033	5
834	1035	0
835	972	30
836	982	29
837	961	23
838	967	3
839	952	0
840	1038	0
841	978	13
842	994	12
843	1028	0
844	994	21
845	1027	19
846	993	15
847	984	27
848	962	29
849	977	38
850	989	14
851	957	36
852	1039	47
853	984	36
854	1024	1
855	1033	20
856	982	21
857	1022	20
858	1028	29
859	1032	36
860	1008	27
861	1027	22
862	1001	14
863	1057	0
864	1008	15
865	1033	10
866	985	0
867	990	0
868	967	36
869	986	23
870	1004	13
871	1002	28
872	1019	40
873	1001	29
874	953	12
875	982	39
876	1010	1
877	1007	0
878	988	29
879	973	12
880	967	14
881	1027	20
882	1008	5
883	990	0
884	1020	29
885	993	44
886	958	16
887	1007	38
888	976	23
889	988	18
890	988	0
891	1005	26
892	994	47
893	1012	22
894	1047	40
895	984	31
896	998	4
897	1020	0
898	1024	49
899	1019	6
900	998	0
901	1008	16
902	955	8
903	991	8
904	991	13
905	971	3
906	971	10
907	980	8
908	977	1
909	1004	0
910	981	0
911	972	21
912	974	15
913	973	19
914	1010	37
915	984	9
916	1030	15
917	1001	14
918	970	19
919	994	4
920	1041	38
921	1002	36
922	982	31
923	1002	9
924	1042	19
925	987	2
926	1015	18
927	1008	1
928	995	24
929	1000	7
930	978	0
931	972	0
932	1023	0
933	947	26
934	978	3
935	1004	23
936	1017	9
937	1074	0
938	999	0
939	991	26
940	1042	3
941	984	0
942	994	0
943	1035	26
944	994	28
945	1009	0
946	1006	0
947	978	1
948	1008	11
949	982	46
950	986	29
951	1039	5
952	1002	40
953	1009	51
954	1021	14
955	970	4
956	989	22
957	1002	43
958	1047	11
959	1028	1
960	993	8
961	995	7
962	1002	6
963	962	53
964	972	50
965	1042	5
966	1015	18
967	1005	1
968	1019	0
969	959	5
970	984	33
971	1016	2
972	1000	43
973	1004	6
974	987	6
975	1065	20
976	974	24
977	1031	0
978	978	5
979	1007	9
980	999	2
981	1009	2
982	1015	15
983	1023	20
984	999	11
985	986	0
986	976	10
987	978	0
988	994	0
989	1017	27
990	968	39
991	993	31
992	1015	23
993	989	8
994	1025	6
995	976	22
996	995	0
997	1010	3
998	1008	38
999	1014	74
