0	500	0	0
1	241	238	238
2	251	33	2
3	247	0	0
4	235	0	0
5	245	0	0
6	259	0	0
7	250	0	0
8	263	0	0
9	238	0	0
10	240	0	0
11	243	0	0
12	250	0	0
13	260	0	0
14	253	0	0
15	257	0	0
16	240	0	0
17	253	0	0
18	249	0	0
19	262	0	0
20	240	0	0
21	242	0	0
22	260	0	0
23	261	0	0
24	247	0	0
25	248	0	0
26	245	0	0
27	259	0	0
28	233	0	0
29	242	0	0
30	248	0	0
31	253	0	0
32	255	0	0
33	257	0	0
34	261	0	0
35	247	0	0
36	258	0	0
37	250	0	0
38	253	0	0
39	249	0	0
40	250	0	0
41	249	0	0
42	248	0	0
43	251	0	0
44	262	0	0
45	273	0	0
46	261	0	0
47	239	0	0
48	265	0	0
49	238	0	0
50	255	0	0
51	228	4	0
52	214	100	1
53	254	6	2
54	247	36	2
55	233	38	4
56	236	2	0
57	237	0	0
58	258	5	0
59	208	0	0
60	234	2	0
61	216	0	0
62	242	0	0
63	224	0	0
64	236	35	2
65	246	0	0
66	245	0	0
67	246	0	0
68	257	0	0
69	238	0	0
70	240	0	0
71	254	0	0
72	237	0	0
73	230	0	0
74	223	0	0
75	220	0	0
76	238	0	0
77	235	0	0
78	237	0	0
79	240	0	0
80	242	0	0
81	230	0	0
82	238	0	0
83	251	10	0
84	230	26	0
85	236	0	0
86	254	0	0
87	232	0	0
88	233	0	0
89	239	0	0
90	219	0	0
91	246	10	0
92	240	0	0
93	231	14	0
94	221	1	0
95	240	0	0
96	239	0	0
97	235	1	0
98	225	5	0
99	222	0	0
100	236	1	0
101	232	0	0
102	217	1	0
103	195	0	0
104	230	21	0
105	212	12	3
106	215	8	1
107	216	3	0
108	215	0	0
109	215	0	0
110	224	12	2
111	202	30	2
112	208	3	0
113	221	16	0
114	189	26	2
115	207	6	1
116	199	1	0
117	201	3	0
118	195	5	0
119	214	3	2
120	211	1	0
121	207	0	0
122	211	18	3
123	208	1	0
124	220	9	1
125	212	0	0
126	215	1	0
127	204	0	0
128	220	5	0
129	213	22	2
130	210	0	0
131	196	1	0
132	214	0	0
133	191	0	0
134	218	4	0
135	200	11	1
136	193	4	1
137	204	7	3
138	212	6	2
139	201	42	0
140	208	2	0
141	206	1	0
142	183	33	2
143	203	4	0
144	211	17	2
145	195	6	0
146	190	21	0
147	201	4	0
148	198	0	0
149	191	8	3
150	261	104	14
151	97	3	0
152	84	0	0
153	90	8	5
154	103	12	3
155	91	1	0
156	85	0	0
157	101	3	0
158	99	11	3
159	106	3	1
160	99	0	0
161	75	13	1
162	95	15	2
163	93	0	0
164	81	19	5
165	91	2	0
166	102	0	0
167	80	0	0
168	102	0	0
169	86	0	0
170	90	6	0
171	93	3	0
172	92	8	1
173	96	1	0
174	99	0	0
175	92	1	0
176	87	1	0
177	83	3	0
178	100	0	0
179	95	0	0
180	102	0	0
181	102	5	0
182	100	5	0
183	91	15	1
184	81	1	0
185	85	1	0
186	107	3	1
187	89	1	0
188	84	0	0
189	92	0	0
190	103	6	1
191	98	2	0
192	95	0	0
193	95	0	0
194	93	0	0
195	95	0	0
196	83	1	0
197	88	0	0
198	92	2	0
199	101	25	0
200	97	4	0
201	65	4	1
202	68	61	12
203	65	65	39
204	67	61	46
205	74	1	0
206	68	30	13
207	64	4	1
208	73	0	0
209	66	0	0
210	65	6	3
211	58	2	0
212	69	9	3
213	68	6	1
214	62	0	0
215	64	1	0
216	68	0	0
217	67	1	0
218	64	0	0
219	65	0	0
220	75	4	0
221	69	0	0
222	64	1	0
223	69	1	0
224	70	5	0
225	62	5	0
226	64	7	1
227	69	4	0
228	60	1	0
229	65	12	1
230	60	2	0
231	59	0	0
232	71	0	0
233	68	0	0
234	65	0	0
235	69	1	0
236	61	0	0
237	62	0	0
238	50	4	0
239	60	0	0
240	55	4	2
241	61	3	1
242	65	0	0
243	57	0	0
244	57	0	0
245	64	1	0
246	65	4	0
247	56	0	0
248	53	4	0
249	62	3	1
250	56	29	2
251	47	1	0
252	38	1	1
253	44	8	1
254	34	11	1
255	33	18	7
256	39	1	0
257	48	0	0
258	38	16	6
259	46	6	3
260	32	1	0
261	34	0	0
262	41	4	1
263	45	1	0
264	31	2	0
265	26	1	0
266	34	3	1
267	31	10	1
268	34	2	0
269	38	5	2
270	30	5	0
271	25	0	0
272	34	0	0
273	38	8	0
274	33	2	0
275	34	0	0
276	39	3	0
277	30	2	0
278	38	0	0
279	35	10	2
280	37	11	2
281	30	5	2
282	32	6	3
283	33	3	0
284	37	0	0
285	29	0	0
286	37	4	1
287	41	7	0
288	40	4	1
289	30	11	4
290	46	4	1
291	35	2	0
292	32	8	2
293	35	1	0
294	42	3	1
295	34	1	0
296	32	0	0
297	36	3	1
298	37	1	0
299	38	6	1
300	34	3	1
301	25	0	0
302	17	21	4
303	32	2	0
304	17	2	0
305	17	1	0
306	29	2	0
307	26	0	0
308	26	6	2
309	28	12	3
310	23	3	0
311	26	1	0
312	27	9	3
313	22	2	0
314	22	6	2
315	28	1	0
316	32	3	0
317	22	6	0
318	31	1	1
319	25	0	0
320	30	1	0
321	22	0	0
322	23	1	0
323	24	0	0
324	25	1	0
325	25	2	1
326	19	1	0
327	29	0	0
328	24	7	2
329	20	8	3
330	29	1	0
331	30	2	0
332	24	0	0
333	28	0	0
334	30	3	0
335	30	6	0
336	23	0	0
337	23	3	1
338	19	0	0
339	24	0	0
340	26	0	0
341	17	9	0
342	25	0	0
343	24	0	0
344	27	3	0
345	25	6	2
346	18	1	0
347	24	0	0
348	13	1	0
349	19	0	0
350	23	3	1
351	19	1	1
352	18	19	7
353	14	14	11
354	14	1	0
355	16	3	0
356	15	0	0
357	16	1	0
358	17	0	0
359	14	0	0
360	12	5	1
361	11	1	1
362	16	1	0
363	12	0	0
364	13	6	1
365	12	0	0
366	9	2	0
367	16	7	3
368	16	8	4
369	16	6	3
370	13	7	4
371	15	6	3
372	15	8	3
373	14	0	0
374	15	0	0
375	13	1	0
376	14	1	0
377	15	1	0
378	16	0	0
379	17	5	1
380	14	10	5
381	15	3	1
382	17	9	4
383	16	9	6
384	9	0	0
385	13	4	1
386	13	3	1
387	10	0	0
388	16	1	0
389	17	0	0
390	17	4	1
391	13	6	2
392	12	2	1
393	12	7	1
394	8	7	3
395	10	1	0
396	9	0	0
397	19	1	0
398	17	1	0
399	10	1	0
400	12	3	1
401	10	2	0
402	12	8	5
403	10	1	0
404	10	1	0
405	13	3	0
406	10	7	2
407	11	5	4
408	11	8	4
409	12	10	8
410	10	1	0
411	7	6	5
412	13	3	1
413	14	1	0
414	15	0	0
415	9	5	2
416	11	1	1
417	13	2	0
418	10	3	0
419	11	5	1
420	11	2	0
421	10	5	1
422	10	3	2
423	14	3	1
424	11	1	0
425	8	1	0
426	16	2	0
427	12	6	1
428	10	6	4
429	10	4	2
430	14	0	0
431	13	0	0
432	13	2	0
433	11	1	0
434	8	5	0
435	17	6	3
436	11	1	0
437	12	0	0
438	10	9	5
439	8	1	1
440	12	2	0
441	17	1	0
442	10	1	0
443	11	2	0
444	12	1	0
445	12	2	1
446	15	4	0
447	14	1	0
448	10	4	0
449	9	1	0
450	15	3	2
451	7	0	0
452	6	7	4
453	5	5	4
454	8	0	0
455	9	1	0
456	7	6	3
457	10	2	1
458	8	1	0
459	8	0	0
460	4	1	0
461	10	1	0
462	10	4	0
463	8	5	2
464	7	3	1
465	10	3	2
466	11	0	0
467	6	0	0
468	5	2	1
469	8	0	0
470	11	6	1
471	4	10	7
472	8	3	3
473	10	6	3
474	7	5	2
475	8	0	0
476	8	2	1
477	8	5	2
478	6	4	2
479	8	2	1
480	7	4	1
481	8	6	4
482	5	7	7
483	10	1	0
484	9	0	0
485	11	2	0
486	6	0	0
487	8	3	1
488	7	4	1
489	9	0	0
490	8	6	3
491	6	6	5
492	8	2	2
493	7	3	1
494	6	2	0
495	6	2	0
496	6	3	2
497	9	3	1
498	6	5	3
499	7	5	3
500	8	1	1
501	8	1	1
502	4	8	6
503	7	4	4
504	2	2	2
505	7	1	0
506	6	6	4
507	3	0	0
508	8	2	0
509	3	4	1
510	5	2	1
511	8	3	3
512	8	5	4
513	6	2	1
514	9	1	0
515	6	6	2
516	4	1	0
517	5	3	1
518	6	4	4
519	9	1	0
520	9	2	1
521	9	3	2
522	6	6	2
523	9	2	1
524	6	3	0
525	9	2	1
526	6	2	1
527	5	4	1
528	7	0	0
529	10	1	0
530	7	2	0
531	6	1	0
532	9	1	0
533	4	4	0
534	5	1	1
535	5	4	0
536	9	1	0
537	8	1	0
538	7	0	0
539	7	2	0
540	8	3	1
541	6	4	1
542	4	6	4
543	5	0	0
544	7	2	1
545	7	3	0
546	9	4	3
547	7	8	6
548	6	2	2
549	5	2	1
550	8	4	2
551	4	0	0
552	4	1	1
553	5	2	1
554	5	3	2
555	4	5	4
556	3	0	0
557	3	3	3
558	3	3	3
559	3	1	1
560	4	1	0
561	3	3	2
562	1	1	1
563	3	0	0
564	2	2	1
565	2	2	0
566	3	1	1
567	3	1	1
568	3	1	0
569	1	2	1
570	4	1	1
571	5	2	1
572	5	3	1
573	3	5	3
574	2	2	2
575	2	0	0
576	5	1	0
577	4	3	2
578	4	2	1
579	2	1	1
580	1	2	2
581	1	1	1
582	3	1	1
583	1	2	1
584	1	1	1
585	1	1	1
586	5	1	1
587	5	3	1
588	1	4	3
589	3	1	1
590	3	1	1
591	3	2	1
592	3	3	3
593	4	1	1
594	3	2	0
595	3	2	0
596	3	1	1
597	3	1	0
598	2	2	1
599	2	0	0
600	3	2	2
601	4	3	3
602	2	2	1
603	2	1	1
604	2	2	2
605	3	2	1
606	5	1	0
607	4	3	2
608	3	1	1
609	4	1	1
610	3	2	1
611	3	2	0
612	5	1	1
613	2	5	3
614	1	1	1
615	1	0	0
616	3	1	1
617	2	2	1
618	4	0	0
619	1	2	0
620	2	1	1
621	2	2	0
622	3	2	1
623	2	1	0
624	2	2	2
625	3	0	0
626	2	1	1
627	3	1	0
628	3	3	3
629	2	1	1
630	3	2	1
631	2	2	2
632	4	2	2
633	3	2	1
634	2	2	1
635	2	2	1
636	4	1	1
637	3	1	1
638	4	1	1
639	4	3	2
640	3	3	2
641	2	3	3
642	3	1	1
643	2	2	0
644	1	2	2
645	4	1	1
646	1	3	2
647	1	1	1
648	4	1	1
649	3	3	1
650	3	2	2
651	3	1	1
652	1	3	2
653	2	1	1
654	1	2	2
655	2	1	1
656	2	2	2
657	3	1	1
658	2	2	1
659	2	2	2
660	2	1	1
661	2	1	1
662	2	2	1
663	2	2	1
664	1	1	1
665	2	1	1
666	3	1	1
667	3	2	1
668	1	2	1
669	2	1	1
670	1	1	0
671	2	1	1
672	2	1	1
673	3	2	1
674	2	1	0
675	2	1	1
676	2	1	1
677	2	2	2
678	1	2	2
679	3	1	1
680	3	1	0
681	3	1	1
682	1	3	3
683	2	1	1
684	1	1	0
685	2	1	1
686	2	2	2
687	2	1	1
688	3	1	0
689	2	2	1
690	2	2	2
691	1	1	1
692	1	1	1
693	3	1	1
694	2	2	0
695	3	1	1
696	2	1	0
697	2	2	2
698	1	1	1
699	3	1	1
700	2	2	1
701	2	1	1
702	2	1	1
703	2	1	1
704	3	1	1
705	2	2	1
706	2	1	1
707	3	1	0
708	2	3	3
709	2	2	2
710	1	2	2
711	1	1	1
712	2	1	1
713	2	2	1
714	3	2	1
715	3	1	0
716	2	3	3
717	2	1	1
718	3	1	0
719	2	1	1
720	2	2	2
721	2	1	1
722	1	2	1
723	3	1	1
724	3	2	1
725	3	3	1
726	3	1	0
727	2	1	1
728	1	2	2
729	1	1	1
730	2	1	1
731	2	2	2
732	2	2	2
733	2	1	1
734	2	2	2
735	3	1	1
736	2	1	1
737	2	2	2
738	3	2	2
739	2	1	1
740	3	2	2
741	1	1	1
742	2	1	1
743	1	2	1
744	2	1	1
745	2	2	2
746	2	2	2
747	2	1	1
748	2	1	1
749	2	1	1
750	3	2	2
751	2	3	3
752	2	1	1
753	3	1	0
754	3	3	3
755	1	3	3
756	1	1	1
757	2	1	1
758	3	2	2
759	2	3	3
760	2	1	1
761	1	2	2
762	1	1	1
763	2	1	1
764	2	1	1
765	2	2	2
766	1	1	1
767	3	1	1
768	2	2	1
769	2	1	0
770	3	2	1
771	2	1	0
772	3	1	1
773	2	3	2
774	2	2	1
775	1	2	1
776	3	1	1
777	2	3	3
778	2	1	1
779	1	1	0
780	1	1	1
781	1	1	1
782	2	1	1
783	2	1	0
784	1	1	1
785	1	1	1
786	2	1	1
787	2	1	0
788	1	2	1
789	1	1	1
790	2	1	1
791	3	1	0
792	3	2	1
793	1	3	3
794	2	1	1
795	2	2	1
796	3	2	1
797	3	2	2
798	2	2	0
799	1	1	1
800	2	1	1
801	1	2	2
802	2	1	1
803	2	1	0
804	2	2	2
805	3	2	2
806	1	1	1
807	2	1	1
808	2	1	1
809	2	2	2
810	2	1	0
811	2	2	2
812	3	2	2
813	2	1	1
814	2	1	1
815	1	1	0
816	1	1	1
817	1	1	1
818	2	1	1
819	2	2	1
820	1	1	0
821	3	1	1
822	3	1	1
823	2	1	1
824	3	2	2
825	2	1	1
826	2	2	2
827	3	1	1
828	2	2	1
829	2	1	1
830	2	2	1
831	1	2	1
832	2	1	1
833	1	2	2
834	2	1	1
835	1	2	2
836	2	1	1
837	2	1	1
838	2	2	2
839	1	2	2
840	2	1	1
841	3	1	0
842	3	2	1
843	2	3	3
844	2	1	1
845	1	1	0
846	2	1	1
847	1	1	0
848	2	1	1
849	3	1	0
850	3	1	0
851	3	1	1
852	2	3	3
853	3	2	2
854	1	3	3
855	2	1	1
856	3	2	2
857	3	3	3
858	2	1	1
859	3	2	2
860	2	3	3
861	3	2	2
862	1	1	1
863	3	1	1
864	2	1	0
865	2	1	1
866	1	2	1
867	1	1	1
868	2	1	1
869	1	2	2
870	1	1	1
871	2	1	1
872	1	2	2
873	2	1	1
874	2	2	2
875	2	2	2
876	2	2	2
877	1	2	2
878	3	1	1
879	1	3	3
880	3	1	1
881	3	3	3
882	2	1	1
883	1	1	1
884	1	1	1
885	3	1	1
886	3	2	1
887	3	2	1
888	2	2	1
889	2	2	2
890	2	2	2
891	2	2	2
892	1	1	1
893	2	1	1
894	1	2	1
895	1	1	1
896	1	1	1
897	2	1	1
898	2	2	2
899	3	1	1
900	3	2	1
901	2	3	3
902	1	1	1
903	2	1	1
904	1	2	2
905	2	1	1
906	2	1	1
907	2	2	2
908	2	1	1
909	2	2	2
910	2	2	2
911	1	2	2
912	2	1	1
913	3	2	1
914	2	1	0
915	3	2	2
916	2	3	3
917	2	1	1
918	3	2	0
919	2	3	1
920	1	1	1
921	1	1	1
922	3	1	1
923	3	2	1
924	2	3	3
925	2	2	2
926	3	2	2
927	3	2	1
928	2	2	1
929	2	1	1
930	1	2	2
931	2	1	1
932	1	2	2
933	3	1	1
934	2	1	1
935	2	1	1
936	3	2	1
937	1	3	2
938	1	1	1
939	2	1	1
940	2	1	1
941	2	2	2
942	2	2	1
943	2	1	0
944	2	2	2
945	3	1	1
946	3	1	1
947	2	1	1
948	2	1	1
949	2	1	1
950	2	1	1
951	3	2	1
952	3	2	2
953	3	1	1
954	2	1	1
955	2	1	1
956	2	2	2
957	1	1	0
958	3	1	1
959	3	1	0
960	2	1	1
961	1	2	2
962	3	1	1
963	1	3	2
964	1	1	1
965	2	1	1
966	3	2	1
967	3	2	1
968	2	3	3
969	2	2	2
970	2	1	1
971	2	1	1
972	2	1	1
973	1	2	1
974	1	1	1
975	2	1	1
976	1	2	1
977	2	1	1
978	1	2	2
979	2	1	1
980	2	2	1
981	3	1	0
982	1	1	0
983	3	1	1
984	2	2	1
985	3	1	0
986	3	1	1
987	1	3	3
988	2	1	1
989	2	1	0
990	3	2	1
991	3	2	2
992	3	3	3
993	3	1	1
994	3	1	1
995	2	1	1
996	1	2	2
997	2	1	1
998	3	2	2
999	1	3	3
