0	2000	0	0
1	1093	1016	1016
2	1046	352	105
3	1014	44	8
4	1061	132	32
5	1056	112	28
6	1079	170	51
7	1080	156	35
8	1032	230	44
9	1049	185	40
10	1024	250	68
11	1002	241	71
12	1029	231	64
13	1073	318	87
14	1078	362	113
15	1078	282	85
16	1039	271	74
17	1010	287	89
18	1068	201	53
19	1048	295	95
20	1003	292	105
21	1019	251	81
22	1064	279	90
23	1009	328	120
24	1035	279	93
25	1089	207	67
26	1062	325	112
27	1021	292	68
28	1018	293	107
29	1040	248	96
30	1065	303	106
31	1042	237	77
32	998	224	81
33	1056	242	60
34	1088	208	50
35	1057	265	80
36	1076	293	91
37	1059	267	86
38	1070	262	78
39	1041	302	82
40	1057	316	88
41	1043	285	92
42	1051	246	75
43	1046	295	101
44	1057	262	104
45	1061	289	92
46	1065	282	80
47	1057	282	79
48	1110	269	91
49	1048	346	113
50	1541	638	340
51	817	852	433
52	824	215	139
53	840	293	130
54	855	294	139
55	812	341	169
56	850	215	107
57	862	182	82
58	832	173	74
59	798	167	60
60	816	154	52
61	771	139	42
62	800	89	28
63	819	128	27
64	783	70	13
65	779	169	49
66	803	124	31
67	788	110	25
68	808	77	25
69	807	71	10
70	751	100	21
71	761	125	29
72	814	88	16
73	743	123	31
74	749	86	23
75	780	34	6
76	768	30	7
77	782	90	5
78	737	52	11
79	758	47	6
80	819	97	11
81	801	89	16
82	758	37	6
83	805	83	14
84	812	51	10
85	738	88	16
86	754	23	2
87	775	44	6
88	794	116	12
89	736	78	15
90	759	14	1
91	769	0	0
92	761	18	0
93	772	102	10
94	768	78	7
95	754	22	2
96	754	85	2
97	727	78	8
98	781	59	6
99	775	106	20
100	1042	402	110
101	602	449	159
102	547	99	66
103	534	111	28
104	576	91	34
105	584	110	35
106	561	94	19
107	570	34	9
108	538	38	9
109	551	23	4
110	549	1	0
111	543	0	0
112	538	0	0
113	515	51	9
114	533	0	0
115	550	4	3
116	520	15	2
117	549	0	0
118	537	32	1
119	527	14	0
120	550	1	0
121	526	21	2
122	563	0	0
123	516	0	0
124	523	6	0
125	538	19	0
126	520	47	2
127	511	26	0
128	535	13	0
129	538	0	0
130	533	0	0
131	512	69	1
132	516	32	1
133	525	0	0
134	532	11	1
135	505	74	3
136	507	16	4
137	492	16	1
138	502	0	0
139	515	39	2
140	512	14	2
141	518	0	0
142	497	16	0
143	489	5	0
144	530	10	2
145	461	0	0
146	485	1	0
147	473	32	2
148	479	38	2
149	496	21	2
150	647	246	35
151	298	154	37
152	300	1	0
153	338	0	0
154	297	8	1
155	318	15	2
156	306	0	0
157	288	0	0
158	299	0	0
159	304	0	0
160	309	0	0
161	309	0	0
162	309	0	0
163	303	0	0
164	317	0	0
165	319	0	0
166	305	0	0
167	318	0	0
168	294	0	0
169	288	0	0
170	284	0	0
171	319	0	0
172	282	0	0
173	281	0	0
174	270	0	0
175	266	0	0
176	293	0	0
177	294	0	0
178	281	0	0
179	283	0	0
180	267	0	0
181	267	0	0
182	282	0	0
183	293	0	0
184	266	0	0
185	244	0	0
186	294	0	0
187	292	0	0
188	270	0	0
189	286	0	0
190	270	0	0
191	271	0	0
192	269	0	0
193	291	0	0
194	256	0	0
195	279	0	0
196	262	0	0
197	266	0	0
198	250	0	0
199	286	0	0
200	327	105	2
201	143	17	0
202	146	0	0
203	141	0	0
204	134	1	0
205	147	0	0
206	156	0	0
207	143	0	0
208	136	0	0
209	145	0	0
210	136	0	0
211	132	0	0
212	143	0	0
213	153	0	0
214	144	0	0
215	136	0	0
216	137	0	0
217	142	0	0
218	139	0	0
219	141	0	0
220	134	0	0
221	135	0	0
222	148	0	0
223	148	0	0
224	140	0	0
225	131	0	0
226	133	0	0
227	126	0	0
228	123	0	0
229	122	0	0
230	141	0	0
231	138	0	0
232	138	0	0
233	123	0	0
234	140	0	0
235	122	0	0
236	116	0	0
237	151	0	0
238	119	0	0
239	136	0	0
240	130	0	0
241	120	0	0
242	110	0	0
243	131	0	0
244	120	0	0
245	120	0	0
246	135	0	0
247	131	0	0
248	139	0	0
249	121	0	0
250	137	27	1
251	126	72	9
252	123	5	3
253	137	0	0
254	122	0	0
255	113	0	0
256	126	0	0
257	140	0	0
258	124	0	0
259	127	0	0
260	115	0	0
261	118	0	0
262	120	0	0
263	120	0	0
264	130	0	0
265	113	0	0
266	109	0	0
267	113	0	0
268	119	0	0
269	115	0	0
270	107	0	0
271	111	0	0
272	101	1	0
273	106	1	0
274	110	0	0
275	111	0	0
276	119	0	0
277	114	0	0
278	114	0	0
279	112	0	0
280	106	0	0
281	110	0	0
282	117	0	0
283	98	0	0
284	114	0	0
285	106	0	0
286	100	0	0
287	113	0	0
288	110	0	0
289	116	0	0
290	120	0	0
291	121	0	0
292	121	0	0
293	111	0	0
294	111	0	0
295	110	0	0
296	97	0	0
297	98	0	0
298	106	0	0
299	118	0	0
300	96	0	0
301	91	0	0
302	117	0	0
303	96	0	0
304	104	0	0
305	105	0	0
306	107	0	0
307	99	0	0
308	102	0	0
309	105	0	0
310	101	0	0
311	102	0	0
312	102	0	0
313	109	0	0
314	114	0	0
315	104	0	0
316	96	0	0
317	104	0	0
318	110	0	0
319	96	0	0
320	106	0	0
321	90	0	0
322	102	0	0
323	98	0	0
324	99	0	0
325	87	0	0
326	94	0	0
327	102	0	0
328	99	0	0
329	74	0	0
330	100	0	0
331	99	0	0
332	97	0	0
333	98	0	0
334	93	0	0
335	89	0	0
336	92	0	0
337	102	0	0
338	99	0	0
339	100	0	0
340	93	0	0
341	95	0	0
342	81	0	0
343	77	0	0
344	92	0	0
345	94	0	0
346	81	0	0
347	91	0	0
348	92	0	0
349	92	0	0
350	103	22	0
351	82	68	9
352	84	0	0
353	87	0	0
354	82	0	0
355	87	0	0
356	78	0	0
357	89	0	0
358	94	0	0
359	94	0	0
360	72	0	0
361	85	0	0
362	93	0	0
363	89	0	0
364	78	0	0
365	79	0	0
366	74	0	0
367	75	0	0
368	77	0	0
369	77	0	0
370	77	0	0
371	82	0	0
372	78	0	0
373	87	0	0
374	81	0	0
375	75	0	0
376	77	0	0
377	75	0	0
378	79	0	0
379	71	0	0
380	76	0	0
381	71	0	0
382	75	0	0
383	74	0	0
384	78	0	0
385	68	0	0
386	81	0	0
387	87	0	0
388	71	0	0
389	80	0	0
390	75	0	0
391	84	0	0
392	72	0	0
393	69	0	0
394	68	0	0
395	76	0	0
396	71	0	0
397	80	0	0
398	81	0	0
399	69	0	0
400	89	33	1
401	42	1	0
402	45	1	1
403	35	3	0
404	41	0	0
405	43	0	0
406	44	0	0
407	40	0	0
408	35	0	0
409	49	0	0
410	40	0	0
411	48	0	0
412	49	0	0
413	30	0	0
414	35	0	0
415	36	0	0
416	35	0	0
417	50	0	0
418	35	1	0
419	35	0	0
420	44	2	0
421	45	0	0
422	42	0	0
423	38	4	0
424	43	0	0
425	43	3	1
426	39	0	0
427	40	0	0
428	44	3	0
429	35	0	0
430	39	0	0
431	38	0	0
432	35	0	0
433	45	0	0
434	46	0	0
435	40	0	0
436	34	0	0
437	43	0	0
438	35	0	0
439	42	0	0
440	43	0	0
441	39	0	0
442	38	0	0
443	45	0	0
444	36	0	0
445	39	0	0
446	34	0	0
447	39	0	0
448	52	0	0
449	39	0	0
450	47	22	3
451	37	14	3
452	34	0	0
453	37	0	0
454	40	0	0
455	40	0	0
456	37	0	0
457	33	0	0
458	32	0	0
459	34	0	0
460	37	1	0
461	33	0	0
462	32	0	0
463	29	0	0
464	30	0	0
465	28	0	0
466	36	0	0
467	35	0	0
468	40	0	0
469	31	0	0
470	29	0	0
471	31	0	0
472	25	0	0
473	29	0	0
474	37	0	0
475	33	0	0
476	35	0	0
477	26	0	0
478	32	0	0
479	32	0	0
480	31	0	0
481	23	0	0
482	32	0	0
483	30	2	0
484	30	1	0
485	19	2	1
486	26	3	1
487	33	2	0
488	29	0	0
489	31	0	0
490	28	1	0
491	33	0	0
492	28	0	0
493	30	0	0
494	23	2	0
495	23	0	0
496	24	0	0
497	29	0	0
498	27	0	0
499	23	0	0
500	29	6	0
501	30	16	0
502	22	0	0
503	33	0	0
504	30	0	0
505	24	0	0
506	32	0	0
507	28	0	0
508	35	0	0
509	27	0	0
510	29	0	0
511	38	0	0
512	27	0	0
513	22	0	0
514	23	0	0
515	31	2	0
516	27	0	0
517	27	0	0
518	18	6	0
519	27	0	0
520	22	0	0
521	22	7	0
522	28	0	0
523	24	0	0
524	25	0	0
525	32	0	0
526	28	0	0
527	25	0	0
528	36	0	0
529	27	0	0
530	20	0	0
531	21	0	0
532	30	0	0
533	33	0	0
534	28	0	0
535	24	0	0
536	25	0	0
537	30	0	0
538	28	0	0
539	30	0	0
540	24	0	0
541	29	1	0
542	22	3	0
543	24	0	0
544	23	0	0
545	25	0	0
546	24	0	0
547	27	3	0
548	27	5	0
549	27	7	4
550	37	18	6
551	12	0	0
552	14	1	0
553	12	5	1
554	17	0	0
555	14	1	0
556	12	1	0
557	11	1	0
558	17	0	0
559	13	1	0
560	9	0	0
561	15	1	0
562	12	4	0
563	10	5	2
564	12	0	0
565	9	0	0
566	12	1	0
567	8	0	0
568	17	4	0
569	13	6	2
570	15	0	0
571	12	0	0
572	12	0	0
573	14	0	0
574	14	0	0
575	9	0	0
576	16	1	0
577	11	1	0
578	11	0	0
579	10	6	0
580	11	1	0
581	11	0	0
582	14	0	0
583	12	1	0
584	7	2	1
585	10	2	0
586	13	0	0
587	14	0	0
588	11	0	0
589	12	0	0
590	11	4	1
591	11	5	1
592	12	5	2
593	15	0	0
594	13	1	0
595	12	0	0
596	14	0	0
597	10	0	0
598	9	1	0
599	15	1	0
600	13	0	0
601	14	4	1
602	7	0	0
603	8	2	0
604	11	1	0
605	10	0	0
606	10	1	0
607	10	2	0
608	13	0	0
609	14	0	0
610	7	0	0
611	13	0	0
612	8	3	0
613	10	2	0
614	8	3	0
615	10	0	0
616	8	3	1
617	12	3	1
618	11	2	0
619	6	2	1
620	7	2	0
621	10	1	0
622	8	5	2
623	12	1	0
624	10	0	0
625	7	0	0
626	8	5	2
627	11	0	0
628	8	4	0
629	10	3	1
630	10	0	0
631	10	1	0
632	12	0	0
633	8	7	1
634	7	0	0
635	9	0	0
636	7	1	0
637	5	4	1
638	7	0	0
639	8	0	0
640	7	1	0
641	8	0	0
642	7	0	0
643	9	0	0
644	7	0	0
645	7	0	0
646	5	0	0
647	5	2	0
648	8	0	0
649	9	1	0
650	7	4	2
651	5	0	0
652	4	5	2
653	8	0	0
654	5	2	0
655	6	1	0
656	7	1	0
657	4	4	3
658	5	1	0
659	5	2	1
660	3	1	1
661	5	0	0
662	7	0	0
663	5	0	0
664	5	1	0
665	4	1	0
666	5	0	0
667	6	1	0
668	5	1	0
669	5	3	1
670	6	1	0
671	5	2	0
672	6	2	0
673	5	4	1
674	4	3	1
675	6	2	1
676	3	3	1
677	4	0	0
678	7	1	1
679	3	3	1
680	5	2	1
681	8	0	0
682	8	1	0
683	2	5	2
684	2	1	0
685	7	0	0
686	5	1	0
687	5	1	0
688	5	1	0
689	5	0	0
690	4	1	0
691	4	2	0
692	4	1	0
693	4	1	0
694	6	1	0
695	7	2	0
696	5	1	1
697	3	3	2
698	7	2	1
699	3	1	0
700	6	3	2
701	4	3	2
702	4	2	0
703	3	1	0
704	3	2	0
705	3	0	0
706	5	2	1
707	3	0	0
708	5	1	0
709	4	3	0
710	2	1	0
711	4	1	0
712	3	4	3
713	4	0	0
714	7	1	0
715	7	5	2
716	5	1	0
717	4	4	3
718	5	1	0
719	5	3	1
720	5	1	0
721	5	0	0
722	4	0	0
723	6	2	0
724	4	5	2
725	6	3	3
726	6	1	1
727	4	3	2
728	3	2	0
729	4	0	0
730	6	3	1
731	3	2	1
732	3	2	1
733	4	3	1
734	5	1	1
735	5	1	0
736	2	1	0
737	2	2	1
738	5	2	1
739	3	2	1
740	7	1	0
741	4	0	0
742	6	3	1
743	6	0	0
744	5	4	2
745	3	1	0
746	3	1	1
747	3	2	1
748	4	2	0
749	5	1	0
750	3	1	1
751	5	2	1
752	5	3	0
753	6	0	0
754	4	0	0
755	3	1	0
756	4	1	0
757	4	3	2
758	4	1	0
759	5	3	1
760	3	1	0
761	5	2	1
762	4	0	0
763	4	0	0
764	6	2	0
765	5	2	0
766	6	2	1
767	3	3	1
768	5	1	0
769	3	1	0
770	4	2	0
771	5	2	2
772	3	2	1
773	2	2	1
774	5	0	0
775	5	2	1
776	4	3	1
777	1	2	1
778	5	1	1
779	3	2	1
780	5	2	1
781	5	1	1
782	2	2	2
783	6	0	0
784	5	0	0
785	5	2	0
786	4	2	0
787	3	2	1
788	3	1	1
789	4	2	1
790	5	4	4
791	5	1	1
792	4	2	1
793	4	3	1
794	4	4	2
795	4	1	0
796	2	1	0
797	3	1	1
798	5	1	0
799	3	1	0
800	4	2	1
801	4	1	1
802	2	4	4
803	3	2	2
804	4	1	1
805	5	1	0
806	4	2	1
807	2	3	2
808	5	2	2
809	4	3	2
810	3	1	0
811	3	2	0
812	3	3	2
813	3	2	0
814	4	2	1
815	3	2	1
816	3	3	3
817	2	3	3
818	2	2	2
819	3	1	1
820	3	3	1
821	1	3	3
822	2	0	0
823	4	1	0
824	1	1	0
825	2	1	1
826	2	1	1
827	3	1	0
828	3	2	1
829	3	3	1
830	4	1	0
831	2	4	4
832	3	1	1
833	3	2	1
834	5	1	0
835	3	5	3
836	3	1	1
837	3	0	0
838	2	3	1
839	3	2	1
840	4	2	2
841	2	1	0
842	3	2	1
843	2	1	0
844	4	0	0
845	3	3	2
846	2	3	2
847	3	1	0
848	2	1	1
849	4	1	1
850	5	2	2
851	4	5	5
852	3	3	3
853	2	0	0
854	3	1	1
855	3	1	1
856	3	3	3
857	3	1	1
858	2	2	1
859	4	1	1
860	3	2	1
861	3	3	3
862	2	2	1
863	4	2	2
864	3	3	2
865	1	1	1
866	2	1	1
867	2	1	0
868	4	1	0
869	2	3	1
870	2	1	1
871	3	2	1
872	2	3	2
873	4	2	1
874	5	2	1
875	3	4	0
876	5	1	0
877	3	4	1
878	3	1	1
879	3	2	0
880	4	1	1
881	3	4	3
882	3	1	0
883	4	1	0
884	3	1	0
885	4	3	3
886	4	3	1
887	3	4	3
888	3	2	2
889	3	3	3
890	2	2	1
891	4	2	0
892	3	3	0
893	3	1	1
894	4	2	1
895	1	4	3
896	4	0	0
897	4	1	0
898	2	2	0
899	5	0	0
900	4	1	0
901	3	0	0
902	2	1	1
903	2	2	2
904	3	1	1
905	3	1	0
906	2	1	0
907	3	2	1
908	1	3	1
909	2	1	1
910	1	2	1
911	1	1	1
912	2	1	1
913	3	2	2
914	2	3	1
915	1	2	2
916	2	1	1
917	0	2	2
918	1	0	0
919	3	0	0
920	3	3	1
921	0	3	3
922	2	0	0
923	2	2	2
924	1	2	1
925	2	1	1
926	3	2	1
927	2	1	1
928	2	2	2
929	2	2	0
930	2	2	2
931	2	1	0
932	2	2	1
933	2	0	0
934	3	2	1
935	2	1	1
936	2	1	1
937	2	1	1
938	2	2	1
939	1	1	0
940	2	1	1
941	3	2	1
942	2	3	1
943	1	1	1
944	2	1	1
945	2	1	1
946	3	1	1
947	1	3	1
948	3	1	1
949	1	2	0
950	2	1	1
951	0	2	2
952	2	0	0
953	2	0	0
954	2	2	2
955	3	1	1
956	1	1	0
957	1	1	1
958	2	1	1
959	2	1	0
960	1	2	2
961	3	1	1
962	1	2	0
963	2	1	1
964	2	1	0
965	1	1	1
966	1	1	1
967	3	1	1
968	3	2	0
969	1	3	2
970	1	1	1
971	2	1	1
972	2	0	0
973	3	1	1
974	2	2	1
975	2	1	0
976	2	2	1
977	1	2	2
978	2	1	1
979	1	2	2
980	2	1	1
981	3	2	1
982	2	3	2
983	2	1	0
984	2	2	1
985	1	1	1
986	2	1	1
987	2	1	0
988	3	2	0
989	2	3	2
990	1	1	0
991	1	1	1
992	2	1	1
993	2	2	1
994	2	1	0
995	2	2	2
996	3	2	2
997	2	2	1
998	1	2	2
999	2	1	1
