0	2000	0	0
1	983	0	0
2	999	0	0
3	992	0	0
4	996	0	0
5	1017	0	0
6	1013	0	0
7	996	0	0
8	1018	0	0
9	989	0	0
10	1055	0	0
11	1005	0	0
12	1002	0	0
13	980	0	0
14	988	0	0
15	1032	0	0
16	1022	0	0
17	1005	0	0
18	1008	0	0
19	991	0	0
20	1003	0	0
21	1012	0	0
22	997	0	0
23	989	0	0
24	1010	0	0
25	984	0	0
26	973	0	0
27	973	0	0
28	996	0	0
29	987	0	0
30	1024	0	0
31	1033	0	0
32	968	0	0
33	1013	0	0
34	1009	0	0
35	1042	0	0
36	1027	0	0
37	997	0	0
38	1004	0	0
39	977	0	0
40	998	0	0
41	1016	0	0
42	1017	0	0
43	979	0	0
44	993	0	0
45	977	0	0
46	981	0	0
47	1020	0	0
48	969	0	0
49	979	0	0
50	996	0	0
51	936	0	0
52	962	2	0
53	969	0	0
54	936	0	0
55	972	0	0
56	942	0	0
57	955	0	0
58	937	0	0
59	939	0	0
60	932	0	0
61	966	0	0
62	931	0	0
63	959	0	0
64	974	0	0
65	897	0	0
66	943	0	0
67	945	0	0
68	932	0	0
69	919	0	0
70	951	0	0
71	909	0	0
72	917	0	0
73	921	0	0
74	935	0	0
75	949	0	0
76	921	0	0
77	908	0	0
78	910	0	0
79	932	0	0
80	924	0	0
81	930	0	0
82	914	0	0
83	976	0	0
84	981	0	0
85	957	0	0
86	948	0	0
87	915	0	0
88	858	0	0
89	905	0	0
90	899	0	0
91	891	0	0
92	913	0	0
93	886	0	0
94	930	0	0
95	880	0	0
96	890	0	0
97	904	0	0
98	911	0	0
99	923	0	0
100	914	1	0
101	782	0	0
102	811	1	0
103	774	0	0
104	800	0	0
105	781	0	0
106	774	0	0
107	744	0	0
108	800	0	0
109	806	0	0
110	762	0	0
111	793	0	0
112	791	0	0
113	742	0	0
114	769	0	0
115	756	0	0
116	750	0	0
117	753	0	0
118	739	0	0
119	739	0	0
120	745	0	0
121	802	0	0
122	757	0	0
123	736	0	0
124	719	0	0
125	768	0	0
126	769	0	0
127	757	0	0
128	720	0	0
129	750	0	0
130	728	0	0
131	701	0	0
132	738	0	0
133	734	0	0
134	725	0	0
135	726	0	0
136	735	0	0
137	719	0	0
138	699	0	0
139	724	0	0
140	694	0	0
141	683	0	0
142	729	0	0
143	682	0	0
144	691	0	0
145	692	0	0
146	675	0	0
147	684	0	0
148	677	0	0
149	669	0	0
150	643	1	0
151	579	1	0
152	636	1	1
153	612	0	0
154	611	0	0
155	615	0	0
156	614	0	0
157	615	0	0
158	627	0	0
159	605	0	0
160	612	0	0
161	621	0	0
162	600	0	0
163	597	0	0
164	556	0	0
165	585	0	0
166	602	0	0
167	609	0	0
168	590	0	0
169	609	0	0
170	573	0	0
171	572	0	0
172	565	0	0
173	589	0	0
174	564	0	0
175	595	0	0
176	568	0	0
177	555	0	0
178	518	0	0
179	564	0	0
180	542	0	0
181	577	0	0
182	584	0	0
183	559	0	0
184	507	0	0
185	566	0	0
186	540	0	0
187	523	0	0
188	552	0	0
189	544	0	0
190	537	0	0
191	575	0	0
192	548	0	0
193	548	0	0
194	545	0	0
195	563	0	0
196	521	0	0
197	526	0	0
198	523	0	0
199	491	0	0
200	511	39	0
201	301	3	0
202	337	1	0
203	342	0	0
204	312	0	0
205	339	0	0
206	304	0	0
207	329	0	0
208	293	0	0
209	308	0	0
210	327	0	0
211	332	0	0
212	300	0	0
213	347	0	0
214	336	0	0
215	319	0	0
216	323	0	0
217	305	0	0
218	306	0	0
219	296	0	0
220	287	0	0
221	291	0	0
222	310	0	0
223	290	0	0
224	307	0	0
225	296	0	0
226	320	0	0
227	306	0	0
228	288	0	0
229	276	0	0
230	311	0	0
231	293	0	0
232	304	0	0
233	297	0	0
234	270	0	0
235	270	0	0
236	285	0	0
237	269	0	0
238	265	0	0
239	279	0	0
240	275	0	0
241	279	0	0
242	264	0	0
243	271	0	0
244	273	0	0
245	262	0	0
246	278	0	0
247	264	0	0
248	263	0	0
249	253	0	0
250	238	0	0
251	243	0	0
252	247	0	0
253	244	0	0
254	257	0	0
255	251	0	0
256	247	0	0
257	266	0	0
258	235	0	0
259	237	0	0
260	250	0	0
261	236	0	0
262	257	0	0
263	250	0	0
264	259	0	0
265	229	0	0
266	226	0	0
267	257	0	0
268	247	0	0
269	247	0	0
270	228	0	0
271	239	0	0
272	230	0	0
273	236	0	0
274	245	0	0
275	219	0	0
276	233	0	0
277	226	0	0
278	224	0	0
279	226	0	0
280	226	0	0
281	233	0	0
282	239	0	0
283	215	0	0
284	215	0	0
285	234	0	0
286	232	0	0
287	202	0	0
288	248	0	0
289	231	0	0
290	235	0	0
291	231	0	0
292	228	0	0
293	221	0	0
294	217	0	0
295	239	0	0
296	215	0	0
297	232	0	0
298	208	0	0
299	231	0	0
300	216	3	0
301	189	3	0
302	191	3	0
303	169	0	0
304	188	0	0
305	158	0	0
306	173	0	0
307	174	0	0
308	192	0	0
309	180	0	0
310	186	0	0
311	164	0	0
312	165	0	0
313	170	0	0
314	191	0	0
315	185	0	0
316	151	0	0
317	164	0	0
318	175	0	0
319	168	0	0
320	172	0	0
321	177	0	0
322	166	0	0
323	177	0	0
324	159	0	0
325	172	0	0
326	161	0	0
327	171	0	0
328	159	0	0
329	167	0	0
330	157	0	0
331	146	0	0
332	159	0	0
333	148	0	0
334	153	0	0
335	163	0	0
336	172	0	0
337	162	0	0
338	173	0	0
339	154	0	0
340	155	0	0
341	143	0	0
342	164	0	0
343	138	0	0
344	161	0	0
345	155	0	0
346	153	0	0
347	135	0	0
348	155	0	0
349	155	0	0
350	159	26	0
351	101	0	0
352	95	2	0
353	103	0	0
354	102	0	0
355	99	0	0
356	104	0	0
357	93	0	0
358	103	0	0
359	90	0	0
360	87	0	0
361	96	0	0
362	89	0	0
363	94	0	0
364	90	0	0
365	105	0	0
366	103	0	0
367	93	0	0
368	90	0	0
369	102	0	0
370	106	0	0
371	92	0	0
372	90	0	0
373	83	0	0
374	91	0	0
375	80	0	0
376	91	0	0
377	82	0	0
378	96	0	0
379	84	0	0
380	102	0	0
381	90	0	0
382	89	0	0
383	93	0	0
384	77	0	0
385	92	0	0
386	79	0	0
387	78	0	0
388	96	0	0
389	85	0	0
390	92	0	0
391	92	0	0
392	89	0	0
393	80	0	0
394	81	0	0
395	84	0	0
396	83	0	0
397	81	0	0
398	85	0	0
399	78	0	0
400	83	20	1
401	61	1	0
402	50	2	0
403	51	0	0
404	61	0	0
405	55	0	0
406	49	0	0
407	59	0	0
408	51	0	0
409	58	0	0
410	47	0	0
411	52	0	0
412	51	0	0
413	40	0	0
414	49	0	0
415	51	0	0
416	60	0	0
417	57	0	0
418	56	0	0
419	45	0	0
420	48	3	0
421	53	2	0
422	54	0	0
423	51	0	0
424	58	0	0
425	50	0	0
426	46	0	0
427	45	1	0
428	46	0	0
429	47	1	0
430	48	0	0
431	45	0	0
432	48	0	0
433	53	0	0
434	50	0	0
435	47	0	0
436	49	1	0
437	46	0	0
438	51	6	0
439	50	0	0
440	44	0	0
441	48	0	0
442	49	0	0
443	43	0	0
444	51	0	0
445	45	0	0
446	43	0	0
447	44	0	0
448	42	0	0
449	47	0	0
450	45	0	0
451	47	0	0
452	46	0	0
453	45	0	0
454	44	0	0
455	40	0	0
456	46	0	0
457	43	0	0
458	44	0	0
459	45	0	0
460	53	4	0
461	44	0	0
462	38	0	0
463	47	0	0
464	44	0	0
465	42	0	0
466	39	0	0
467	50	0	0
468	44	5	0
469	35	0	0
470	42	0	0
471	37	0	0
472	45	2	0
473	45	0	0
474	48	0	0
475	41	0	0
476	44	0	0
477	34	0	0
478	40	0	0
479	43	0	0
480	42	0	0
481	37	0	0
482	38	0	0
483	30	0	0
484	40	0	0
485	35	0	0
486	33	2	0
487	36	0	0
488	48	0	0
489	35	0	0
490	38	0	0
491	38	0	0
492	36	0	0
493	30	0	0
494	34	0	0
495	40	0	0
496	47	0	0
497	34	0	0
498	47	0	0
499	38	0	0
500	44	3	0
501	36	3	0
502	29	1	0
503	35	0	0
504	38	0	0
505	37	0	0
506	28	0	0
507	29	0	0
508	32	0	0
509	36	0	0
510	33	0	0
511	22	0	0
512	34	0	0
513	42	0	0
514	35	0	0
515	33	0	0
516	33	1	0
517	35	0	0
518	35	0	0
519	34	9	0
520	34	0	0
521	29	0	0
522	37	0	0
523	31	0	0
524	34	0	0
525	35	0	0
526	32	0	0
527	26	0	0
528	30	0	0
529	38	0	0
530	37	0	0
531	29	0	0
532	37	0	0
533	25	0	0
534	33	0	0
535	33	0	0
536	26	0	0
537	33	0	0
538	33	0	0
539	31	0	0
540	30	0	0
541	29	0	0
542	31	0	0
543	28	0	0
544	27	0	0
545	33	0	0
546	28	0	0
547	25	0	0
548	32	0	0
549	26	0	0
550	27	4	0
551	22	0	0
552	25	4	0
553	20	3	1
554	22	0	0
555	21	1	0
556	22	1	0
557	16	1	0
558	19	1	0
559	18	0	0
560	18	0	0
561	24	1	0
562	26	0	0
563	17	0	0
564	25	3	0
565	22	0	0
566	16	2	0
567	22	0	0
568	26	0	0
569	28	5	0
570	19	2	0
571	20	0	0
572	22	1	0
573	20	0	0
574	23	0	0
575	23	0	0
576	18	0	0
577	24	0	0
578	24	0	0
579	25	0	0
580	19	0	0
581	21	0	0
582	19	2	0
583	19	3	0
584	20	2	0
585	20	2	0
586	19	0	0
587	22	0	0
588	19	0	0
589	23	0	0
590	19	3	0
591	16	0	0
592	19	0	0
593	23	0	0
594	14	0	0
595	19	0	0
596	23	0	0
597	19	0	0
598	21	1	0
599	20	0	0
600	17	1	0
601	20	0	0
602	14	0	0
603	15	0	0
604	21	1	0
605	21	2	0
606	17	0	0
607	18	0	0
608	18	6	1
609	18	1	0
610	16	0	0
611	27	0	0
612	19	0	0
613	20	0	0
614	20	0	0
615	20	0	0
616	23	0	0
617	23	0	0
618	29	0	0
619	26	0	0
620	17	0	0
621	18	0	0
622	20	0	0
623	24	0	0
624	20	0	0
625	20	0	0
626	15	1	0
627	22	2	0
628	19	0	0
629	20	1	0
630	13	0	0
631	14	0	0
632	22	0	0
633	15	0	0
634	16	0	0
635	11	0	0
636	16	1	0
637	18	0	0
638	16	0	0
639	19	0	0
640	22	0	0
641	22	0	0
642	21	0	0
643	19	9	1
644	19	0	0
645	15	0	0
646	19	0	0
647	20	9	2
648	19	10	3
649	18	0	0
650	18	6	1
651	17	8	2
652	20	0	0
653	13	5	2
654	13	1	0
655	15	1	0
656	14	8	5
657	13	1	0
658	15	0	0
659	17	0	0
660	19	0	0
661	11	0	0
662	13	1	0
663	21	0	0
664	12	0	0
665	14	0	0
666	16	1	0
667	13	0	0
668	13	5	1
669	14	2	0
670	14	0	0
671	11	0	0
672	12	0	0
673	19	1	0
674	10	0	0
675	15	0	0
676	16	0	0
677	16	1	0
678	17	3	0
679	19	0	0
680	17	0	0
681	14	0	0
682	17	0	0
683	14	2	0
684	13	2	0
685	14	2	0
686	17	0	0
687	10	2	0
688	13	2	1
689	13	4	0
690	18	0	0
691	12	0	0
692	15	0	0
693	17	1	0
694	17	0	0
695	14	0	0
696	17	0	0
697	14	1	0
698	17	0	0
699	14	0	0
700	16	7	0
701	12	1	1
702	14	9	4
703	15	4	1
704	12	2	1
705	10	2	0
706	13	2	0
707	11	0	0
708	9	0	0
709	7	0	0
710	11	0	0
711	13	0	0
712	11	0	0
713	12	0	0
714	11	0	0
715	12	0	0
716	11	0	0
717	9	1	0
718	7	5	2
719	11	1	0
720	11	0	0
721	8	4	1
722	9	4	2
723	13	1	0
724	11	0	0
725	10	2	0
726	10	0	0
727	13	0	0
728	9	0	0
729	14	1	0
730	14	5	1
731	9	6	3
732	5	4	2
733	10	0	0
734	6	0	0
735	11	1	0
736	14	0	0
737	9	0	0
738	12	5	0
739	11	0	0
740	12	0	0
741	9	0	0
742	11	7	2
743	12	1	1
744	10	0	0
745	11	0	0
746	10	0	0
747	11	2	0
748	14	1	0
749	11	0	0
750	11	0	0
751	12	4	0
752	7	3	0
753	7	1	0
754	10	0	0
755	12	2	0
756	14	1	0
757	14	0	0
758	12	0	0
759	9	1	0
760	10	5	2
761	11	0	0
762	10	0	0
763	9	0	0
764	8	0	0
765	6	0	0
766	8	1	0
767	9	1	0
768	11	4	1
769	10	0	0
770	10	1	0
771	10	0	0
772	9	1	0
773	9	1	0
774	11	1	0
775	8	3	1
776	8	1	0
777	9	3	1
778	6	3	1
779	7	2	1
780	6	0	0
781	6	5	0
782	11	1	1
783	11	0	0
784	8	5	1
785	7	3	0
786	8	3	0
787	8	0	0
788	9	3	1
789	6	0	0
790	9	3	1
791	8	2	0
792	5	1	1
793	6	0	0
794	6	2	0
795	7	2	0
796	4	4	1
797	8	1	0
798	8	0	0
799	11	0	0
800	10	0	0
801	7	3	1
802	7	1	0
803	5	0	0
804	10	2	0
805	8	0	0
806	10	4	1
807	7	2	1
808	5	2	0
809	7	2	0
810	6	4	3
811	5	5	3
812	7	0	0
813	5	3	2
814	8	2	0
815	6	1	1
816	6	1	0
817	7	1	0
818	9	1	0
819	8	6	0
820	10	3	2
821	5	3	1
822	9	2	1
823	7	0	0
824	7	2	0
825	5	3	1
826	10	2	1
827	6	5	2
828	6	2	0
829	8	2	0
830	5	2	1
831	9	0	0
832	5	1	0
833	10	2	1
834	7	7	2
835	8	1	1
836	7	1	0
837	9	3	2
838	5	5	2
839	5	1	0
840	7	1	0
841	6	2	1
842	5	0	0
843	8	1	0
844	10	3	0
845	8	1	0
846	6	4	0
847	6	1	1
848	7	4	2
849	5	2	1
850	8	3	2
851	4	3	2
852	4	0	0
853	6	0	0
854	3	0	0
855	5	1	0
856	5	5	3
857	4	5	4
858	5	4	2
859	8	1	1
860	5	1	0
861	7	1	0
862	5	4	3
863	8	0	0
864	6	0	0
865	9	1	0
866	7	3	0
867	4	3	2
868	3	3	2
869	6	1	0
870	5	1	0
871	3	1	0
872	6	1	0
873	7	1	0
874	4	3	2
875	6	3	2
876	8	1	0
877	7	3	1
878	7	0	0
879	5	2	0
880	7	0	0
881	6	4	2
882	7	1	0
883	6	3	1
884	8	3	2
885	7	3	0
886	8	1	0
887	2	3	0
888	7	1	1
889	6	2	1
890	6	3	0
891	7	3	2
892	7	3	1
893	7	1	0
894	4	2	0
895	6	2	0
896	5	3	2
897	5	3	1
898	6	1	0
899	7	4	2
900	7	2	1
901	6	1	1
902	6	1	1
903	7	1	0
904	3	4	0
905	6	2	2
906	6	1	0
907	5	1	0
908	6	1	0
909	5	1	0
910	6	3	0
911	5	3	1
912	4	1	1
913	2	3	1
914	2	2	1
915	4	1	1
916	4	2	0
917	3	3	3
918	3	2	1
919	6	1	0
920	4	3	2
921	2	1	0
922	5	1	0
923	3	2	0
924	6	3	0
925	5	2	1
926	4	2	1
927	4	1	1
928	5	4	4
929	5	5	5
930	2	1	1
931	4	1	1
932	3	2	0
933	4	2	2
934	5	2	1
935	3	1	0
936	5	2	0
937	2	3	2
938	3	1	1
939	4	2	1
940	4	4	2
941	4	2	1
942	4	1	0
943	4	2	0
944	3	2	0
945	5	3	2
946	3	5	4
947	3	1	1
948	4	2	1
949	5	2	0
950	5	1	0
951	2	1	1
952	3	1	1
953	5	2	0
954	4	4	3
955	5	1	1
956	3	1	0
957	6	1	0
958	5	5	4
959	7	4	3
960	6	4	4
961	2	4	3
962	4	1	1
963	4	4	2
964	5	1	1
965	4	1	0
966	4	2	1
967	4	4	3
968	2	2	1
969	6	1	1
970	6	2	1
971	5	2	0
972	5	3	1
973	5	4	3
974	3	4	2
975	5	1	1
976	3	2	1
977	4	1	1
978	3	1	0
979	6	2	1
980	3	3	1
981	3	1	1
982	6	2	1
983	3	2	1
984	4	1	1
985	5	1	0
986	4	5	4
987	4	1	1
988	6	2	0
989	4	2	0
990	5	1	1
991	5	3	1
992	5	2	1
993	1	1	0
994	4	1	1
995	2	2	0
996	5	2	2
997	6	1	0
998	4	4	2
999	5	4	3
