0	2000	0
1	997	13
2	957	8
3	1070	0
4	1012	5
5	1013	1
6	982	3
7	988	7
8	1029	4
9	962	2
10	1024	3
11	1003	2
12	1003	12
13	1003	9
14	1020	0
15	1023	0
16	1017	4
17	1008	6
18	981	3
19	1007	4
20	1004	26
21	960	11
22	986	10
23	1021	15
24	964	28
25	993	0
26	1033	2
27	1004	26
28	992	24
29	1010	8
30	1027	13
31	1019	4
32	1000	4
33	1015	3
34	998	0
35	996	19
36	1023	9
37	1003	2
38	1000	0
39	989	21
40	998	5
41	1019	14
42	977	9
43	1057	2
44	1031	1
45	1035	7
46	954	3
47	1025	6
48	964	15
49	1021	7
50	1000	5
51	1036	2
52	1001	0
53	998	0
54	1000	9
55	992	23
56	961	23
57	1001	0
58	1013	0
59	1034	0
60	1001	2
61	1016	0
62	1012	6
63	1005	0
64	1032	1
65	1005	10
66	1029	6
67	1018	2
68	981	0
69	993	4
70	994	7
71	991	13
72	1046	0
73	1005	17
74	1028	2
75	1001	0
76	970	0
77	1025	27
78	942	7
79	1009	1
80	988	0
81	1046	26
82	988	0
83	1052	0
84	973	16
85	993	0
86	997	0
87	1002	0
88	984	4
89	1005	13
90	991	18
91	1038	1
92	965	0
93	1010	0
94	988	6
95	946	3
96	1020	0
97	992	6
98	1023	18
99	984	7
100	977	14
101	997	8
102	1018	7
103	992	15
104	1019	2
105	996	0
106	985	1
107	1009	0
108	973	0
109	982	11
110	986	0
111	974	1
112	993	0
113	985	21
114	1005	1
115	1023	1
116	1003	19
117	1030	17
118	997	16
119	1022	1
120	992	5
121	987	0
122	1012	0
123	987	3
124	1042	16
125	1019	3
126	1003	1
127	1025	13
128	997	4
129	987	4
130	955	14
131	990	12
132	993	15
133	974	14
134	999	8
135	992	4
136	983	3
137	1011	0
138	1010	4
139	981	23
140	1009	5
141	995	0
142	1010	1
143	1011	0
144	1027	0
145	1019	1
146	1014	32
147	981	14
148	1011	0
149	984	6
150	951	0
151	993	3
152	976	12
153	968	28
154	1006	2
155	1010	0
156	1015	5
157	981	3
158	1002	0
159	1005	2
160	1023	0
161	1039	7
162	1037	3
163	1008	6
164	973	5
165	1003	3
166	1005	0
167	988	0
168	1011	0
169	1026	6
170	977	16
171	999	28
172	1003	9
173	1033	6
174	987	0
175	1001	3
176	990	0
177	968	14
178	991	0
179	1018	16
180	1042	9
181	1000	11
182	981	11
183	999	14
184	1003	13
185	1008	0
186	1025	8
187	988	27
188	1002	9
189	1043	13
190	1016	26
191	965	6
192	1005	0
193	1032	0
194	1027	10
195	970	8
196	995	0
197	1017	0
198	1001	4
199	1024	3
200	999	27
201	976	1
202	975	0
203	1014	2
204	1011	0
205	991	1
206	986	11
207	998	7
208	1036	14
209	995	13
210	981	14
211	1009	14
212	1015	28
213	1012	42
214	1006	30
215	1006	3
216	1024	0
217	1017	0
218	1015	0
219	994	0
220	983	15
221	1010	19
222	972	0
223	1033	0
224	1001	0
225	1001	4
226	981	14
227	1038	0
228	1002	6
229	991	19
230	986	0
231	961	12
232	1016	3
233	990	3
234	1006	18
235	994	20
236	979	7
237	975	0
238	983	1
239	1017	0
240	1021	3
241	993	8
242	1036	28
243	1001	15
244	966	3
245	1015	12
246	999	6
247	1039	9
248	1011	18
249	977	5
250	1006	0
251	999	0
252	1023	0
253	969	0
254	1030	0
255	1012	0
256	1005	0
257	976	0
258	1012	7
259	1010	6
260	970	1
261	1012	12
262	1013	13
263	1024	18
264	1013	21
265	990	2
266	1011	17
267	988	23
268	998	1
269	985	15
270	1008	3
271	1005	4
272	1026	0
273	1002	0
274	1021	0
275	1002	7
276	1007	1
277	981	15
278	1036	12
279	980	0
280	961	18
281	1010	24
282	972	7
283	1048	7
284	1019	6
285	987	14
286	988	13
287	1008	0
288	990	0
289	965	8
290	985	13
291	1014	7
292	998	25
293	1013	10
294	969	0
295	994	0
296	1015	10
297	1001	7
298	1054	0
299	972	0
300	1015	0
301	995	3
302	984	8
303	1043	0
304	984	21
305	1022	8
306	991	3
307	1015	0
308	999	0
309	1034	21
310	1014	6
311	977	0
312	1000	0
313	1010	0
314	996	0
315	1024	1
316	1000	0
317	1019	0
318	1022	0
319	1005	0
320	988	26
321	972	0
322	1014	0
323	1037	0
324	1017	9
325	978	0
326	1005	3
327	970	5
328	982	0
329	992	0
330	998	3
331	983	0
332	988	22
333	1035	2
334	1008	0
335	1019	19
336	1030	7
337	982	2
338	982	1
339	993	0
340	996	9
341	981	0
342	975	6
343	1040	0
344	992	1
345	1025	4
346	1026	0
347	1014	4
348	1009	0
349	1007	0
350	965	0
351	1001	2
352	1009	1
353	1010	0
354	1027	0
355	1005	23
356	968	24
357	964	22
358	991	1
359	999	2
360	1005	11
361	1004	0
362	1029	7
363	1010	23
364	990	27
365	1026	5
366	988	0
367	961	14
368	1004	28
369	1034	18
370	979	7
371	1021	0
372	987	0
373	950	0
374	1000	0
375	996	0
376	963	9
377	993	15
378	977	9
379	949	1
380	996	3
381	1015	1
382	968	6
383	1001	12
384	1035	17
385	982	14
386	995	10
387	1027	9
388	1051	10
389	994	41
390	1009	20
391	1020	0
392	1007	3
393	976	0
394	1002	0
395	939	1
396	1001	0
397	987	14
398	1001	2
399	1012	0
400	980	0
401	957	0
402	996	2
403	1038	9
404	993	5
405	1029	4
406	1052	0
407	983	10
408	960	1
409	985	9
410	996	0
411	995	0
412	995	3
413	989	8
414	989	0
415	985	0
416	1017	5
417	973	10
418	1010	0
419	958	1
420	972	0
421	1024	10
422	1028	0
423	1018	37
424	1045	24
425	989	5
426	997	0
427	978	12
428	1000	7
429	998	1
430	1015	0
431	971	6
432	990	16
433	946	1
434	1002	5
435	1004	13
436	989	0
437	999	0
438	1014	8
439	1017	17
440	992	10
441	1007	5
442	1029	3
443	981	14
444	996	16
445	970	0
446	1002	0
447	1016	0
448	971	4
449	970	15
450	984	0
451	984	1
452	1043	0
453	968	0
454	1047	11
455	1001	1
456	1012	8
457	1024	16
458	1012	0
459	994	20
460	965	21
461	991	28
462	984	14
463	1011	20
464	989	0
465	1005	2
466	974	0
467	1025	13
468	970	22
469	1030	4
470	1016	3
471	1015	0
472	993	18
473	1011	6
474	1031	4
475	961	2
476	1002	29
477	987	1
478	987	5
479	1020	0
480	1001	19
481	1026	17
482	1021	8
483	991	29
484	1043	23
485	1038	3
486	996	0
487	996	0
488	973	0
489	966	19
490	998	3
491	988	19
492	983	2
493	1022	4
494	1021	9
495	973	2
496	1050	0
497	1012	0
498	982	0
499	985	2
500	989	3
501	1040	0
502	1018	0
503	959	0
504	1007	0
505	999	0
506	1000	0
507	974	11
508	1020	5
509	998	9
510	983	2
511	985	0
512	976	13
513	998	10
514	995	0
515	1013	0
516	1010	0
517	993	0
518	990	5
519	984	7
520	1008	0
521	1017	3
522	988	0
523	1008	0
524	994	0
525	993	0
526	1002	0
527	996	3
528	1046	3
529	1031	4
530	1012	3
531	1000	0
532	990	7
533	999	10
534	1004	17
535	999	19
536	1043	24
537	1010	26
538	1026	20
539	1000	11
540	1019	14
541	976	13
542	981	0
543	992	0
544	1008	0
545	982	1
546	1001	18
547	942	8
548	1022	12
549	947	17
550	993	12
551	988	2
552	962	7
553	976	0
554	998	1
555	986	14
556	992	0
557	999	0
558	950	0
559	1019	0
560	988	9
561	1025	6
562	1005	1
563	1006	0
564	996	0
565	971	0
566	973	11
567	988	21
568	1008	17
569	1052	1
570	988	2
571	1020	1
572	1001	0
573	976	0
574	1002	5
575	973	5
576	1011	10
577	997	0
578	1017	0
579	980	4
580	993	15
581	1039	33
582	1011	4
583	995	0
584	1021	6
585	993	1
586	1005	34
587	1014	41
588	1002	9
589	968	0
590	1024	0
591	980	0
592	976	24
593	1007	30
594	1017	10
595	1023	0
596	1014	0
597	983	1
598	986	0
599	993	3
600	1041	40
601	1032	109
602	1033	0
603	1011	11
604	1022	20
605	981	8
606	996	12
607	990	1
608	967	0
609	1025	0
610	1040	0
611	988	7
612	1042	1
613	998	0
614	1010	0
615	1037	0
616	994	0
617	994	1
618	987	1
619	1066	21
620	1001	27
621	993	0
622	981	9
623	1003	0
624	1002	7
625	997	6
626	1029	1
627	1014	15
628	1017	40
629	1011	24
630	1012	20
631	981	13
632	1009	12
633	1048	5
634	1017	9
635	1045	8
636	1014	8
637	1035	10
638	987	43
639	1010	32
640	978	3
641	997	0
642	987	10
643	996	0
644	970	2
645	1002	1
646	983	0
647	1011	0
648	975	20
649	952	0
650	981	1
651	1013	13
652	984	0
653	994	3
654	999	8
655	1058	0
656	952	4
657	982	9
658	997	11
659	1010	0
660	994	22
661	1022	5
662	982	10
663	1037	15
664	970	4
665	1001	0
666	1004	0
667	975	0
668	965	0
669	1038	16
670	991	29
671	972	3
672	1021	0
673	1006	5
674	993	5
675	979	1
676	973	12
677	966	12
678	981	0
679	1018	11
680	1005	0
681	1007	0
682	1003	6
683	1037	16
684	1032	0
685	1019	2
686	980	0
687	1016	12
688	960	20
689	979	10
690	998	16
691	985	21
692	1005	8
693	1043	0
694	975	4
695	988	11
696	964	3
697	980	9
698	1016	17
699	1042	11
700	975	19
701	990	10
702	999	22
703	980	1
704	1047	0
705	1006	12
706	964	6
707	997	0
708	1009	4
709	985	2
710	1002	3
711	988	23
712	1002	0
713	990	15
714	976	18
715	997	20
716	1010	7
717	1019	7
718	977	12
719	989	0
720	1033	4
721	1020	0
722	985	0
723	999	3
724	1027	0
725	1010	0
726	985	0
727	1010	0
728	1012	0
729	1005	1
730	1011	0
731	1003	11
732	999	0
733	1036	0
734	1006	0
735	995	0
736	1002	0
737	977	0
738	985	0
739	986	0
740	988	7
741	1050	11
742	1027	7
743	993	7
744	979	0
745	1023	6
746	1043	0
747	1018	0
748	990	1
749	959	21
750	1010	1
751	976	11
752	993	0
753	1006	0
754	994	4
755	1004	3
756	1016	0
757	1020	15
758	992	5
759	997	21
760	989	23
761	983	21
762	1009	6
763	1033	0
764	990	1
765	1056	10
766	1012	0
767	1011	4
768	1035	2
769	1005	0
770	993	5
771	1017	0
772	979	0
773	996	0
774	985	0
775	958	0
776	1003	1
777	1023	2
778	1030	0
779	1006	0
780	998	27
781	1000	15
782	1011	5
783	957	0
784	985	4
785	992	0
786	994	14
787	994	19
788	989	14
789	991	1
790	981	0
791	1002	5
792	996	8
793	997	3
794	992	4
795	989	11
796	1034	0
797	1019	1
798	976	0
799	1006	24
800	1019	0
801	976	0
802	1020	7
803	935	25
804	1039	24
805	1017	33
806	1009	17
807	1050	2
808	992	6
809	1020	2
810	984	12
811	1038	14
812	1012	12
813	1020	12
814	971	0
815	1018	0
816	969	0
817	988	0
818	987	2
819	1023	0
820	1018	0
821	1009	0
822	1017	4
823	1005	1
824	1010	10
825	968	5
826	1020	18
827	964	19
828	985	10
829	1026	17
830	1011	3
831	1010	0
832	982	1
833	1009	1
834	998	0
835	1003	15
836	996	14
837	1016	4
838	1010	0
839	1014	0
840	969	0
841	1019	12
842	1000	13
843	1033	1
844	970	10
845	990	8
846	1045	22
847	1002	10
848	1013	0
849	1026	5
850	993	0
851	988	15
852	968	9
853	1000	0
854	979	16
855	973	0
856	1019	0
857	1012	15
858	988	9
859	976	0
860	993	0
861	998	15
862	1029	1
863	994	0
864	991	17
865	1006	0
866	990	19
867	1006	5
868	1006	0
869	933	18
870	993	0
871	1009	9
872	1020	3
873	986	15
874	1011	26
875	965	40
876	947	33
877	1015	15
878	984	2
879	955	0
880	1025	2
881	987	19
882	1023	13
883	1000	14
884	1003	0
885	1009	0
886	998	0
887	1026	8
888	1011	0
889	976	0
890	946	13
891	1031	11
892	971	1
893	1018	0
894	1001	4
895	956	0
896	987	10
897	1004	12
898	1050	35
899	975	7
900	1002	15
901	992	0
902	1002	2
903	992	22
904	1025	4
905	1014	0
906	1034	24
907	962	1
908	999	1
909	1004	1
910	995	2
911	1005	1
912	1002	0
913	1011	10
914	1015	1
915	1007	0
916	1019	13
917	1000	2
918	1013	0
919	1003	0
920	1035	3
921	988	1
922	980	0
923	996	0
924	995	18
925	1018	13
926	991	0
927	996	0
928	1005	0
929	1044	0
930	1017	0
931	1003	0
932	1001	0
933	1005	6
934	1001	0
935	1034	12
936	992	13
937	1001	2
938	1018	0
939	1033	2
940	974	8
941	1009	1
942	1014	13
943	1056	15
944	968	0
945	1010	24
946	1004	46
947	994	33
948	1008	6
949	1015	0
950	1035	0
951	984	12
952	1013	8
953	969	0
954	998	0
955	1022	0
956	1053	16
957	969	2
958	1023	0
959	967	10
960	1040	4
961	993	5
962	1026	15
963	1031	0
964	982	1
965	986	14
966	1003	11
967	984	4
968	1014	0
969	1034	4
970	983	0
971	975	7
972	1040	7
973	986	6
974	958	3
975	1019	0
976	1007	4
977	963	6
978	966	24
979	1027	21
980	982	15
981	965	2
982	1035	0
983	1028	7
984	1023	13
985	1022	5
986	978	0
987	986	21
988	1013	12
989	985	14
990	1018	16
991	967	5
992	1033	11
993	981	14
994	1021	7
995	1017	5
996	1004	4
997	1010	2
998	1015	0
999	928	8
