0	2000	0
1	984	1
2	1045	0
3	977	0
4	1020	0
5	994	0
6	1010	5
7	1018	2
8	985	0
9	1012	4
10	1004	1
11	1002	0
12	948	0
13	994	0
14	1014	0
15	985	0
16	1016	1
17	959	0
18	1045	3
19	963	5
20	989	1
21	1026	2
22	968	0
23	1007	0
24	1039	4
25	985	1
26	982	0
27	952	0
28	1008	0
29	1013	0
30	1001	0
31	998	0
32	996	0
33	1017	0
34	1015	1
35	1008	0
36	1014	2
37	1023	0
38	1018	0
39	953	0
40	1034	0
41	998	2
42	980	5
43	971	0
44	981	3
45	975	2
46	1012	1
47	980	0
48	1021	0
49	984	0
50	967	4
51	1003	0
52	1028	0
53	1022	1
54	979	0
55	994	0
56	1052	1
57	996	0
58	988	1
59	972	0
60	1017	0
61	985	0
62	972	0
63	1017	1
64	1001	0
65	966	0
66	1021	1
67	1009	0
68	993	0
69	1032	0
70	980	3
71	1019	0
72	976	5
73	1000	0
74	1018	1
75	991	0
76	1020	1
77	963	1
78	985	1
79	979	0
80	999	0
81	1019	0
82	1045	2
83	958	0
84	1001	0
85	1002	0
86	1020	6
87	1013	1
88	975	0
89	1010	0
90	970	0
91	1020	2
92	1005	1
93	993	0
94	993	0
95	992	0
96	1022	0
97	1016	0
98	990	0
99	967	0
100	1001	2
101	979	0
102	1003	0
103	948	0
104	988	0
105	999	0
106	969	2
107	981	2
108	1029	0
109	1022	0
110	1007	0
111	956	0
112	991	2
113	1002	1
114	954	0
115	1049	0
116	1002	0
117	997	0
118	984	0
119	981	0
120	1029	0
121	1008	0
122	990	0
123	1018	0
124	1027	0
125	1000	0
126	1028	0
127	994	0
128	1037	0
129	993	0
130	978	1
131	993	3
132	1029	0
133	1021	0
134	999	0
135	961	1
136	964	0
137	1041	0
138	1035	0
139	987	0
140	1046	0
141	985	0
142	1005	0
143	982	0
144	1041	0
145	992	0
146	1011	0
147	1000	1
148	1018	0
149	1014	0
150	1002	2
151	992	0
152	972	0
153	993	0
154	999	0
155	1017	0
156	1036	0
157	968	0
158	1024	0
159	1035	0
160	986	2
161	970	0
162	997	2
163	971	0
164	963	0
165	996	0
166	976	2
167	1029	2
168	1030	0
169	999	3
170	992	0
171	1018	2
172	979	1
173	999	2
174	1012	0
175	975	1
176	1008	0
177	1024	2
178	996	3
179	986	0
180	984	2
181	1012	0
182	1003	0
183	990	0
184	1018	2
185	1012	2
186	996	0
187	1007	1
188	985	0
189	986	4
190	993	0
191	1001	0
192	1014	4
193	966	1
194	984	0
195	980	0
196	1011	0
197	980	0
198	1024	0
199	998	1
200	1004	1
201	984	0
202	1009	0
203	1003	0
204	998	0
205	1084	0
206	965	0
207	1022	5
208	1015	0
209	983	0
210	999	1
211	1025	0
212	1015	0
213	944	0
214	1024	0
215	960	0
216	1002	1
217	1013	0
218	994	0
219	1000	4
220	1027	0
221	983	1
222	983	0
223	965	0
224	1030	4
225	999	2
226	991	0
227	1031	0
228	982	0
229	1002	0
230	963	1
231	1014	0
232	998	2
233	995	3
234	998	0
235	1016	0
236	999	0
237	1003	0
238	1022	0
239	963	1
240	1011	0
241	1057	0
242	1000	0
243	976	0
244	961	1
245	992	5
246	1031	1
247	991	3
248	1027	1
249	1019	0
250	1029	0
251	997	3
252	1026	0
253	975	0
254	1025	0
255	970	0
256	975	0
257	1017	0
258	997	0
259	1019	0
260	1010	0
261	1020	1
262	1001	1
263	1022	0
264	967	0
265	1033	0
266	984	0
267	997	0
268	985	0
269	1016	0
270	1008	0
271	1035	0
272	997	0
273	975	2
274	1018	0
275	988	0
276	995	0
277	1049	3
278	987	2
279	1030	0
280	989	2
281	989	0
282	1001	0
283	995	0
284	983	0
285	985	0
286	1025	0
287	1028	0
288	1021	0
289	973	0
290	1024	2
291	1011	0
292	1040	0
293	1044	0
294	1032	0
295	1023	0
296	1024	0
297	1015	0
298	989	2
299	996	0
300	975	8
301	938	0
302	1026	0
303	1029	0
304	975	0
305	982	0
306	1004	0
307	972	3
308	968	0
309	1014	0
310	998	0
311	995	0
312	992	0
313	1009	0
314	970	0
315	1061	2
316	1016	0
317	977	0
318	985	0
319	997	0
320	989	0
321	1057	0
322	1036	0
323	997	0
324	972	0
325	1016	0
326	1012	0
327	1042	7
328	1016	1
329	988	0
330	1030	0
331	963	0
332	995	0
333	965	0
334	1016	0
335	993	0
336	997	0
337	986	0
338	981	0
339	1005	0
340	985	0
341	1009	0
342	1033	0
343	1015	2
344	994	0
345	1014	0
346	976	0
347	983	3
348	1000	0
349	1045	0
350	1001	3
351	972	11
352	1000	0
353	988	6
354	985	0
355	1013	0
356	1013	0
357	999	1
358	1020	2
359	984	0
360	994	0
361	1015	0
362	1026	0
363	1023	0
364	988	0
365	1006	0
366	997	0
367	1015	0
368	1029	4
369	959	2
370	1009	0
371	1015	0
372	974	0
373	1022	4
374	1027	0
375	989	0
376	988	0
377	997	6
378	1007	1
379	941	0
380	981	0
381	970	0
382	1015	0
383	1003	0
384	1021	0
385	988	0
386	1003	5
387	1005	0
388	981	0
389	1022	3
390	1016	0
391	1043	0
392	989	0
393	1015	0
394	1033	0
395	1031	1
396	986	0
397	1001	1
398	1011	5
399	1002	1
400	1000	5
401	982	0
402	1038	0
403	979	8
404	951	0
405	975	0
406	997	0
407	989	0
408	1005	0
409	986	0
410	1020	0
411	991	0
412	1001	0
413	1013	0
414	987	0
415	1005	0
416	1010	0
417	1016	0
418	988	0
419	1007	0
420	994	0
421	1002	0
422	992	1
423	981	3
424	960	0
425	1012	0
426	999	0
427	1026	0
428	1028	0
429	1019	0
430	1043	0
431	1007	0
432	1015	0
433	1055	0
434	1020	0
435	940	0
436	974	4
437	1050	0
438	1013	0
439	1001	0
440	1000	0
441	952	0
442	1032	0
443	1000	2
444	1007	3
445	982	0
446	1006	0
447	1018	0
448	1015	0
449	1009	0
450	1003	0
451	983	0
452	953	0
453	977	0
454	992	1
455	982	2
456	1001	0
457	993	0
458	991	0
459	1005	0
460	1013	2
461	1017	0
462	988	1
463	1002	1
464	956	0
465	1011	0
466	982	0
467	989	0
468	982	0
469	986	0
470	999	0
471	997	0
472	981	0
473	983	1
474	989	0
475	1045	0
476	1017	0
477	1017	0
478	1017	4
479	1010	4
480	1000	0
481	999	0
482	995	0
483	1002	0
484	972	0
485	981	0
486	956	2
487	1004	6
488	1043	1
489	1024	0
490	1006	0
491	1018	0
492	1020	0
493	1000	0
494	968	0
495	982	0
496	956	0
497	1020	0
498	1004	0
499	1006	0
500	1001	4
501	999	0
502	975	0
503	1077	0
504	998	1
505	996	2
506	979	0
507	997	0
508	1008	0
509	991	0
510	956	0
511	991	0
512	981	0
513	993	0
514	1029	1
515	980	3
516	1002	0
517	1043	0
518	992	0
519	1018	0
520	995	0
521	970	0
522	998	0
523	1011	0
524	967	0
525	1035	0
526	1020	0
527	997	0
528	1000	0
529	1003	4
530	1017	0
531	972	0
532	998	0
533	992	0
534	1002	0
535	1035	0
536	1001	0
537	963	0
538	975	0
539	978	0
540	1012	1
541	1012	0
542	994	0
543	1013	0
544	1017	0
545	1018	0
546	987	2
547	1036	2
548	1004	0
549	975	0
550	982	0
551	989	0
552	1006	0
553	1009	0
554	1053	2
555	974	0
556	1029	3
557	996	0
558	1005	0
559	983	0
560	980	11
561	973	0
562	1020	0
563	1027	0
564	952	0
565	969	0
566	1029	0
567	1049	0
568	1004	0
569	975	5
570	1035	0
571	985	0
572	974	4
573	1043	8
574	991	0
575	1016	0
576	1003	0
577	961	0
578	982	0
579	1026	0
580	1008	2
581	980	0
582	1034	0
583	985	0
584	1001	0
585	1023	1
586	1036	0
587	1009	0
588	987	0
589	1020	0
590	1006	0
591	1012	0
592	979	0
593	991	0
594	1013	0
595	984	0
596	1017	3
597	999	1
598	955	0
599	996	0
600	1009	0
601	970	0
602	998	0
603	1000	0
604	1018	0
605	1013	0
606	969	0
607	996	0
608	1035	0
609	995	0
610	1020	0
611	1002	0
612	1000	5
613	982	0
614	1000	0
615	983	0
616	966	6
617	991	0
618	1010	0
619	1033	0
620	1014	0
621	999	0
622	992	0
623	992	0
624	975	2
625	998	0
626	976	0
627	1023	0
628	1019	0
629	997	0
630	1010	0
631	1035	0
632	1000	0
633	965	0
634	1019	2
635	976	0
636	978	0
637	984	0
638	1031	0
639	990	0
640	1008	0
641	947	0
642	1000	0
643	988	0
644	1007	0
645	991	0
646	1000	0
647	992	0
648	995	0
649	1010	0
650	982	13
651	1045	0
652	1032	6
653	1066	0
654	993	0
655	1002	0
656	997	0
657	987	0
658	1030	0
659	974	0
660	974	0
661	1003	9
662	1028	0
663	994	0
664	971	12
665	1010	0
666	1006	0
667	1012	0
668	969	0
669	1001	0
670	958	16
671	1000	0
672	1040	0
673	981	0
674	988	0
675	1027	0
676	1019	0
677	1007	0
678	998	2
679	1006	0
680	1006	0
681	974	0
682	982	0
683	1017	0
684	998	0
685	991	5
686	1027	0
687	1024	0
688	1027	0
689	1022	0
690	1023	1
691	982	0
692	1001	0
693	984	0
694	957	7
695	993	0
696	999	0
697	956	6
698	970	0
699	1001	0
700	1013	7
701	984	0
702	1048	0
703	999	0
704	949	0
705	1023	0
706	1037	0
707	1022	1
708	1004	0
709	1009	0
710	1027	0
711	991	8
712	1023	0
713	938	2
714	999	0
715	957	0
716	997	0
717	966	6
718	998	0
719	1020	0
720	986	0
721	996	0
722	1002	0
723	1020	0
724	978	0
725	1007	5
726	969	3
727	987	2
728	990	0
729	1008	0
730	987	5
731	1004	0
732	1014	0
733	977	0
734	1013	0
735	1022	0
736	1041	1
737	1019	0
738	991	0
739	990	4
740	987	0
741	992	0
742	997	3
743	974	0
744	998	0
745	976	0
746	1002	1
747	969	0
748	983	0
749	1025	3
750	1001	0
751	1033	3
752	1011	0
753	1010	0
754	993	0
755	1017	0
756	1008	0
757	983	2
758	992	0
759	976	0
760	965	7
761	984	0
762	1012	0
763	1014	0
764	968	0
765	988	2
766	985	0
767	968	0
768	1050	0
769	1030	0
770	986	6
771	956	0
772	987	0
773	1008	0
774	1007	0
775	1017	3
776	994	0
777	997	0
778	1013	0
779	998	0
780	992	0
781	965	0
782	998	2
783	990	0
784	997	0
785	972	2
786	1016	0
787	956	0
788	1013	0
789	1019	0
790	985	0
791	1003	1
792	1017	4
793	960	0
794	990	4
795	994	0
796	968	0
797	992	3
798	982	0
799	970	0
800	1002	7
801	1005	4
802	975	0
803	974	0
804	1007	0
805	1044	6
806	1013	0
807	987	0
808	997	4
809	1032	0
810	996	0
811	1025	0
812	994	0
813	981	0
814	993	0
815	1006	0
816	981	0
817	997	0
818	979	0
819	970	0
820	1016	0
821	1012	0
822	1014	4
823	984	0
824	1012	0
825	1017	0
826	999	0
827	1001	0
828	1027	4
829	1018	0
830	1001	0
831	996	0
832	1002	2
833	1015	0
834	1018	0
835	977	0
836	1008	1
837	982	0
838	978	0
839	972	0
840	955	0
841	1010	0
842	1037	0
843	979	0
844	1030	0
845	1032	1
846	1014	0
847	1028	0
848	1012	3
849	992	0
850	1018	0
851	1044	0
852	1004	0
853	1005	0
854	1024	0
855	1007	0
856	1004	0
857	994	0
858	1011	3
859	989	5
860	1004	0
861	1019	0
862	985	0
863	1014	0
864	1004	3
865	1018	0
866	990	0
867	968	0
868	991	0
869	962	0
870	989	0
871	988	0
872	994	0
873	1000	0
874	966	1
875	978	8
876	998	0
877	998	0
878	1003	0
879	1005	0
880	1039	0
881	1024	0
882	977	2
883	1001	0
884	973	0
885	991	7
886	1017	0
887	1008	0
888	968	0
889	984	0
890	975	0
891	1000	12
892	1015	0
893	1017	0
894	1010	0
895	995	0
896	1004	0
897	1012	0
898	1005	0
899	988	0
900	1028	0
901	965	0
902	997	0
903	987	0
904	999	0
905	1016	0
906	997	0
907	992	0
908	1014	3
909	982	0
910	979	0
911	1015	0
912	957	0
913	987	0
914	1026	0
915	994	0
916	992	0
917	1007	0
918	998	0
919	987	0
920	995	0
921	961	0
922	1037	0
923	1009	0
924	989	10
925	1015	5
926	985	0
927	1041	0
928	965	6
929	1021	0
930	1012	0
931	1011	0
932	986	0
933	1001	0
934	995	0
935	987	6
936	982	0
937	986	0
938	1016	0
939	990	0
940	1028	0
941	1038	0
942	993	1
943	1023	0
944	1036	0
945	1001	0
946	1014	0
947	1065	0
948	1024	0
949	983	0
950	1017	0
951	987	0
952	1010	0
953	1039	0
954	1052	0
955	992	0
956	1017	12
957	979	0
958	973	0
959	1023	0
960	1004	3
961	1018	0
962	1013	0
963	1041	0
964	1018	14
965	1040	0
966	1002	0
967	995	15
968	1002	0
969	1002	0
970	1003	0
971	980	0
972	977	0
973	1006	4
974	1012	0
975	969	0
976	958	0
977	987	3
978	978	0
979	1036	0
980	973	3
981	1035	0
982	1006	0
983	986	0
984	1001	0
985	1017	0
986	980	8
987	1026	0
988	970	0
989	999	4
990	996	0
991	1014	0
992	994	0
993	988	0
994	982	0
995	955	0
996	1004	0
997	1019	0
998	1024	0
999	1022	11
