0	2000	0
1	1006	29
2	962	15
3	1072	18
4	1007	16
5	1013	13
6	977	10
7	994	17
8	1029	12
9	959	9
10	1024	9
11	1004	19
12	1001	14
13	1014	16
14	1023	17
15	1028	23
16	1018	13
17	1007	15
18	984	12
19	1012	11
20	1001	7
21	958	15
22	985	9
23	1007	15
24	974	14
25	990	19
26	1034	15
27	996	12
28	993	11
29	1011	13
30	1028	10
31	1023	16
32	1001	17
33	1013	15
34	999	19
35	1000	17
36	1026	10
37	991	20
38	996	26
39	982	8
40	1001	12
41	1008	11
42	977	9
43	1062	17
44	1028	16
45	1043	15
46	954	19
47	1025	12
48	961	14
49	1022	22
50	1030	16
51	975	0
52	1001	0
53	994	18
54	997	8
55	977	16
56	962	10
57	1005	18
58	1017	14
59	1034	14
60	992	23
61	1012	16
62	1007	17
63	1002	15
64	1032	17
65	1004	11
66	1038	21
67	1015	17
68	988	13
69	993	16
70	998	15
71	991	19
72	1049	15
73	1006	8
74	1030	12
75	1003	18
76	968	14
77	1024	10
78	940	17
79	1008	20
80	988	16
81	1042	10
82	985	23
83	1053	9
84	970	13
85	995	18
86	996	23
87	1010	18
88	987	17
89	1008	14
90	980	21
91	1038	15
92	968	21
93	1011	17
94	987	17
95	947	16
96	1011	17
97	997	11
98	1027	14
99	984	9
100	1040	11
101	989	0
102	1015	0
103	987	14
104	1023	20
105	991	17
106	981	17
107	1010	19
108	973	18
109	988	13
110	991	19
111	976	17
112	991	12
113	997	15
114	1006	22
115	1030	24
116	997	13
117	1030	13
118	994	15
119	1022	19
120	997	16
121	987	18
122	1009	17
123	982	14
124	1040	12
125	1022	14
126	1007	13
127	1026	14
128	993	22
129	989	20
130	960	13
131	998	14
132	999	17
133	976	16
134	996	9
135	990	10
136	990	14
137	1010	17
138	1019	17
139	977	15
140	1014	16
141	992	15
142	1008	15
143	1010	13
144	1039	34
145	1012	14
146	1017	7
147	979	12
148	1004	19
149	986	6
150	1008	13
151	996	0
152	976	0
153	957	9
154	1008	16
155	1009	19
156	1013	15
157	980	12
158	1003	15
159	1005	8
160	1027	20
161	1037	15
162	1037	11
163	1012	8
164	967	15
165	1002	10
166	1009	22
167	989	29
168	1010	15
169	1025	15
170	966	19
171	1000	9
172	1006	10
173	1038	15
174	989	16
175	1002	10
176	991	27
177	970	14
178	995	12
179	1008	8
180	1041	10
181	1000	19
182	980	14
183	996	15
184	997	9
185	1013	13
186	1024	15
187	979	14
188	1001	18
189	1056	20
190	1020	4
191	961	12
192	1003	16
193	1030	16
194	1028	15
195	971	21
196	997	14
197	1018	19
198	1001	12
199	1019	14
200	1046	18
201	1023	0
202	975	0
203	1013	13
204	1015	14
205	989	11
206	993	12
207	988	11
208	1032	14
209	995	11
210	983	6
211	1009	8
212	1010	21
213	1010	8
214	1001	13
215	1003	18
216	1020	20
217	1024	15
218	1013	12
219	989	23
220	985	5
221	1008	7
222	971	17
223	1031	12
224	1001	26
225	1004	19
226	984	9
227	1038	24
228	1004	18
229	992	18
230	983	23
231	965	6
232	1008	15
233	987	20
234	1007	17
235	986	10
236	979	5
237	978	21
238	986	14
239	1021	22
240	1032	18
241	988	19
242	1034	6
243	1007	7
244	965	22
245	1017	10
246	1006	15
247	1038	16
248	1012	11
249	979	1
250	1000	22
251	980	5
252	1023	0
253	970	17
254	1025	21
255	1021	19
256	1005	22
257	979	25
258	1021	22
259	1008	16
260	971	16
261	1017	7
262	1011	19
263	1024	10
264	1014	4
265	991	9
266	1003	15
267	984	17
268	991	14
269	988	4
270	1007	14
271	1007	18
272	1030	24
273	1006	12
274	1013	26
275	1002	17
276	1005	21
277	992	16
278	1040	14
279	983	9
280	964	11
281	1011	7
282	982	19
283	1045	12
284	1018	17
285	985	18
286	983	14
287	1007	23
288	987	13
289	973	12
290	979	11
291	1013	16
292	996	9
293	1010	11
294	973	16
295	990	12
296	1016	9
297	998	16
298	1052	20
299	970	20
300	972	26
301	1021	0
302	980	0
303	1042	23
304	967	8
305	1020	4
306	991	21
307	1013	16
308	997	20
309	1031	4
310	1012	16
311	983	20
312	998	14
313	1015	9
314	989	25
315	1024	17
316	996	14
317	1023	8
318	1021	23
319	1005	18
320	990	12
321	978	24
322	1017	29
323	1037	12
324	1021	9
325	970	16
326	1005	21
327	970	17
328	989	23
329	994	20
330	995	24
331	986	15
332	982	6
333	1039	12
334	1007	13
335	1014	16
336	1029	12
337	978	12
338	974	17
339	994	21
340	1007	16
341	980	19
342	976	13
343	1045	13
344	988	13
345	1020	13
346	1024	16
347	1012	14
348	1012	17
349	1002	19
350	989	24
351	1013	0
352	1008	0
353	1008	10
354	1029	14
355	1010	10
356	973	9
357	954	10
358	985	9
359	999	18
360	1005	11
361	997	17
362	1033	7
363	1007	8
364	999	2
365	1016	19
366	990	20
367	962	21
368	993	7
369	1028	16
370	982	8
371	1022	11
372	988	13
373	960	22
374	1006	24
375	995	11
376	963	7
377	982	14
378	978	14
379	952	20
380	997	22
381	1018	18
382	969	17
383	1005	18
384	1036	14
385	984	18
386	989	8
387	1019	17
388	1042	9
389	995	2
390	1008	7
391	1022	8
392	1007	11
393	976	16
394	1001	15
395	941	17
396	1000	13
397	995	12
398	996	17
399	1013	9
400	1002	22
401	957	0
402	994	0
403	1043	16
404	997	13
405	1025	14
406	1051	9
407	983	14
408	955	16
409	990	6
410	992	16
411	998	17
412	1000	10
413	992	5
414	989	20
415	983	18
416	1020	12
417	970	17
418	1004	12
419	962	13
420	968	12
421	1020	8
422	1028	14
423	1016	5
424	1046	15
425	990	10
426	994	13
427	973	13
428	995	8
429	995	18
430	1014	19
431	972	11
432	979	15
433	949	12
434	1005	12
435	1009	8
436	993	12
437	993	14
438	1008	14
439	1020	6
440	1000	12
441	1007	13
442	1034	8
443	988	15
444	995	15
445	968	16
446	1008	12
447	1023	15
448	973	14
449	965	10
450	995	15
451	987	0
452	1043	0
453	965	21
454	1053	7
455	1001	19
456	1006	12
457	1025	3
458	1014	14
459	991	7
460	971	9
461	997	14
462	982	0
463	1015	0
464	987	20
465	1002	17
466	973	23
467	1026	14
468	964	4
469	1024	10
470	1014	5
471	1012	19
472	996	9
473	1017	6
474	1026	11
475	960	15
476	1011	0
477	985	7
478	981	9
479	1012	14
480	1002	6
481	1023	2
482	1021	4
483	982	14
484	1037	9
485	1036	5
486	997	17
487	999	11
488	975	10
489	969	0
490	996	5
491	984	15
492	983	14
493	1025	13
494	1022	16
495	976	7
496	1052	16
497	1005	17
498	981	27
499	983	12
500	1002	15
501	963	0
502	1018	0
503	958	9
504	1003	12
505	1005	20
506	999	7
507	961	14
508	1018	15
509	1002	23
510	981	16
511	984	17
512	980	1
513	1002	2
514	996	15
515	1010	13
516	1010	22
517	993	14
518	992	5
519	982	5
520	1004	10
521	1017	25
522	990	18
523	1011	23
524	997	17
525	995	10
526	1002	0
527	997	0
528	1043	10
529	1034	3
530	1010	3
531	1000	32
532	986	15
533	999	14
534	1003	4
535	1000	2
536	1038	13
537	1015	7
538	1022	12
539	995	22
540	1011	8
541	980	9
542	975	22
543	993	15
544	1007	19
545	981	10
546	994	7
547	934	12
548	1023	11
549	958	16
550	1015	21
551	1008	1
552	961	0
553	979	9
554	1001	14
555	986	8
556	994	6
557	1005	20
558	955	15
559	1022	19
560	981	14
561	1029	6
562	998	10
563	1005	13
564	997	21
565	970	25
566	970	18
567	987	6
568	1011	12
569	1050	11
570	986	12
571	1021	12
572	999	14
573	978	28
574	997	10
575	971	13
576	1012	19
577	993	10
578	1019	16
579	982	4
580	993	5
581	1033	11
582	1011	0
583	996	1
584	1024	1
585	993	21
586	1006	1
587	997	8
588	998	5
589	968	16
590	1027	19
591	985	25
592	970	20
593	1008	11
594	1017	10
595	1028	21
596	1010	12
597	983	17
598	982	16
599	986	8
600	1041	13
601	982	0
602	1033	0
603	1013	1
604	1022	4
605	981	2
606	998	10
607	991	0
608	964	7
609	1020	17
610	1047	17
611	986	11
612	1042	3
613	1004	16
614	1008	14
615	1035	16
616	989	15
617	992	7
618	988	10
619	1060	9
620	1004	8
621	995	10
622	983	15
623	1002	17
624	1007	12
625	1002	13
626	1033	21
627	1008	17
628	1015	2
629	1013	12
630	1010	0
631	976	0
632	1005	0
633	1047	0
634	1016	2
635	1050	3
636	1018	0
637	1037	4
638	982	0
639	1010	6
640	977	4
641	1001	8
642	992	5
643	999	15
644	974	22
645	1004	19
646	981	12
647	1012	21
648	986	13
649	958	14
650	983	16
651	1013	12
652	982	22
653	990	7
654	995	0
655	1060	8
656	952	0
657	976	19
658	993	7
659	1011	19
660	990	0
661	1019	2
662	983	15
663	1045	15
664	976	16
665	999	10
666	1005	11
667	973	8
668	966	9
669	1030	10
670	996	4
671	972	3
672	1025	10
673	1007	0
674	994	18
675	974	10
676	973	6
677	974	10
678	979	10
679	1009	6
680	1010	11
681	1004	25
682	994	11
683	1046	15
684	1032	22
685	1016	17
686	976	18
687	1017	13
688	970	8
689	970	11
690	991	5
691	978	0
692	998	3
693	1044	17
694	974	3
695	986	17
696	964	19
697	974	13
698	1021	26
699	1038	15
700	1038	13
701	1029	0
702	1005	0
703	982	1
704	1049	4
705	1011	3
706	965	9
707	994	5
708	1011	8
709	982	15
710	1000	7
711	991	0
712	1005	7
713	989	10
714	971	15
715	993	4
716	1014	5
717	1023	19
718	989	10
719	989	2
720	1031	8
721	1018	24
722	988	11
723	995	11
724	1024	7
725	1010	12
726	987	16
727	1006	20
728	1009	5
729	1008	12
730	1005	18
731	1002	8
732	999	14
733	1036	14
734	1001	17
735	995	0
736	998	8
737	978	15
738	987	8
739	987	23
740	993	14
741	1049	16
742	1026	0
743	992	2
744	979	0
745	1022	9
746	1034	23
747	1016	14
748	990	13
749	965	3
750	1026	13
751	999	0
752	993	0
753	1009	29
754	997	31
755	1000	23
756	1009	25
757	1022	5
758	990	9
759	988	10
760	992	6
761	984	8
762	1014	11
763	1031	10
764	993	18
765	1058	2
766	1010	16
767	1012	9
768	1037	10
769	1011	10
770	998	4
771	1022	17
772	977	16
773	992	22
774	988	17
775	950	12
776	1009	19
777	1023	20
778	1029	21
779	1004	12
780	1000	1
781	997	0
782	1007	9
783	956	17
784	987	20
785	987	21
786	995	7
787	991	4
788	993	0
789	991	19
790	986	21
791	1002	7
792	1003	21
793	994	10
794	995	15
795	990	0
796	1034	0
797	1018	8
798	977	5
799	1006	0
800	1005	11
801	1019	28
802	1018	11
803	941	9
804	1042	9
805	1009	15
806	1007	17
807	1051	3
808	996	0
809	1018	0
810	984	0
811	1037	9
812	1008	22
813	1020	28
814	981	26
815	1021	15
816	969	8
817	990	4
818	987	0
819	1022	17
820	1025	21
821	1012	9
822	1018	5
823	1008	8
824	1011	23
825	978	23
826	1025	11
827	961	0
828	989	0
829	1022	5
830	1012	14
831	1010	4
832	980	5
833	1010	10
834	997	11
835	997	5
836	1000	0
837	1012	0
838	1010	4
839	1015	27
840	968	17
841	1032	29
842	997	4
843	1030	14
844	971	11
845	995	3
846	1052	1
847	1005	11
848	1012	5
849	1027	0
850	1023	12
851	1037	0
852	965	0
853	1003	23
854	989	12
855	968	15
856	1017	18
857	1006	1
858	985	0
859	974	32
860	986	27
861	993	0
862	1030	0
863	989	15
864	995	1
865	1008	2
866	987	0
867	1005	0
868	1005	17
869	931	0
870	993	0
871	1003	9
872	1023	12
873	982	17
874	1011	0
875	949	0
876	950	0
877	1014	0
878	984	10
879	955	0
880	1027	2
881	990	4
882	1027	5
883	998	2
884	1003	0
885	1007	10
886	998	0
887	1027	15
888	1008	11
889	975	9
890	947	0
891	1036	0
892	981	27
893	1022	28
894	1002	3
895	961	7
896	982	1
897	1006	0
898	1052	1
899	977	3
900	1033	25
901	973	0
902	1002	0
903	994	0
904	1025	8
905	1017	15
906	1038	0
907	961	0
908	998	0
909	1005	14
910	997	8
911	1006	28
912	1000	24
913	1005	0
914	1016	0
915	1003	26
916	1020	18
917	999	3
918	1008	9
919	1003	0
920	1034	4
921	986	11
922	976	10
923	995	11
924	993	6
925	1015	8
926	995	4
927	997	13
928	1007	6
929	1036	22
930	1023	8
931	1000	5
932	1004	33
933	1008	1
934	1001	0
935	1032	0
936	995	12
937	1001	0
938	1028	34
939	1026	19
940	977	15
941	1010	0
942	1018	13
943	1051	0
944	965	35
945	1017	13
946	992	2
947	991	0
948	1004	0
949	1021	14
950	1038	17
951	996	34
952	1016	5
953	972	37
954	999	11
955	1021	1
956	1053	0
957	967	8
958	1023	0
959	961	4
960	1044	4
961	998	20
962	1028	15
963	1027	14
964	987	14
965	984	0
966	1006	6
967	981	9
968	1014	0
969	1029	1
970	993	20
971	977	1
972	1037	0
973	981	13
974	964	11
975	1025	12
976	1011	16
977	965	0
978	972	0
979	1023	3
980	983	0
981	964	1
982	1035	0
983	1023	8
984	1021	5
985	1021	2
986	973	33
987	993	0
988	1013	0
989	978	3
990	1020	0
991	969	3
992	1031	3
993	979	0
994	1021	5
995	1020	0
996	1004	4
997	1012	0
998	1015	0
999	938	14
