0	2000	0
1	1095	203
2	993	125
3	1084	120
4	1028	111
5	1003	127
6	974	121
7	989	126
8	1021	114
9	969	111
10	1037	118
11	1004	123
12	1007	122
13	1009	121
14	1010	144
15	1020	141
16	1013	130
17	1010	124
18	990	136
19	1008	119
20	995	95
21	981	130
22	975	115
23	999	101
24	975	101
25	1013	140
26	1031	138
27	995	101
28	1014	98
29	1009	99
30	1015	109
31	1036	123
32	1004	116
33	993	135
34	1003	121
35	985	94
36	1008	108
37	987	134
38	984	148
39	993	101
40	1003	122
41	1014	97
42	970	100
43	1048	119
44	1026	136
45	1043	121
46	976	145
47	1031	100
48	965	112
49	1019	115
50	1146	132
51	975	0
52	1001	0
53	995	131
54	985	130
55	974	113
56	969	95
57	1011	164
58	1018	141
59	1021	139
60	1004	149
61	1013	147
62	998	118
63	987	132
64	1045	118
65	980	107
66	1032	121
67	1023	127
68	992	127
69	1011	126
70	982	133
71	1011	99
72	1024	148
73	1019	83
74	1018	122
75	998	139
76	986	118
77	1011	103
78	941	124
79	1017	143
80	998	110
81	1043	79
82	981	157
83	1038	134
84	987	112
85	996	161
86	992	153
87	1005	151
88	980	128
89	1010	114
90	980	135
91	1050	133
92	990	171
93	1012	148
94	987	141
95	975	154
96	1014	132
97	979	125
98	1012	105
99	989	114
100	1155	126
101	989	0
102	1015	0
103	986	119
104	1035	146
105	983	131
106	985	139
107	1008	169
108	966	165
109	979	116
110	1004	152
111	968	145
112	993	118
113	990	124
114	994	152
115	1038	152
116	1014	130
117	1033	120
118	1008	113
119	1028	141
120	1011	134
121	1006	163
122	1018	162
123	974	146
124	1047	105
125	1025	143
126	1012	142
127	1030	118
128	974	155
129	993	140
130	965	136
131	981	131
132	998	116
133	989	125
134	974	117
135	980	112
136	983	129
137	1002	167
138	1016	118
139	978	132
140	1030	140
141	970	179
142	1006	155
143	1039	158
144	1035	176
145	1011	125
146	1014	78
147	993	136
148	1009	156
149	992	94
150	1145	150
151	996	0
152	976	0
153	969	99
154	1009	143
155	1016	144
156	1014	132
157	972	138
158	1009	137
159	1004	111
160	1015	146
161	1027	117
162	1044	126
163	1001	111
164	962	132
165	989	109
166	1017	166
167	1001	219
168	1015	148
169	1015	133
170	976	141
171	990	111
172	1015	133
173	1034	147
174	1001	166
175	1020	156
176	985	183
177	972	112
178	1004	163
179	990	110
180	1033	120
181	1005	162
182	994	150
183	998	153
184	1015	161
185	1021	155
186	1011	140
187	990	137
188	977	164
189	1060	150
190	1002	122
191	968	155
192	1001	168
193	1023	179
194	1021	168
195	978	202
196	1012	221
197	1043	178
198	984	153
199	1004	163
200	1190	162
201	1023	0
202	975	0
203	995	131
204	1027	164
205	991	189
206	998	149
207	978	139
208	1025	149
209	978	106
210	995	124
211	997	142
212	1012	127
213	1023	157
214	995	195
215	996	217
216	985	249
217	996	213
218	1019	180
219	991	231
220	993	179
221	1023	132
222	962	200
223	1015	194
224	1017	232
225	986	241
226	967	192
227	1043	235
228	1009	193
229	1015	189
230	979	231
231	957	214
232	1014	213
233	975	202
234	1009	195
235	994	196
236	976	176
237	982	231
238	991	191
239	981	208
240	1038	200
241	992	199
242	1022	158
243	999	189
244	981	216
245	1020	191
246	997	232
247	1027	165
248	1021	178
249	977	167
250	1234	252
251	981	0
252	1023	0
253	957	208
254	1016	194
255	1004	230
256	1027	226
257	1006	224
258	1007	230
259	997	233
260	979	202
261	1023	147
262	1011	215
263	1017	209
264	1014	174
265	1010	200
266	1026	192
267	1021	194
268	976	205
269	1000	188
270	1024	181
271	1022	181
272	1014	232
273	1019	229
274	981	268
275	1019	228
276	994	190
277	1005	197
278	1042	200
279	964	196
280	964	185
281	1017	203
282	970	227
283	1030	219
284	998	201
285	1003	222
286	977	236
287	1012	236
288	999	237
289	968	205
290	1006	198
291	1013	198
292	985	194
293	1024	199
294	982	211
295	980	200
296	1012	207
297	1011	205
298	1057	221
299	983	217
300	1237	291
301	1021	0
302	980	0
303	1042	199
304	968	181
305	1000	178
306	995	239
307	996	227
308	1001	212
309	1021	170
310	1006	196
311	997	252
312	1007	169
313	1023	185
314	987	255
315	1032	211
316	975	219
317	1010	187
318	1023	221
319	989	244
320	994	190
321	993	251
322	1011	225
323	1039	250
324	1002	228
325	965	205
326	1006	204
327	999	226
328	981	273
329	1006	256
330	1017	258
331	1005	178
332	989	157
333	1040	201
334	996	240
335	995	215
336	1011	200
337	983	205
338	975	270
339	978	221
340	1007	198
341	971	232
342	969	204
343	1027	205
344	1000	221
345	1035	188
346	1019	237
347	1024	224
348	1018	261
349	1001	264
350	1274	309
351	1013	0
352	1008	0
353	1023	185
354	1041	222
355	1022	220
356	952	200
357	948	222
358	986	192
359	987	224
360	1009	187
361	1029	261
362	1025	183
363	968	193
364	988	153
365	1019	228
366	960	286
367	957	292
368	1010	226
369	1055	197
370	982	186
371	1020	189
372	996	203
373	959	259
374	1015	301
375	993	239
376	963	227
377	977	275
378	977	247
379	976	268
380	979	258
381	1009	243
382	952	252
383	977	232
384	1025	215
385	971	241
386	966	215
387	1005	237
388	1036	187
389	1001	188
390	993	172
391	1006	210
392	1008	266
393	989	293
394	980	286
395	954	216
396	995	192
397	993	204
398	1020	191
399	1001	219
400	1278	298
401	957	0
402	994	0
403	1019	188
404	988	222
405	1005	230
406	1046	218
407	1001	258
408	943	240
409	977	215
410	984	248
411	990	261
412	1005	251
413	1001	210
414	1010	263
415	987	260
416	1025	157
417	985	204
418	973	227
419	973	244
420	970	216
421	1012	188
422	1025	233
423	994	219
424	1054	221
425	1013	257
426	1004	267
427	986	256
428	995	234
429	1007	238
430	985	278
431	956	265
432	994	194
433	970	199
434	991	228
435	1003	158
436	974	211
437	1011	254
438	1006	196
439	1019	225
440	987	185
441	1013	203
442	1027	193
443	980	241
444	1026	254
445	970	254
446	996	244
447	1026	252
448	971	244
449	985	182
450	1281	301
451	987	0
452	1043	0
453	948	248
454	1051	183
455	1015	265
456	983	229
457	1035	163
458	1013	235
459	1014	180
460	995	161
461	988	191
462	974	130
463	1009	144
464	995	242
465	1018	233
466	988	248
467	1034	224
468	988	174
469	1001	251
470	1036	189
471	995	234
472	982	155
473	1031	176
474	1015	214
475	992	221
476	1009	88
477	986	166
478	994	210
479	1007	199
480	962	174
481	1001	164
482	1034	135
483	981	209
484	1031	207
485	1046	223
486	995	249
487	1033	295
488	987	216
489	974	145
490	993	198
491	987	234
492	979	210
493	1027	217
494	1029	225
495	959	228
496	1037	221
497	992	194
498	981	245
499	970	215
500	1280	293
501	963	0
502	1018	0
503	991	212
504	1003	256
505	1043	236
506	994	190
507	966	201
508	1012	261
509	983	294
510	999	238
511	976	253
512	963	118
513	1029	167
514	996	235
515	1002	243
516	1009	295
517	998	271
518	993	210
519	982	211
520	993	213
521	1031	255
522	1019	233
523	1016	320
524	1004	292
525	1013	252
526	1003	63
527	999	78
528	1026	137
529	1007	118
530	1019	144
531	1041	313
532	973	254
533	991	248
534	981	168
535	995	195
536	1013	222
537	1008	250
538	1006	246
539	972	241
540	1002	111
541	988	161
542	994	237
543	997	229
544	1020	250
545	990	195
546	987	174
547	935	189
548	1031	179
549	979	247
550	1304	308
551	1009	0
552	961	0
553	975	217
554	1004	199
555	993	151
556	1020	218
557	991	282
558	962	256
559	1020	175
560	968	193
561	1009	158
562	1004	236
563	1018	248
564	1000	306
565	995	278
566	984	210
567	985	154
568	1010	181
569	1039	188
570	991	237
571	1024	187
572	1020	249
573	976	318
574	1010	251
575	978	250
576	1010	247
577	999	244
578	1032	247
579	986	236
580	986	192
581	1025	177
582	1012	235
583	998	159
584	1014	151
585	977	275
586	1004	81
587	995	154
588	1028	173
589	956	232
590	1025	277
591	975	361
592	962	298
593	1018	217
594	1005	166
595	1031	246
596	1027	275
597	997	277
598	993	273
599	945	265
600	1297	269
601	982	0
602	1033	0
603	1011	81
604	1028	166
605	990	171
606	1027	251
607	998	159
608	965	180
609	1035	216
610	1049	239
611	973	156
612	1040	195
613	1020	280
614	1000	272
615	1021	264
616	983	171
617	1001	144
618	965	199
619	1049	212
620	997	151
621	987	162
622	991	213
623	995	276
624	979	264
625	1005	290
626	1027	271
627	1000	167
628	1007	164
629	1012	275
630	1008	2
631	966	60
632	1021	80
633	1017	242
634	1024	208
635	1037	210
636	994	160
637	1035	238
638	975	139
639	1002	166
640	987	142
641	993	160
642	998	181
643	981	253
644	1000	310
645	1025	344
646	991	258
647	1002	323
648	994	205
649	963	285
650	1348	352
651	990	0
652	984	0
653	989	140
654	1007	166
655	1034	196
656	975	189
657	983	238
658	1007	235
659	998	288
660	988	96
661	1026	163
662	991	239
663	1058	206
664	980	154
665	1009	108
666	982	256
667	986	121
668	988	215
669	1022	232
670	996	166
671	984	291
672	1036	207
673	1011	258
674	1028	296
675	985	147
676	967	170
677	987	207
678	978	273
679	1006	177
680	1032	315
681	998	401
682	984	245
683	1034	201
684	996	300
685	1026	229
686	970	284
687	1001	225
688	954	144
689	973	268
690	965	239
691	977	1
692	1008	145
693	1041	198
694	975	232
695	971	238
696	957	208
697	966	219
698	1023	278
699	1034	191
700	1246	221
701	1029	0
702	1005	0
703	982	1
704	1047	0
705	1032	166
706	967	165
707	995	228
708	994	211
709	974	245
710	977	214
711	978	137
712	1005	193
713	988	209
714	977	265
715	987	282
716	1027	280
717	1019	177
718	1003	202
719	1024	221
720	1054	209
721	1016	306
722	967	190
723	1020	258
724	1030	229
725	1002	264
726	1002	297
727	1010	332
728	990	280
729	1000	162
730	995	160
731	1010	200
732	974	249
733	1019	325
734	999	115
735	993	130
736	1028	270
737	988	307
738	1005	254
739	979	301
740	957	272
741	1048	307
742	1031	47
743	998	106
744	975	102
745	1021	154
746	1029	302
747	1008	174
748	982	143
749	961	161
750	1289	276
751	999	0
752	993	0
753	1008	282
754	1012	308
755	1005	300
756	985	343
757	1017	262
758	989	144
759	983	199
760	992	128
761	975	187
762	993	236
763	1017	212
764	990	253
765	1030	182
766	1010	220
767	995	204
768	1035	220
769	999	290
770	1012	162
771	1039	200
772	989	274
773	1008	316
774	1004	351
775	956	360
776	1016	370
777	1024	269
778	1014	318
779	998	358
780	1016	315
781	1004	89
782	1003	261
783	964	309
784	999	302
785	991	345
786	992	92
787	973	166
788	993	0
789	995	203
790	991	302
791	1008	321
792	1006	212
793	988	194
794	979	223
795	1011	73
796	1031	129
797	1044	252
798	966	118
799	1012	96
800	1296	277
801	976	0
802	1017	0
803	964	242
804	1019	370
805	1006	364
806	1016	466
807	1044	174
808	996	0
809	1019	45
810	979	57
811	1047	163
812	990	306
813	1042	370
814	991	442
815	1029	371
816	961	324
817	975	251
818	967	152
819	1039	200
820	1023	305
821	1012	27
822	1012	145
823	1013	145
824	998	288
825	965	394
826	1016	184
827	961	0
828	987	2
829	1022	7
830	989	199
831	1000	154
832	982	277
833	1005	311
834	976	332
835	1007	165
836	1000	0
837	1017	37
838	1025	177
839	987	407
840	970	319
841	1029	370
842	1002	251
843	1034	358
844	987	301
845	997	235
846	1051	0
847	1025	227
848	1008	295
849	1027	0
850	1189	178
851	1037	0
852	965	0
853	1004	290
854	996	323
855	1000	273
856	1006	329
857	995	118
858	985	0
859	972	262
860	959	314
861	992	1
862	1025	83
863	1020	230
864	998	38
865	1028	218
866	982	65
867	1018	193
868	994	168
869	931	0
870	993	0
871	991	237
872	1007	304
873	991	244
874	1011	0
875	949	0
876	964	162
877	1011	5
878	989	263
879	963	358
880	1019	222
881	988	2
882	1030	56
883	1000	84
884	1003	0
885	1015	192
886	1015	165
887	1013	253
888	999	248
889	980	296
890	947	42
891	1042	104
892	993	295
893	1004	256
894	1017	194
895	964	82
896	982	21
897	1006	0
898	1030	133
899	983	247
900	1455	447
901	973	0
902	1002	0
903	994	0
904	1034	239
905	1010	272
906	1038	2
907	961	0
908	998	0
909	995	210
910	979	278
911	1037	361
912	1004	370
913	999	18
914	1016	48
915	1009	410
916	1038	392
917	980	148
918	1023	160
919	1000	11
920	1031	177
921	1011	210
922	986	318
923	991	211
924	983	264
925	988	229
926	995	244
927	1000	214
928	993	258
929	1013	255
930	1002	373
931	1000	375
932	1022	487
933	1011	382
934	1000	1
935	1044	28
936	983	286
937	1019	284
938	1025	353
939	1033	184
940	979	155
941	1010	0
942	1006	151
943	1039	222
944	961	451
945	1015	385
946	1005	131
947	998	67
948	1005	1
949	1033	192
950	1337	359
951	1031	0
952	1013	0
953	973	334
954	996	340
955	1022	0
956	1053	0
957	998	301
958	1023	0
959	963	0
960	1040	192
961	1002	130
962	1048	191
963	1022	281
964	987	358
965	986	104
966	1000	26
967	1016	222
968	1014	0
969	1035	135
970	982	225
971	979	81
972	1041	90
973	991	357
974	989	432
975	1001	122
976	1025	192
977	971	48
978	973	1
979	1002	128
980	960	163
981	965	0
982	1035	0
983	1030	95
984	1007	171
985	1018	235
986	946	434
987	987	276
988	996	67
989	985	218
990	1020	0
991	958	190
992	1064	212
993	979	0
994	1028	62
995	1017	5
996	1003	163
997	1027	297
998	1013	4
999	930	182
