0	2000	0
1	984	1
2	1045	0
3	977	0
4	1020	0
5	994	0
6	1012	9
7	1019	3
8	985	2
9	1015	7
10	1004	1
11	1002	0
12	948	0
13	994	0
14	1016	2
15	986	1
16	1015	2
17	959	0
18	1045	5
19	965	7
20	988	4
21	1026	2
22	969	1
23	1007	0
24	1039	4
25	986	2
26	982	0
27	953	1
28	1008	0
29	1013	0
30	1001	0
31	998	0
32	996	0
33	1017	0
34	1014	2
35	1008	0
36	1015	3
37	1023	0
38	1018	0
39	954	1
40	1034	0
41	999	5
42	981	6
43	970	1
44	981	5
45	975	2
46	1012	1
47	980	0
48	1021	0
49	984	0
50	992	3
51	1000	3
52	1029	1
53	1022	1
54	979	0
55	993	1
56	1051	2
57	996	0
58	986	3
59	972	0
60	1017	0
61	985	0
62	972	2
63	1017	1
64	1002	1
65	963	3
66	1021	3
67	1008	1
68	993	0
69	1034	2
70	979	4
71	1020	1
72	975	6
73	1000	0
74	1019	2
75	994	3
76	1019	2
77	963	3
78	986	2
79	979	0
80	999	4
81	1019	0
82	1046	3
83	958	0
84	1001	0
85	1002	0
86	1020	6
87	1015	3
88	975	0
89	1010	0
90	970	0
91	1018	6
92	1009	5
93	993	2
94	994	3
95	992	0
96	1022	0
97	1015	1
98	990	0
99	967	0
100	994	1
101	1018	1
102	1003	0
103	948	0
104	988	0
105	999	0
106	969	2
107	980	3
108	1029	0
109	1022	0
110	1007	0
111	956	0
112	992	5
113	1000	7
114	954	0
115	1049	0
116	1002	0
117	997	0
118	984	0
119	981	0
120	1029	0
121	1008	0
122	990	0
123	1019	3
124	1027	0
125	1000	0
126	1028	0
127	994	0
128	1037	0
129	993	0
130	979	2
131	994	4
132	1029	0
133	1022	1
134	999	0
135	960	2
136	964	0
137	1039	2
138	1037	2
139	987	2
140	1045	1
141	985	0
142	1004	3
143	982	0
144	1042	1
145	992	0
146	1011	0
147	998	3
148	1018	0
149	1015	1
150	1027	1
151	1004	0
152	973	1
153	993	0
154	999	0
155	1016	3
156	1036	0
157	968	2
158	1023	1
159	1035	0
160	986	2
161	970	2
162	997	2
163	971	0
164	963	0
165	996	0
166	978	4
167	1029	2
168	1030	2
169	998	4
170	992	0
171	1017	3
172	980	4
173	999	4
174	1012	0
175	975	3
176	1008	0
177	1024	2
178	996	3
179	987	1
180	985	3
181	1012	0
182	1003	0
183	989	3
184	1015	5
185	1012	4
186	995	3
187	1007	1
188	982	3
189	986	10
190	994	1
191	1000	1
192	1017	3
193	967	0
194	984	0
195	980	0
196	1011	0
197	980	0
198	1024	0
199	997	4
200	1006	3
201	984	0
202	1009	0
203	1004	1
204	1000	2
205	1083	1
206	966	1
207	1023	6
208	1015	0
209	983	0
210	999	3
211	1025	0
212	1015	0
213	944	0
214	1024	0
215	960	0
216	1003	2
217	1013	0
218	995	1
219	1000	6
220	1026	3
221	986	6
222	983	0
223	965	0
224	1030	6
225	999	2
226	991	0
227	1032	1
228	982	0
229	1002	2
230	962	2
231	1014	0
232	998	2
233	995	1
234	998	0
235	1015	1
236	999	0
237	1003	0
238	1022	0
239	963	3
240	1009	4
241	1057	0
242	999	1
243	976	2
244	961	1
245	992	5
246	1030	2
247	991	3
248	1028	0
249	1019	0
250	993	0
251	1012	0
252	1025	1
253	975	0
254	1025	0
255	969	1
256	975	0
257	1017	2
258	997	0
259	1020	3
260	1009	5
261	1021	2
262	1000	2
263	1023	1
264	966	1
265	1032	1
266	984	0
267	997	0
268	985	0
269	1016	0
270	1008	0
271	1035	0
272	997	0
273	975	2
274	1019	1
275	987	1
276	994	3
277	1050	4
278	985	0
279	1030	0
280	989	2
281	987	6
282	1002	1
283	997	2
284	983	0
285	985	0
286	1025	2
287	1028	0
288	1021	0
289	973	0
290	1022	0
291	1013	2
292	1040	6
293	1044	0
294	1032	0
295	1024	3
296	1024	0
297	1011	4
298	989	2
299	996	0
300	993	9
301	994	5
302	1026	2
303	1029	0
304	976	1
305	984	2
306	1004	0
307	971	4
308	968	0
309	1014	0
310	999	5
311	996	3
312	989	5
313	1009	0
314	971	1
315	1060	1
316	1017	3
317	976	1
318	985	0
319	997	0
320	988	1
321	1057	0
322	1039	3
323	997	2
324	972	0
325	1017	1
326	1013	1
327	1041	8
328	1017	0
329	988	0
330	1030	0
331	962	1
332	995	2
333	965	0
334	1016	2
335	995	6
336	997	2
337	988	4
338	980	1
339	1006	1
340	986	1
341	1010	1
342	1033	0
343	1014	3
344	996	2
345	1014	0
346	976	0
347	982	4
348	999	1
349	1045	0
350	1012	3
351	1014	0
352	1000	0
353	988	6
354	984	1
355	1013	0
356	1013	0
357	999	1
358	1020	2
359	984	0
360	994	0
361	1015	0
362	1025	5
363	1023	0
364	988	0
365	1007	1
366	998	1
367	1015	0
368	1028	5
369	958	1
370	1009	0
371	1014	1
372	973	1
373	1023	5
374	1027	2
375	989	0
376	988	0
377	997	4
378	1007	1
379	943	4
380	983	4
381	970	0
382	1015	0
383	1003	0
384	1021	0
385	988	0
386	1005	3
387	1007	2
388	981	0
389	1019	0
390	1016	0
391	1043	0
392	988	1
393	1015	2
394	1030	5
395	1032	2
396	986	0
397	1000	2
398	1010	2
399	1002	3
400	978	0
401	986	7
402	1038	0
403	983	4
404	950	3
405	977	4
406	996	1
407	989	0
408	1007	2
409	985	1
410	1020	0
411	991	0
412	1002	1
413	1013	0
414	987	0
415	1005	0
416	1011	1
417	1017	1
418	988	0
419	1007	0
420	994	0
421	1002	0
422	993	4
423	981	3
424	960	0
425	1011	7
426	999	0
427	1025	1
428	1029	1
429	1019	0
430	1043	0
431	1008	1
432	1015	0
433	1055	2
434	1020	0
435	940	0
436	973	5
437	1050	0
438	1014	1
439	1001	0
440	1000	0
441	952	0
442	1032	0
443	998	0
444	1006	4
445	981	1
446	1007	1
447	1018	0
448	1013	4
449	1009	2
450	1035	0
451	1000	1
452	953	0
453	977	0
454	988	5
455	981	3
456	1001	0
457	992	9
458	989	4
459	1006	1
460	1013	0
461	1018	3
462	988	1
463	1002	1
464	956	0
465	1011	0
466	980	4
467	989	0
468	982	0
469	986	0
470	999	0
471	996	3
472	981	0
473	982	0
474	993	4
475	1046	1
476	1016	3
477	1017	2
478	1019	0
479	1010	8
480	1002	2
481	999	0
482	992	3
483	1000	2
484	971	1
485	981	0
486	956	6
487	1003	5
488	1043	1
489	1024	0
490	1006	0
491	1018	0
492	1021	1
493	999	3
494	968	2
495	982	0
496	956	0
497	1020	0
498	1004	0
499	1004	2
500	968	3
501	1005	0
502	975	0
503	1078	3
504	999	2
505	994	0
506	979	0
507	997	0
508	1008	0
509	992	7
510	957	1
511	991	0
512	981	2
513	993	0
514	1028	0
515	981	0
516	1002	0
517	1043	2
518	992	0
519	1017	1
520	993	6
521	970	0
522	998	0
523	1012	3
524	968	1
525	1034	3
526	1021	1
527	997	0
528	1000	0
529	1001	0
530	1018	1
531	972	0
532	998	0
533	992	0
534	997	5
535	1035	0
536	1000	1
537	963	0
538	975	0
539	978	0
540	1011	0
541	1013	3
542	995	1
543	1013	0
544	1018	1
545	1018	0
546	987	2
547	1036	4
548	1004	0
549	976	3
550	985	1
551	960	5
552	1007	1
553	1009	0
554	1053	0
555	972	2
556	1030	0
557	996	0
558	1007	2
559	983	0
560	976	3
561	973	0
562	1019	3
563	1027	0
564	950	2
565	969	0
566	1029	0
567	1051	6
568	1004	0
569	976	0
570	1035	0
571	985	0
572	973	1
573	1042	5
574	992	1
575	1016	0
576	1004	1
577	961	0
578	981	1
579	1027	1
580	1011	5
581	978	10
582	1035	1
583	985	0
584	1000	1
585	1023	1
586	1036	0
587	1008	1
588	987	0
589	1022	6
590	1009	3
591	1012	2
592	980	5
593	991	0
594	1013	0
595	983	1
596	1016	4
597	998	6
598	955	0
599	996	0
600	1024	0
601	1023	0
602	996	2
603	1000	0
604	1018	0
605	1014	5
606	969	2
607	996	0
608	1036	3
609	992	7
610	1019	1
611	1003	3
612	1000	3
613	982	0
614	1000	0
615	983	0
616	968	2
617	991	4
618	1008	2
619	1033	0
620	1014	0
621	998	1
622	992	0
623	992	0
624	976	1
625	998	0
626	976	0
627	1019	4
628	1019	0
629	997	0
630	1010	0
631	1034	3
632	999	3
633	965	0
634	1020	1
635	979	3
636	978	0
637	984	0
638	1032	3
639	990	0
640	1007	1
641	947	0
642	1000	0
643	988	2
644	1007	2
645	991	0
646	1000	0
647	992	0
648	995	0
649	1009	7
650	968	1
651	973	0
652	1034	0
653	1067	1
654	993	0
655	1002	0
656	998	1
657	987	0
658	1030	0
659	972	2
660	974	0
661	999	1
662	1028	0
663	994	0
664	973	4
665	1009	3
666	1005	1
667	1012	0
668	969	0
669	1001	0
670	955	9
671	1000	0
672	1039	1
673	981	0
674	988	0
675	1028	1
676	1019	0
677	1007	2
678	998	0
679	1006	0
680	1007	1
681	974	0
682	983	1
683	1017	4
684	998	2
685	994	0
686	1027	0
687	1023	1
688	1027	0
689	1022	0
690	1024	2
691	986	4
692	996	5
693	983	3
694	960	0
695	993	2
696	1001	4
697	955	5
698	970	2
699	1001	0
700	977	2
701	979	6
702	1044	6
703	996	5
704	949	0
705	1016	11
706	1035	2
707	1021	0
708	1003	1
709	1009	0
710	1022	7
711	991	2
712	1024	1
713	937	3
714	1000	1
715	955	2
716	998	1
717	968	0
718	999	1
719	1020	0
720	986	2
721	996	0
722	1002	0
723	1020	0
724	980	4
725	1005	1
726	968	0
727	984	1
728	990	0
729	1008	0
730	986	0
731	1002	2
732	1016	2
733	977	0
734	1014	1
735	1021	5
736	1040	0
737	1018	1
738	990	3
739	988	2
740	986	1
741	990	8
742	998	2
743	975	3
744	998	2
745	976	0
746	1003	2
747	969	0
748	981	4
749	1025	3
750	1028	0
751	1005	2
752	1012	1
753	1010	0
754	993	0
755	1015	2
756	1009	1
757	981	0
758	991	3
759	977	1
760	965	3
761	984	0
762	1013	1
763	1014	2
764	969	5
765	987	3
766	984	1
767	968	0
768	1051	1
769	1030	0
770	984	4
771	957	1
772	986	7
773	1007	5
774	1007	2
775	1017	3
776	994	6
777	996	1
778	1013	0
779	998	0
780	994	2
781	965	0
782	998	2
783	990	0
784	997	0
785	971	1
786	1014	4
787	956	0
788	1014	1
789	1021	6
790	985	2
791	1002	6
792	1015	4
793	960	0
794	988	0
795	994	0
796	968	0
797	991	0
798	985	3
799	969	1
800	1018	4
801	996	0
802	975	0
803	973	1
804	1007	0
805	1044	0
806	1013	0
807	987	0
808	996	3
809	1032	0
810	996	0
811	1031	6
812	995	3
813	981	0
814	993	0
815	1006	0
816	982	5
817	996	5
818	979	0
819	970	0
820	1016	0
821	1011	1
822	1014	0
823	985	1
824	1012	0
825	1017	0
826	999	0
827	1001	0
828	1024	1
829	1020	2
830	1001	0
831	996	0
832	1002	0
833	1015	0
834	1018	0
835	974	5
836	1008	3
837	981	1
838	978	0
839	972	2
840	954	1
841	1010	0
842	1037	0
843	979	0
844	1030	0
845	1031	0
846	1014	0
847	1028	0
848	1011	0
849	993	1
850	1028	0
851	1024	0
852	1004	0
853	1005	0
854	1024	0
855	1007	0
856	1004	0
857	994	2
858	1012	0
859	988	0
860	1004	0
861	1019	0
862	985	0
863	1016	4
864	1001	4
865	1018	0
866	989	1
867	965	5
868	990	3
869	963	1
870	989	0
871	988	0
872	993	1
873	1000	0
874	965	0
875	978	0
876	998	0
877	998	0
878	1003	0
879	1005	0
880	1039	0
881	1024	0
882	974	7
883	1000	1
884	974	1
885	987	5
886	1019	6
887	1007	1
888	966	2
889	984	0
890	975	0
891	999	7
892	1013	10
893	1017	0
894	1009	1
895	995	0
896	1004	0
897	1012	0
898	1006	1
899	988	0
900	1008	0
901	951	6
902	997	0
903	987	0
904	999	0
905	1016	0
906	997	0
907	992	2
908	1016	3
909	982	2
910	979	0
911	1015	0
912	957	0
913	987	0
914	1026	0
915	995	1
916	992	0
917	1007	0
918	997	1
919	986	3
920	994	1
921	959	2
922	1038	3
923	1009	0
924	987	14
925	1016	4
926	985	0
927	1041	0
928	965	4
929	1020	1
930	1012	0
931	1013	4
932	985	1
933	1001	0
934	996	1
935	983	0
936	982	0
937	986	0
938	1016	0
939	991	1
940	1029	3
941	1039	3
942	992	0
943	1023	2
944	1032	4
945	1000	1
946	1013	1
947	1065	0
948	1025	1
949	983	0
950	992	0
951	1029	1
952	1010	0
953	1039	2
954	1054	4
955	992	0
956	1015	6
957	980	7
958	972	3
959	1023	0
960	1007	0
961	1017	1
962	1013	0
963	1041	0
964	1017	3
965	1037	9
966	1001	7
967	993	3
968	1001	3
969	1000	4
970	1004	3
971	980	0
972	977	2
973	1006	6
974	1012	2
975	968	1
976	958	0
977	988	0
978	977	1
979	1035	5
980	973	3
981	1035	0
982	1006	0
983	986	0
984	1001	0
985	1017	0
986	980	0
987	1027	1
988	971	3
989	1002	5
990	998	6
991	1015	1
992	994	0
993	988	0
994	983	3
995	955	0
996	1004	2
997	1019	0
998	1024	0
999	1025	0
