0	500	0
1	252	2
2	250	0
3	251	0
4	250	1
5	234	0
6	243	0
7	240	4
8	248	0
9	244	0
10	241	0
11	260	0
12	208	0
13	263	0
14	259	0
15	241	4
16	257	0
17	253	0
18	240	0
19	251	1
20	227	0
21	246	0
22	245	0
23	237	2
24	264	0
25	227	0
26	215	0
27	237	0
28	260	1
29	250	0
30	259	0
31	244	0
32	242	0
33	252	0
34	244	0
35	246	0
36	246	0
37	225	1
38	236	0
39	243	0
40	260	0
41	260	0
42	249	0
43	231	1
44	258	0
45	236	0
46	227	0
47	262	0
48	245	0
49	280	0
50	247	0
51	227	1
52	254	0
53	245	0
54	246	0
55	276	0
56	256	0
57	231	0
58	220	0
59	259	0
60	243	1
61	252	0
62	254	0
63	244	0
64	269	0
65	260	0
66	267	0
67	268	0
68	275	1
69	274	0
70	257	0
71	244	0
72	215	0
73	279	0
74	256	0
75	245	0
76	247	0
77	236	0
78	241	2
79	255	1
80	254	2
81	237	0
82	243	0
83	239	0
84	241	2
85	252	0
86	255	1
87	249	0
88	255	0
89	226	0
90	237	0
91	244	0
92	237	0
93	250	0
94	234	0
95	246	1
96	244	0
97	249	1
98	257	2
99	238	0
100	227	0
101	245	0
102	245	0
103	247	0
104	246	0
105	241	0
106	255	1
107	248	0
108	254	0
109	245	0
110	254	1
111	267	0
112	263	0
113	258	0
114	248	0
115	260	0
116	249	0
117	240	0
118	240	1
119	239	0
120	236	0
121	252	0
122	261	1
123	235	0
124	246	1
125	252	0
126	266	0
127	242	0
128	267	0
129	257	0
130	265	1
131	255	0
132	258	0
133	266	0
134	246	0
135	249	0
136	252	0
137	252	0
138	254	0
139	232	1
140	251	1
141	253	0
142	257	0
143	251	0
144	249	0
145	242	0
146	233	0
147	244	1
148	250	1
149	260	0
150	246	0
151	259	0
152	251	0
153	254	0
154	239	0
155	264	0
156	255	0
157	253	0
158	240	0
159	255	0
160	247	0
161	242	0
162	249	1
163	267	1
164	233	1
165	251	1
166	239	2
167	264	2
168	258	0
169	252	0
170	258	0
171	249	0
172	244	0
173	260	0
174	288	0
175	243	0
176	239	1
177	234	0
178	244	0
179	259	0
180	244	0
181	240	1
182	240	0
183	264	0
184	253	0
185	239	2
186	257	0
187	254	1
188	253	1
189	261	0
190	247	1
191	255	0
192	228	0
193	265	2
194	239	0
195	235	1
196	248	0
197	276	0
198	258	0
199	266	0
200	250	1
201	265	0
202	248	0
203	253	0
204	235	1
205	260	0
206	257	0
207	243	1
208	245	0
209	251	0
210	253	0
211	247	0
212	227	0
213	259	0
214	249	0
215	229	2
216	236	0
217	267	0
218	250	0
219	247	1
220	277	0
221	251	0
222	243	0
223	249	0
224	250	0
225	245	0
226	247	0
227	250	1
228	248	0
229	224	0
230	277	0
231	237	1
232	234	0
233	243	1
234	257	1
235	272	0
236	252	1
237	231	1
238	241	0
239	260	0
240	255	0
241	253	0
242	247	0
243	245	0
244	259	2
245	255	3
246	241	0
247	243	0
248	255	0
249	257	0
250	240	1
251	261	0
252	255	0
253	229	2
254	257	0
255	264	0
256	251	0
257	251	0
258	240	0
259	261	0
260	245	0
261	245	0
262	255	0
263	248	0
264	236	0
265	255	1
266	256	2
267	256	0
268	230	0
269	249	2
270	257	0
271	257	0
272	241	0
273	242	0
274	251	0
275	259	0
276	253	0
277	259	0
278	248	0
279	259	0
280	264	0
281	251	0
282	244	0
283	247	1
284	225	0
285	251	0
286	245	2
287	257	0
288	243	0
289	267	0
290	276	0
291	237	0
292	251	0
293	256	0
294	261	0
295	243	0
296	250	0
297	249	0
298	248	1
299	236	1
300	245	0
301	249	0
302	245	0
303	263	0
304	253	1
305	254	0
306	251	0
307	240	0
308	244	0
309	233	2
310	264	2
311	254	1
312	246	1
313	251	0
314	244	1
315	265	0
316	223	0
317	256	0
318	268	0
319	246	0
320	240	0
321	256	0
322	230	0
323	254	1
324	270	0
325	245	0
326	248	1
327	255	0
328	262	0
329	245	0
330	234	0
331	259	0
332	242	0
333	244	0
334	255	0
335	231	0
336	243	0
337	234	0
338	251	0
339	238	0
340	268	0
341	259	1
342	237	0
343	242	0
344	252	0
345	262	0
346	244	0
347	245	0
348	245	0
349	269	0
350	257	0
351	235	0
352	236	0
353	243	0
354	245	0
355	260	0
356	251	1
357	272	0
358	256	0
359	256	0
360	258	0
361	235	0
362	261	0
363	247	1
364	237	0
365	247	0
366	242	0
367	222	0
368	246	1
369	251	0
370	244	1
371	245	0
372	247	0
373	240	1
374	241	0
375	266	0
376	234	0
377	266	0
378	266	2
379	264	0
380	246	0
381	270	0
382	242	0
383	247	0
384	272	1
385	254	0
386	258	0
387	271	1
388	272	1
389	265	0
390	272	0
391	262	0
392	246	0
393	255	0
394	259	0
395	243	0
396	250	0
397	245	0
398	253	0
399	246	0
400	235	0
401	274	0
402	238	0
403	232	0
404	262	0
405	249	0
406	245	0
407	256	0
408	243	0
409	257	0
410	224	1
411	259	1
412	258	0
413	256	0
414	247	0
415	240	0
416	251	0
417	247	1
418	250	0
419	240	0
420	239	1
421	236	1
422	274	1
423	250	0
424	234	0
425	245	1
426	261	1
427	239	0
428	243	0
429	248	0
430	248	0
431	272	0
432	250	1
433	252	0
434	252	0
435	250	0
436	255	0
437	228	0
438	229	0
439	247	0
440	251	0
441	239	0
442	256	0
443	242	1
444	253	0
445	264	0
446	244	0
447	258	1
448	252	0
449	255	0
450	248	0
451	229	0
452	256	0
453	245	0
454	242	0
455	244	0
456	246	0
457	257	0
458	247	0
459	260	1
460	263	0
461	231	1
462	255	0
463	232	0
464	242	0
465	238	0
466	237	0
467	252	0
468	250	0
469	246	1
470	243	1
471	261	0
472	255	0
473	239	0
474	261	0
475	251	0
476	271	0
477	265	0
478	232	0
479	233	0
480	247	0
481	234	0
482	245	0
483	237	0
484	253	1
485	239	1
486	255	1
487	259	0
488	256	2
489	242	0
490	255	0
491	264	0
492	249	1
493	235	0
494	269	0
495	244	1
496	238	0
497	249	0
498	263	0
499	263	1
500	247	0
501	249	0
502	255	1
503	244	0
504	239	0
505	244	0
506	245	0
507	264	0
508	260	0
509	249	1
510	232	0
511	261	0
512	254	0
513	235	0
514	244	0
515	242	0
516	260	0
517	258	0
518	271	0
519	256	0
520	251	0
521	252	1
522	237	0
523	236	0
524	247	0
525	234	0
526	236	0
527	251	0
528	249	1
529	254	0
530	247	0
531	246	0
532	266	0
533	253	0
534	241	0
535	248	0
536	252	0
537	240	0
538	263	0
539	242	0
540	253	0
541	245	0
542	252	0
543	237	0
544	251	0
545	250	0
546	241	0
547	228	0
548	255	0
549	245	0
550	253	0
551	252	0
552	240	0
553	246	0
554	243	0
555	218	0
556	248	2
557	251	3
558	237	1
559	251	0
560	237	0
561	247	0
562	247	0
563	254	0
564	236	0
565	247	0
566	245	1
567	254	0
568	259	0
569	247	0
570	230	2
571	272	0
572	241	0
573	254	0
574	248	0
575	248	0
576	278	0
577	244	0
578	280	2
579	253	0
580	264	0
581	243	0
582	258	0
583	241	0
584	230	1
585	231	0
586	252	0
587	264	0
588	255	1
589	245	0
590	240	0
591	254	0
592	260	0
593	259	0
594	260	0
595	248	0
596	221	0
597	244	0
598	247	0
599	240	3
600	239	2
601	255	0
602	273	0
603	252	0
604	273	0
605	240	0
606	272	1
607	240	0
608	247	0
609	256	0
610	261	0
611	229	0
612	260	0
613	242	0
614	300	1
615	239	0
616	239	0
617	269	0
618	250	0
619	282	0
620	248	1
621	275	3
622	249	0
623	248	1
624	243	0
625	252	0
626	268	0
627	247	0
628	250	0
629	250	0
630	260	0
631	269	0
632	251	0
633	243	0
634	248	0
635	260	0
636	250	0
637	244	0
638	234	0
639	252	0
640	260	0
641	241	0
642	243	0
643	247	0
644	249	0
645	242	1
646	265	0
647	255	1
648	258	0
649	242	0
650	238	1
651	254	0
652	243	0
653	246	0
654	237	1
655	252	0
656	250	0
657	267	0
658	247	0
659	245	1
660	248	0
661	259	0
662	257	0
663	239	0
664	251	3
665	248	0
666	250	0
667	262	2
668	249	0
669	239	0
670	252	0
671	247	1
672	252	0
673	263	1
674	272	0
675	239	0
676	273	0
677	260	0
678	267	0
679	254	1
680	272	0
681	270	0
682	247	1
683	226	0
684	246	0
685	256	0
686	252	0
687	241	2
688	266	0
689	264	0
690	245	3
691	255	0
692	232	0
693	264	0
694	275	0
695	258	0
696	243	0
697	255	0
698	250	1
699	258	2
700	250	0
701	259	0
702	229	1
703	237	0
704	240	0
705	240	0
706	247	0
707	240	0
708	253	0
709	255	0
710	263	0
711	227	0
712	249	0
713	260	0
714	232	1
715	249	0
716	220	0
717	267	0
718	260	0
719	259	0
720	250	0
721	258	0
722	257	0
723	265	0
724	238	0
725	262	0
726	246	0
727	253	0
728	263	0
729	266	0
730	250	0
731	253	0
732	259	1
733	268	0
734	252	0
735	237	1
736	223	0
737	237	0
738	245	0
739	270	0
740	253	0
741	233	1
742	246	2
743	244	0
744	232	0
745	269	0
746	248	0
747	249	0
748	258	0
749	255	0
750	250	1
751	257	0
752	250	0
753	224	1
754	228	0
755	258	0
756	261	0
757	256	0
758	257	1
759	244	1
760	247	0
761	268	0
762	264	0
763	259	0
764	245	0
765	236	0
766	262	0
767	255	0
768	262	0
769	264	0
770	273	0
771	242	0
772	238	0
773	263	1
774	249	0
775	257	0
776	255	0
777	265	2
778	256	1
779	244	0
780	262	0
781	234	0
782	263	2
783	224	0
784	249	0
785	254	0
786	247	0
787	257	0
788	259	1
789	239	0
790	240	0
791	261	0
792	243	0
793	253	0
794	232	0
795	276	0
796	257	0
797	259	0
798	280	0
799	258	0
800	265	0
801	245	2
802	234	0
803	267	0
804	258	0
805	222	0
806	260	0
807	253	1
808	252	0
809	244	1
810	236	0
811	236	0
812	252	0
813	263	0
814	252	0
815	241	1
816	264	0
817	247	1
818	240	0
819	244	0
820	239	0
821	253	0
822	257	0
823	236	0
824	244	0
825	264	1
826	250	0
827	259	0
828	248	0
829	272	0
830	258	0
831	248	0
832	252	0
833	245	0
834	238	0
835	249	2
836	239	0
837	241	0
838	228	0
839	242	0
840	237	0
841	247	0
842	229	1
843	253	0
844	241	0
845	265	0
846	269	1
847	241	0
848	235	0
849	247	0
850	248	0
851	267	1
852	247	3
853	252	0
854	254	0
855	241	1
856	248	0
857	221	1
858	230	0
859	246	0
860	253	1
861	261	0
862	237	0
863	251	0
864	255	0
865	226	0
866	247	0
867	264	0
868	242	0
869	254	0
870	234	0
871	242	0
872	248	2
873	251	2
874	241	0
875	253	1
876	243	2
877	258	0
878	252	0
879	252	0
880	254	1
881	238	0
882	227	0
883	236	1
884	246	0
885	246	0
886	261	0
887	248	2
888	255	0
889	259	0
890	241	0
891	252	0
892	273	0
893	208	1
894	262	0
895	248	0
896	261	0
897	254	0
898	245	0
899	256	0
900	258	0
901	249	0
902	258	1
903	252	0
904	225	1
905	224	0
906	247	0
907	251	0
908	243	2
909	255	0
910	246	0
911	245	0
912	231	0
913	254	0
914	255	0
915	256	0
916	261	1
917	250	2
918	250	1
919	249	1
920	261	0
921	259	0
922	267	0
923	235	0
924	239	0
925	257	1
926	236	0
927	257	0
928	247	0
929	249	0
930	254	0
931	251	1
932	243	2
933	252	0
934	266	0
935	265	0
936	270	0
937	232	0
938	265	0
939	247	0
940	244	0
941	249	0
942	237	0
943	246	0
944	262	1
945	249	0
946	242	0
947	265	0
948	263	1
949	249	0
950	259	0
951	248	0
952	261	0
953	249	0
954	252	0
955	259	0
956	237	0
957	255	0
958	244	1
959	238	0
960	237	0
961	251	0
962	245	1
963	232	0
964	238	1
965	244	1
966	250	0
967	228	0
968	250	0
969	256	1
970	245	1
971	255	0
972	253	0
973	257	0
974	244	0
975	242	1
976	272	0
977	251	0
978	247	0
979	233	0
980	275	0
981	265	0
982	251	0
983	260	0
984	260	0
985	234	0
986	252	0
987	277	0
988	244	0
989	249	0
990	246	1
991	256	1
992	248	2
993	268	1
994	246	0
995	244	0
996	249	1
997	231	1
998	241	1
999	262	1
