0	500	0
1	225	1
2	252	0
3	248	1
4	236	1
5	245	0
6	259	0
7	250	0
8	263	0
9	238	0
10	240	0
11	243	0
12	250	0
13	260	0
14	253	0
15	257	0
16	241	1
17	253	0
18	249	0
19	263	1
20	240	0
21	242	0
22	260	0
23	261	0
24	247	0
25	248	0
26	243	4
27	258	1
28	233	0
29	242	0
30	248	0
31	254	1
32	255	0
33	257	0
34	261	0
35	247	2
36	257	3
37	250	0
38	253	0
39	250	1
40	250	0
41	249	0
42	248	0
43	251	0
44	262	0
45	273	0
46	261	2
47	240	1
48	264	1
49	237	1
50	256	0
51	242	0
52	226	0
53	268	0
54	257	1
55	230	0
56	248	0
57	250	1
58	270	0
59	219	0
60	247	0
61	230	0
62	256	2
63	235	3
64	244	0
65	255	0
66	261	0
67	257	0
68	272	0
69	249	0
70	250	0
71	268	0
72	250	1
73	245	2
74	236	0
75	233	0
76	255	0
77	246	0
78	251	0
79	256	0
80	251	0
81	247	0
82	247	0
83	260	0
84	244	0
85	246	0
86	264	0
87	243	0
88	243	0
89	251	0
90	230	0
91	260	0
92	260	0
93	239	0
94	234	0
95	252	0
96	251	0
97	253	0
98	241	0
99	232	0
100	234	0
101	219	0
102	258	0
103	225	0
104	265	0
105	254	0
106	260	0
107	244	2
108	253	0
109	248	0
110	255	0
111	238	0
112	244	0
113	257	0
114	226	0
115	234	0
116	236	3
117	239	0
118	236	0
119	258	2
120	255	0
121	257	0
122	247	0
123	246	0
124	257	0
125	239	0
126	247	0
127	247	1
128	261	0
129	247	0
130	247	4
131	242	0
132	254	0
133	238	0
134	253	0
135	244	0
136	233	0
137	250	0
138	253	0
139	244	0
140	258	0
141	242	0
142	238	0
143	247	0
144	256	0
145	245	0
146	241	0
147	245	0
148	256	0
149	232	0
150	264	0
151	256	0
152	226	0
153	243	0
154	257	1
155	238	4
156	235	0
157	246	0
158	234	0
159	247	0
160	267	0
161	231	0
162	243	1
163	246	0
164	253	0
165	280	0
166	259	0
167	239	0
168	267	0
169	242	0
170	253	0
171	235	1
172	226	1
173	254	0
174	265	0
175	247	2
176	252	1
177	260	1
178	266	0
179	252	0
180	262	0
181	270	1
182	257	0
183	253	1
184	253	0
185	243	0
186	254	0
187	255	2
188	232	1
189	258	0
190	276	0
191	247	0
192	265	0
193	273	0
194	252	0
195	263	0
196	239	0
197	258	0
198	238	1
199	271	0
200	257	0
201	233	0
202	233	0
203	243	0
204	262	0
205	275	0
206	237	0
207	253	0
208	253	1
209	252	0
210	256	0
211	240	0
212	266	0
213	237	0
214	231	3
215	254	0
216	281	1
217	262	0
218	260	0
219	259	0
220	255	0
221	259	0
222	252	0
223	260	0
224	255	0
225	239	0
226	244	0
227	259	0
228	252	0
229	253	0
230	246	1
231	235	0
232	272	0
233	255	0
234	247	3
235	248	0
236	249	2
237	234	1
238	234	0
239	240	0
240	245	0
241	252	0
242	248	0
243	261	0
244	241	0
245	271	0
246	257	0
247	232	0
248	235	7
249	248	1
250	260	2
251	254	0
252	256	0
253	255	0
254	242	0
255	256	0
256	258	0
257	259	0
258	250	4
259	242	0
260	228	0
261	246	0
262	246	0
263	267	0
264	248	0
265	244	0
266	232	0
267	232	0
268	249	0
269	254	0
270	235	0
271	242	0
272	242	0
273	241	0
274	241	0
275	234	1
276	244	3
277	242	0
278	263	0
279	244	0
280	244	0
281	242	0
282	246	2
283	251	1
284	262	0
285	251	0
286	240	0
287	285	1
288	249	1
289	242	0
290	273	0
291	241	0
292	255	0
293	232	3
294	244	2
295	244	0
296	264	0
297	248	0
298	257	0
299	239	1
300	267	0
301	262	0
302	251	1
303	266	1
304	251	0
305	253	0
306	260	0
307	235	0
308	235	2
309	256	0
310	239	0
311	254	0
312	263	0
313	251	0
314	240	0
315	243	0
316	263	0
317	264	0
318	270	0
319	250	1
320	235	3
321	250	1
322	236	0
323	259	1
324	265	2
325	250	0
326	233	0
327	240	0
328	249	0
329	238	2
330	247	0
331	251	0
332	248	1
333	261	0
334	259	0
335	252	0
336	255	4
337	260	0
338	261	0
339	238	0
340	237	0
341	248	0
342	242	0
343	249	0
344	237	0
345	244	4
346	261	9
347	245	2
348	259	0
349	241	0
350	243	0
351	247	0
352	256	0
353	244	0
354	246	2
355	263	0
356	233	0
357	264	0
358	254	0
359	254	0
360	252	1
361	255	0
362	254	0
363	251	0
364	243	0
365	236	0
366	250	0
367	253	0
368	260	0
369	253	0
370	242	0
371	243	5
372	252	0
373	247	0
374	233	0
375	244	1
376	248	0
377	254	1
378	242	0
379	256	0
380	247	0
381	256	0
382	258	0
383	240	0
384	261	0
385	262	0
386	260	0
387	265	2
388	251	4
389	243	1
390	255	0
391	281	0
392	258	0
393	230	0
394	265	0
395	249	0
396	249	0
397	245	1
398	262	2
399	251	0
400	251	1
401	244	0
402	264	0
403	241	1
404	251	0
405	261	0
406	263	0
407	244	0
408	246	0
409	254	0
410	257	0
411	244	0
412	263	0
413	261	0
414	238	0
415	252	0
416	259	0
417	243	1
418	258	0
419	234	0
420	270	0
421	256	1
422	243	0
423	249	0
424	254	4
425	251	0
426	255	0
427	258	0
428	258	0
429	245	1
430	273	0
431	266	1
432	244	0
433	261	0
434	265	3
435	254	0
436	268	0
437	233	0
438	252	0
439	275	0
440	245	0
441	265	0
442	254	0
443	249	0
444	245	0
445	256	2
446	264	0
447	247	3
448	248	2
449	259	0
450	246	0
451	251	0
452	249	1
453	257	2
454	239	0
455	250	0
456	262	0
457	267	0
458	227	0
459	250	0
460	258	0
461	248	1
462	254	4
463	258	0
464	253	0
465	270	1
466	262	0
467	246	0
468	245	0
469	263	0
470	245	0
471	250	0
472	246	0
473	271	0
474	256	0
475	241	0
476	261	0
477	259	0
478	252	0
479	241	0
480	266	0
481	259	1
482	262	0
483	247	0
484	240	0
485	241	0
486	226	0
487	263	0
488	270	1
489	252	0
490	259	0
491	242	2
492	259	1
493	240	0
494	265	0
495	244	0
496	256	0
497	274	0
498	238	0
499	250	0
500	244	0
501	240	0
502	235	0
503	251	0
504	241	0
505	247	0
506	268	0
507	261	0
508	261	0
509	243	0
510	246	0
511	247	0
512	247	0
513	241	0
514	253	0
515	264	0
516	245	0
517	240	0
518	262	0
519	258	1
520	263	1
521	262	0
522	253	0
523	250	0
524	258	0
525	240	0
526	247	0
527	252	0
528	252	0
529	261	0
530	246	0
531	253	0
532	258	0
533	262	0
534	246	0
535	235	0
536	249	0
537	262	0
538	252	0
539	238	0
540	256	0
541	265	0
542	282	0
543	220	0
544	242	0
545	246	2
546	254	2
547	244	0
548	259	0
549	245	1
550	244	0
551	243	0
552	275	0
553	250	3
554	267	1
555	272	2
556	243	1
557	241	0
558	251	0
559	264	0
560	247	0
561	249	0
562	259	0
563	268	0
564	252	0
565	261	0
566	243	0
567	280	0
568	236	0
569	260	1
570	254	1
571	256	0
572	250	1
573	256	2
574	254	4
575	276	0
576	241	0
577	279	0
578	246	0
579	249	3
580	248	0
581	238	0
582	239	0
583	263	0
584	261	1
585	258	0
586	247	0
587	257	0
588	245	3
589	277	5
590	245	0
591	249	0
592	242	0
593	262	0
594	265	0
595	256	0
596	239	0
597	238	0
598	255	9
599	255	0
600	265	0
601	252	0
602	270	0
603	235	0
604	240	0
605	260	0
606	243	0
607	238	0
608	264	0
609	258	0
610	256	1
611	255	1
612	252	0
613	266	0
614	245	0
615	236	0
616	234	0
617	238	0
618	254	0
619	253	0
620	237	0
621	243	0
622	264	2
623	246	2
624	221	5
625	250	2
626	249	0
627	256	0
628	257	0
629	256	0
630	259	0
631	260	0
632	230	0
633	246	0
634	259	0
635	254	0
636	238	2
637	252	0
638	244	0
639	238	0
640	268	0
641	246	0
642	247	0
643	254	0
644	249	0
645	243	4
646	251	1
647	239	0
648	260	0
649	241	0
650	264	0
651	246	0
652	260	0
653	248	0
654	238	0
655	240	1
656	245	0
657	257	0
658	237	0
659	264	0
660	264	0
661	244	2
662	233	0
663	254	0
664	253	0
665	244	0
666	259	0
667	243	0
668	268	0
669	251	0
670	249	0
671	256	3
672	247	1
673	252	0
674	246	0
675	240	3
676	275	0
677	268	0
678	246	0
679	234	0
680	256	0
681	248	0
682	256	0
683	249	0
684	242	0
685	247	0
686	248	0
687	234	1
688	244	0
689	252	0
690	243	0
691	259	0
692	250	0
693	239	0
694	246	0
695	252	0
696	272	0
697	252	0
698	245	0
699	250	1
700	270	0
701	256	0
702	251	0
703	259	0
704	260	0
705	255	0
706	249	0
707	264	0
708	236	0
709	254	0
710	231	2
711	250	0
712	218	0
713	230	0
714	260	0
715	243	0
716	258	1
717	251	0
718	240	0
719	243	2
720	253	0
721	250	0
722	254	4
723	257	0
724	271	0
725	252	0
726	260	0
727	241	0
728	227	0
729	239	0
730	247	0
731	254	0
732	255	0
733	257	0
734	254	0
735	245	0
736	229	0
737	256	0
738	262	0
739	260	0
740	248	0
741	250	0
742	246	0
743	250	0
744	239	0
745	261	1
746	259	0
747	244	0
748	247	0
749	236	0
750	245	0
751	257	0
752	248	0
753	262	0
754	242	0
755	260	0
756	253	0
757	238	0
758	258	0
759	240	0
760	273	0
761	237	0
762	241	0
763	243	0
764	249	2
765	260	0
766	238	0
767	249	0
768	256	0
769	236	0
770	261	0
771	234	0
772	235	1
773	252	0
774	237	0
775	242	0
776	254	0
777	241	0
778	263	2
779	255	1
780	230	0
781	233	0
782	253	0
783	245	0
784	258	0
785	233	0
786	254	0
787	248	0
788	240	2
789	230	2
790	244	0
791	254	0
792	246	0
793	248	1
794	242	2
795	248	0
796	252	0
797	246	0
798	253	0
799	243	0
800	233	1
801	260	0
802	260	0
803	245	0
804	259	0
805	267	0
806	262	0
807	245	0
808	271	0
809	232	0
810	255	0
811	255	0
812	248	1
813	254	0
814	246	0
815	246	0
816	256	0
817	254	0
818	242	0
819	261	0
820	243	0
821	251	2
822	250	8
823	256	1
824	268	0
825	242	0
826	264	0
827	261	3
828	246	0
829	247	0
830	249	0
831	240	0
832	254	0
833	226	0
834	233	0
835	256	2
836	250	0
837	249	0
838	254	0
839	239	0
840	264	0
841	243	1
842	246	0
843	249	0
844	240	0
845	254	0
846	266	1
847	220	3
848	256	0
849	229	0
850	267	0
851	256	0
852	250	0
853	239	0
854	246	0
855	240	0
856	249	0
857	252	2
858	229	1
859	272	0
860	261	1
861	234	0
862	254	0
863	270	0
864	255	0
865	252	0
866	272	0
867	258	0
868	236	2
869	247	0
870	236	2
871	240	0
872	259	1
873	240	1
874	258	0
875	268	0
876	245	0
877	244	0
878	257	0
879	246	2
880	258	0
881	237	0
882	270	0
883	232	0
884	278	0
885	247	0
886	265	0
887	251	1
888	240	1
889	255	0
890	254	0
891	247	0
892	269	0
893	269	0
894	241	4
895	253	0
896	237	0
897	255	0
898	240	2
899	256	0
900	254	5
901	254	3
902	256	0
903	245	0
904	252	5
905	247	0
906	236	0
907	240	0
908	240	0
909	244	1
910	232	0
911	257	0
912	254	6
913	243	2
914	249	0
915	245	0
916	264	1
917	239	0
918	228	0
919	242	0
920	232	0
921	214	0
922	243	1
923	256	0
924	255	4
925	248	0
926	237	0
927	262	0
928	259	1
929	258	0
930	263	0
931	269	0
932	246	0
933	256	0
934	230	1
935	258	0
936	248	0
937	236	0
938	253	0
939	246	0
940	243	0
941	235	0
942	263	0
943	245	0
944	244	0
945	230	0
946	261	0
947	276	2
948	234	0
949	241	0
950	252	0
951	252	1
952	244	1
953	254	0
954	240	0
955	247	0
956	251	0
957	239	0
958	264	2
959	239	0
960	239	5
961	254	3
962	272	0
963	258	0
964	246	0
965	247	0
966	248	0
967	263	0
968	236	0
969	235	1
970	256	1
971	220	0
972	252	0
973	259	1
974	245	0
975	243	0
976	258	0
977	241	0
978	260	0
979	265	0
980	253	1
981	249	0
982	230	0
983	254	0
984	248	0
985	257	2
986	227	1
987	267	0
988	268	0
989	253	0
990	240	0
991	252	0
992	231	0
993	257	0
994	263	0
995	255	0
996	245	0
997	246	0
998	244	0
999	252	2
