0	500	0	0
1	495	0	0
2	461	0	0
3	460	0	0
4	458	0	0
5	458	0	0
6	458	0	0
7	465	0	0
8	459	0	0
9	463	0	0
10	462	0	0
11	467	0	0
12	467	0	0
13	465	0	0
14	458	0	0
15	464	0	0
16	471	0	0
17	466	0	0
18	470	0	0
19	474	0	0
20	474	0	0
21	463	0	0
22	451	0	0
23	456	0	0
24	465	0	0
25	466	0	0
26	460	0	0
27	467	0	0
28	469	0	0
29	464	0	0
30	461	0	0
31	457	0	0
32	455	0	0
33	450	0	0
34	463	0	0
35	462	0	0
36	455	0	0
37	462	0	0
38	459	0	0
39	458	0	0
40	450	0	0
41	461	0	0
42	464	0	0
43	466	0	0
44	469	0	0
45	469	0	0
46	465	0	0
47	464	0	0
48	457	0	0
49	462	0	0
50	472	0	0
51	486	2	0
52	489	0	0
53	466	0	0
54	473	0	0
55	462	0	0
56	460	0	0
57	461	0	0
58	454	0	0
59	454	0	0
60	460	0	0
61	455	0	0
62	460	0	0
63	468	0	0
64	462	0	0
65	461	0	0
66	459	0	0
67	463	0	0
68	472	0	0
69	465	0	0
70	465	0	0
71	469	0	0
72	474	0	0
73	468	0	0
74	467	0	0
75	462	0	0
76	462	0	0
77	459	0	0
78	462	0	0
79	465	0	0
80	461	0	0
81	465	0	0
82	462	0	0
83	460	0	0
84	467	0	0
85	465	0	0
86	470	0	0
87	464	0	0
88	455	0	0
89	459	0	0
90	472	0	0
91	464	0	0
92	457	0	0
93	461	0	0
94	464	0	0
95	464	0	0
96	468	0	0
97	459	0	0
98	460	0	0
99	452	0	0
100	460	14	0
101	483	1	0
102	459	0	0
103	437	0	0
104	438	0	0
105	454	0	0
106	450	0	0
107	452	0	0
108	460	0	0
109	464	0	0
110	460	0	0
111	458	0	0
112	460	0	0
113	461	0	0
114	455	0	0
115	453	0	0
116	459	0	0
117	454	0	0
118	451	0	0
119	448	0	0
120	456	0	0
121	457	0	0
122	446	0	0
123	458	0	0
124	455	0	0
125	445	0	0
126	461	0	0
127	456	0	0
128	458	0	0
129	460	0	0
130	453	0	0
131	453	0	0
132	447	0	0
133	459	0	0
134	444	0	0
135	460	0	0
136	456	0	0
137	461	0	0
138	450	0	0
139	445	0	0
140	447	0	0
141	449	0	0
142	448	0	0
143	451	0	0
144	452	0	0
145	458	0	0
146	459	0	0
147	454	0	0
148	451	0	0
149	454	0	0
150	446	0	0
151	470	8	0
152	454	0	0
153	461	0	0
154	465	0	0
155	458	0	0
156	455	0	0
157	455	0	0
158	458	0	0
159	458	0	0
160	447	0	0
161	457	0	0
162	456	0	0
163	455	0	0
164	458	0	0
165	447	0	0
166	455	0	0
167	462	0	0
168	466	0	0
169	454	0	0
170	453	0	0
171	466	0	0
172	461	0	0
173	455	0	0
174	459	0	0
175	471	0	0
176	467	0	0
177	467	0	0
178	455	0	0
179	457	0	0
180	451	0	0
181	450	0	0
182	454	0	0
183	457	0	0
184	455	0	0
185	458	0	0
186	454	0	0
187	446	0	0
188	447	0	0
189	466	0	0
190	461	0	0
191	454	0	0
192	446	0	0
193	456	0	0
194	459	0	0
195	457	0	0
196	454	0	0
197	449	0	0
198	457	0	0
199	461	0	0
200	457	3	0
201	475	1	0
202	448	0	0
203	450	0	0
204	452	0	0
205	458	0	0
206	452	0	0
207	456	0	0
208	443	0	0
209	446	0	0
210	452	0	0
211	445	0	0
212	439	0	0
213	448	0	0
214	452	0	0
215	453	0	0
216	455	0	0
217	459	0	0
218	451	0	0
219	443	0	0
220	445	0	0
221	446	0	0
222	455	0	0
223	454	0	0
224	449	0	0
225	442	0	0
226	449	0	0
227	440	0	0
228	448	0	0
229	439	0	0
230	457	0	0
231	455	0	0
232	445	0	0
233	445	0	0
234	433	0	0
235	437	0	0
236	456	0	0
237	450	0	0
238	450	0	0
239	447	0	0
240	448	0	0
241	443	0	0
242	443	0	0
243	449	0	0
244	447	0	0
245	451	0	0
246	455	0	0
247	449	0	0
248	443	0	0
249	444	0	0
250	455	41	0
251	474	12	0
252	455	0	0
253	436	0	0
254	443	0	0
255	441	0	0
256	456	0	0
257	457	0	0
258	450	0	0
259	443	0	0
260	441	0	0
261	449	0	0
262	448	0	0
263	448	0	0
264	439	0	0
265	435	0	0
266	445	0	0
267	443	0	0
268	441	0	0
269	425	0	0
270	440	0	0
271	449	0	0
272	442	0	0
273	444	0	0
274	442	0	0
275	443	0	0
276	429	0	0
277	443	0	0
278	442	0	0
279	438	0	0
280	443	0	0
281	437	0	0
282	424	0	0
283	437	0	0
284	450	0	0
285	431	0	0
286	436	0	0
287	436	0	0
288	428	0	0
289	440	0	0
290	425	0	0
291	441	0	0
292	442	0	0
293	424	0	0
294	420	0	0
295	432	0	0
296	438	0	0
297	449	0	0
298	449	0	0
299	444	0	0
300	446	8	0
301	470	10	0
302	451	0	0
303	438	0	0
304	430	0	0
305	442	0	0
306	441	0	0
307	425	0	0
308	442	0	0
309	433	0	0
310	427	0	0
311	432	0	0
312	432	0	0
313	432	0	0
314	442	0	0
315	440	0	0
316	443	0	0
317	444	0	0
318	441	0	0
319	450	0	0
320	436	0	0
321	437	0	0
322	422	0	0
323	422	0	0
324	432	0	0
325	431	0	0
326	430	0	0
327	442	0	0
328	430	0	0
329	423	0	0
330	433	0	0
331	432	0	0
332	456	0	0
333	446	0	0
334	419	0	0
335	435	0	0
336	433	0	0
337	435	0	0
338	439	0	0
339	424	0	0
340	423	0	0
341	414	0	0
342	413	0	0
343	406	0	0
344	425	0	0
345	434	0	0
346	444	0	0
347	442	0	0
348	424	0	0
349	426	0	0
350	437	2	0
351	460	12	0
352	435	0	0
353	407	0	0
354	427	0	0
355	418	0	0
356	410	0	0
357	418	0	0
358	412	0	0
359	426	0	0
360	424	0	0
361	421	0	0
362	430	0	0
363	420	0	0
364	425	0	0
365	427	0	0
366	429	0	0
367	436	0	0
368	443	0	0
369	438	0	0
370	448	0	0
371	429	0	0
372	427	0	0
373	418	0	0
374	418	0	0
375	429	0	0
376	424	0	0
377	424	0	0
378	428	0	0
379	435	0	0
380	423	0	0
381	434	0	0
382	438	0	0
383	428	0	0
384	428	0	0
385	422	0	0
386	418	0	0
387	426	0	0
388	426	0	0
389	424	0	0
390	422	0	0
391	434	0	0
392	408	0	0
393	424	0	0
394	420	0	0
395	435	0	0
396	427	0	0
397	426	0	0
398	424	0	0
399	430	0	0
400	436	51	1
401	467	1	0
402	430	0	0
403	412	0	0
404	419	0	0
405	412	0	0
406	415	0	0
407	408	0	0
408	409	0	0
409	419	0	0
410	412	0	0
411	422	0	0
412	429	0	0
413	427	0	0
414	421	0	0
415	427	0	0
416	420	0	0
417	432	0	0
418	422	0	0
419	417	0	0
420	414	0	0
421	421	0	0
422	429	0	0
423	420	0	0
424	430	0	0
425	422	0	0
426	419	0	0
427	417	0	0
428	393	0	0
429	413	0	0
430	408	0	0
431	414	0	0
432	415	0	0
433	408	0	0
434	422	0	0
435	417	0	0
436	427	0	0
437	433	0	0
438	428	0	0
439	419	0	0
440	428	0	0
441	422	0	0
442	427	0	0
443	403	0	0
444	399	0	0
445	416	0	0
446	421	0	0
447	432	0	0
448	414	0	0
449	411	0	0
450	428	3	0
451	441	3	0
452	420	0	0
453	420	0	0
454	411	0	0
455	400	0	0
456	403	0	0
457	410	0	0
458	414	0	0
459	414	0	0
460	411	0	0
461	409	0	0
462	417	0	0
463	410	0	0
464	388	0	0
465	403	0	0
466	392	0	0
467	403	0	0
468	411	0	0
469	413	0	0
470	392	0	0
471	415	0	0
472	412	0	0
473	411	0	0
474	401	0	0
475	413	0	0
476	416	0	0
477	420	0	0
478	421	0	0
479	427	0	0
480	420	0	0
481	436	0	0
482	431	0	0
483	405	0	0
484	421	0	0
485	420	0	0
486	427	0	0
487	425	0	0
488	412	0	0
489	411	0	0
490	421	0	0
491	410	0	0
492	413	0	0
493	420	0	0
494	412	0	0
495	399	0	0
496	409	0	0
497	415	0	0
498	419	0	0
499	408	0	0
500	427	0	0
501	428	0	0
502	404	0	0
503	408	0	0
504	407	0	0
505	409	0	0
506	410	0	0
507	409	0	0
508	409	0	0
509	410	0	0
510	414	0	0
511	410	0	0
512	404	0	0
513	404	0	0
514	412	0	0
515	404	0	0
516	411	0	0
517	403	0	0
518	407	0	0
519	414	0	0
520	406	0	0
521	411	0	0
522	419	0	0
523	412	0	0
524	403	0	0
525	409	0	0
526	398	0	0
527	394	0	0
528	427	0	0
529	411	0	0
530	401	0	0
531	392	0	0
532	405	0	0
533	397	0	0
534	407	0	0
535	406	0	0
536	397	0	0
537	401	0	0
538	410	0	0
539	403	0	0
540	400	0	0
541	409	0	0
542	412	0	0
543	404	0	0
544	394	0	0
545	399	0	0
546	408	0	0
547	407	0	0
548	415	0	0
549	414	0	0
550	432	0	0
551	442	47	1
552	405	0	0
553	396	0	0
554	413	0	0
555	416	0	0
556	397	0	0
557	420	0	0
558	401	0	0
559	412	0	0
560	413	0	0
561	408	0	0
562	406	0	0
563	411	0	0
564	400	0	0
565	406	0	0
566	401	0	0
567	407	0	0
568	409	0	0
569	405	0	0
570	380	0	0
571	399	0	0
572	412	0	0
573	406	0	0
574	408	0	0
575	412	0	0
576	395	0	0
577	402	0	0
578	401	0	0
579	404	0	0
580	401	0	0
581	413	0	0
582	383	0	0
583	390	0	0
584	402	0	0
585	393	0	0
586	394	0	0
587	389	0	0
588	396	0	0
589	385	0	0
590	385	0	0
591	386	0	0
592	402	0	0
593	403	0	0
594	402	0	0
595	407	0	0
596	404	0	0
597	407	0	0
598	406	0	0
599	403	0	0
600	418	90	1
601	423	1	0
602	395	0	0
603	391	0	0
604	407	0	0
605	390	0	0
606	390	0	0
607	401	0	0
608	401	0	0
609	400	0	0
610	404	0	0
611	403	0	0
612	393	0	0
613	402	0	0
614	408	0	0
615	389	0	0
616	407	0	0
617	393	0	0
618	391	0	0
619	399	0	0
620	392	0	0
621	394	0	0
622	387	0	0
623	385	0	0
624	394	0	0
625	418	0	0
626	397	0	0
627	400	0	0
628	406	0	0
629	408	0	0
630	399	0	0
631	392	0	0
632	386	0	0
633	408	0	0
634	403	0	0
635	400	0	0
636	396	0	0
637	400	0	0
638	407	0	0
639	404	0	0
640	408	0	0
641	399	0	0
642	400	0	0
643	405	0	0
644	394	0	0
645	393	0	0
646	390	0	0
647	391	0	0
648	398	0	0
649	390	0	0
650	398	14	2
651	410	4	0
652	415	0	0
653	396	0	0
654	369	0	0
655	387	0	0
656	391	0	0
657	386	0	0
658	378	0	0
659	379	0	0
660	384	0	0
661	391	0	0
662	392	0	0
663	394	0	0
664	386	0	0
665	381	0	0
666	390	0	0
667	385	0	0
668	389	0	0
669	392	0	0
670	397	0	0
671	391	0	0
672	392	0	0
673	391	0	0
674	384	0	0
675	385	0	0
676	389	0	0
677	400	0	0
678	374	0	0
679	380	0	0
680	393	0	0
681	380	0	0
682	401	0	0
683	391	0	0
684	403	0	0
685	390	0	0
686	390	0	0
687	375	0	0
688	373	0	0
689	378	0	0
690	394	0	0
691	396	0	0
692	393	0	0
693	390	0	0
694	395	0	0
695	388	0	0
696	389	0	0
697	378	0	0
698	389	0	0
699	388	0	0
700	411	56	3
701	419	14	1
702	412	0	0
703	397	0	0
704	392	0	0
705	404	0	0
706	375	0	0
707	383	0	0
708	376	0	0
709	397	0	0
710	391	0	0
711	396	0	0
712	393	0	0
713	394	0	0
714	377	0	0
715	373	0	0
716	408	0	0
717	381	0	0
718	370	0	0
719	368	0	0
720	379	0	0
721	385	0	0
722	382	0	0
723	381	0	0
724	374	0	0
725	375	0	0
726	376	0	0
727	399	0	0
728	381	0	0
729	387	0	0
730	380	0	0
731	379	0	0
732	381	0	0
733	371	0	0
734	396	0	0
735	396	0	0
736	388	0	0
737	377	0	0
738	392	0	0
739	395	0	0
740	397	0	0
741	393	0	0
742	396	0	0
743	374	0	0
744	378	0	0
745	392	0	0
746	381	0	0
747	386	0	0
748	388	0	0
749	389	0	0
750	400	8	1
751	400	32	0
752	375	0	0
753	383	0	0
754	394	0	0
755	394	0	0
756	383	0	0
757	401	0	0
758	386	0	0
759	387	0	0
760	399	0	0
761	388	0	0
762	397	0	0
763	390	0	0
764	373	0	0
765	365	0	0
766	373	0	0
767	381	0	0
768	363	0	0
769	398	0	0
770	388	0	0
771	383	0	0
772	385	0	0
773	392	0	0
774	389	0	0
775	389	0	0
776	379	0	0
777	382	0	0
778	373	0	0
779	380	0	0
780	368	0	0
781	375	0	0
782	376	0	0
783	394	0	0
784	379	0	0
785	390	0	0
786	376	0	0
787	380	0	0
788	370	0	0
789	381	0	0
790	404	0	0
791	398	0	0
792	400	0	0
793	370	0	0
794	382	0	0
795	385	0	0
796	366	0	0
797	373	0	0
798	388	0	0
799	393	0	0
800	397	0	0
801	395	31	6
802	373	2	0
803	378	0	0
804	375	0	0
805	372	0	0
806	373	0	0
807	385	0	0
808	374	0	0
809	377	0	0
810	374	0	0
811	386	0	0
812	395	0	0
813	378	0	0
814	380	0	0
815	378	0	0
816	364	0	0
817	385	0	0
818	392	0	0
819	383	0	0
820	385	0	0
821	387	0	0
822	378	0	0
823	387	0	0
824	395	0	0
825	378	0	0
826	385	0	0
827	381	0	0
828	374	0	0
829	379	0	0
830	387	0	0
831	391	0	0
832	392	0	0
833	392	0	0
834	393	0	0
835	389	0	0
836	398	0	0
837	387	0	0
838	384	0	0
839	379	0	0
840	375	0	0
841	381	0	0
842	373	0	0
843	379	0	0
844	378	0	0
845	374	0	0
846	377	0	0
847	368	0	0
848	373	0	0
849	388	0	0
850	373	1	0
851	400	1	0
852	384	0	0
853	366	0	0
854	366	0	0
855	383	0	0
856	393	0	0
857	385	0	0
858	383	0	0
859	365	0	0
860	365	0	0
861	389	0	0
862	381	0	0
863	368	0	0
864	368	0	0
865	368	0	0
866	379	0	0
867	377	0	0
868	377	0	0
869	371	0	0
870	376	0	0
871	369	0	0
872	382	0	0
873	368	0	0
874	375	0	0
875	371	0	0
876	382	0	0
877	375	0	0
878	360	0	0
879	372	0	0
880	358	0	0
881	393	0	0
882	394	0	0
883	387	0	0
884	385	0	0
885	372	0	0
886	376	0	0
887	367	0	0
888	383	0	0
889	367	0	0
890	382	0	0
891	372	0	0
892	366	0	0
893	385	0	0
894	387	0	0
895	387	0	0
896	372	0	0
897	358	0	0
898	367	0	0
899	374	0	0
900	380	50	6
901	383	1	0
902	378	0	0
903	369	0	0
904	378	0	0
905	377	0	0
906	360	0	0
907	369	0	0
908	374	0	0
909	372	0	0
910	364	0	0
911	383	0	0
912	381	0	0
913	373	0	0
914	372	0	0
915	388	0	0
916	382	0	0
917	383	0	0
918	388	0	0
919	375	0	0
920	363	0	0
921	379	0	0
922	372	0	0
923	371	0	0
924	363	0	0
925	368	0	0
926	377	0	0
927	368	0	0
928	374	0	0
929	355	0	0
930	366	0	0
931	369	0	0
932	380	0	0
933	381	0	0
934	376	0	0
935	388	0	0
936	372	0	0
937	368	0	0
938	371	0	0
939	366	0	0
940	364	0	0
941	381	0	0
942	378	0	0
943	358	0	0
944	362	0	0
945	370	0	0
946	369	0	0
947	378	0	0
948	384	0	0
949	384	0	0
950	383	24	9
951	388	7	1
952	374	0	0
953	366	0	0
954	365	0	0
955	381	0	0
956	380	0	0
957	373	0	0
958	375	0	0
959	373	0	0
960	370	0	0
961	383	0	0
962	369	0	0
963	362	0	0
964	379	0	0
965	378	0	0
966	383	0	0
967	373	0	0
968	383	0	0
969	384	0	0
970	367	0	0
971	379	0	0
972	355	0	0
973	362	0	0
974	361	0	0
975	374	0	0
976	381	0	0
977	367	0	0
978	374	0	0
979	377	0	0
980	361	0	0
981	362	0	0
982	380	0	0
983	365	0	0
984	371	0	0
985	378	0	0
986	364	0	0
987	376	0	0
988	362	0	0
989	376	0	0
990	365	0	0
991	348	0	0
992	368	0	0
993	380	0	0
994	364	0	0
995	385	0	0
996	369	0	0
997	371	0	0
998	378	0	0
999	372	0	0
