0	500	0	0
1	500	0	0
2	471	0	0
3	464	0	0
4	473	0	0
5	471	0	0
6	470	0	0
7	464	0	0
8	465	0	0
9	473	0	0
10	469	0	0
11	469	0	0
12	469	0	0
13	458	0	0
14	456	0	0
15	461	0	0
16	468	0	0
17	466	0	0
18	458	0	0
19	465	0	0
20	464	0	0
21	468	0	0
22	462	0	0
23	462	0	0
24	461	0	0
25	466	0	0
26	471	0	0
27	472	0	0
28	467	0	0
29	462	0	0
30	467	0	0
31	469	0	0
32	462	0	0
33	472	0	0
34	463	0	0
35	448	0	0
36	459	0	0
37	460	0	0
38	467	0	0
39	462	0	0
40	464	0	0
41	457	0	0
42	459	0	0
43	459	0	0
44	466	0	0
45	465	0	0
46	460	0	0
47	465	0	0
48	459	0	0
49	452	0	0
50	461	4	0
51	478	3	0
52	457	0	0
53	441	0	0
54	446	0	0
55	452	0	0
56	465	0	0
57	465	0	0
58	456	0	0
59	464	0	0
60	450	0	0
61	443	0	0
62	452	0	0
63	450	0	0
64	440	0	0
65	432	0	0
66	456	0	0
67	456	0	0
68	443	0	0
69	444	0	0
70	448	0	0
71	456	0	0
72	442	0	0
73	442	0	0
74	452	0	0
75	458	0	0
76	454	0	0
77	467	0	0
78	445	0	0
79	441	0	0
80	441	0	0
81	439	0	0
82	447	0	0
83	448	0	0
84	451	0	0
85	456	0	0
86	456	0	0
87	450	0	0
88	450	0	0
89	450	0	0
90	444	0	0
91	448	0	0
92	441	0	0
93	451	0	0
94	455	0	0
95	458	0	0
96	461	0	0
97	456	0	0
98	455	0	0
99	453	0	0
100	461	0	0
101	480	0	0
102	455	0	0
103	439	0	0
104	445	0	0
105	444	0	0
106	454	0	0
107	437	0	0
108	440	0	0
109	446	0	0
110	448	0	0
111	443	0	0
112	438	0	0
113	441	0	0
114	450	0	0
115	450	0	0
116	448	0	0
117	448	0	0
118	455	0	0
119	457	0	0
120	448	0	0
121	443	0	0
122	441	0	0
123	440	0	0
124	432	0	0
125	441	0	0
126	449	0	0
127	444	0	0
128	448	0	0
129	455	0	0
130	456	0	0
131	448	0	0
132	440	0	0
133	448	0	0
134	447	0	0
135	452	0	0
136	447	0	0
137	440	0	0
138	445	0	0
139	433	0	0
140	449	0	0
141	439	0	0
142	449	0	0
143	447	0	0
144	434	0	0
145	445	0	0
146	432	0	0
147	444	0	0
148	436	0	0
149	450	0	0
150	452	0	0
151	457	0	0
152	447	0	0
153	442	0	0
154	439	0	0
155	431	0	0
156	448	0	0
157	448	0	0
158	442	0	0
159	441	0	0
160	440	0	0
161	455	0	0
162	455	0	0
163	448	0	0
164	452	0	0
165	446	0	0
166	449	0	0
167	454	0	0
168	447	0	0
169	444	0	0
170	436	0	0
171	448	0	0
172	447	0	0
173	449	0	0
174	433	0	0
175	440	0	0
176	443	0	0
177	451	0	0
178	445	0	0
179	442	0	0
180	445	0	0
181	450	0	0
182	454	0	0
183	452	0	0
184	454	0	0
185	440	0	0
186	430	0	0
187	430	0	0
188	433	0	0
189	448	0	0
190	451	0	0
191	451	0	0
192	443	0	0
193	453	0	0
194	447	0	0
195	449	0	0
196	449	0	0
197	445	0	0
198	449	0	0
199	451	0	0
200	450	5	0
201	472	0	0
202	466	0	0
203	440	0	0
204	439	0	0
205	447	0	0
206	453	0	0
207	444	0	0
208	440	0	0
209	438	0	0
210	440	0	0
211	435	0	0
212	438	0	0
213	430	0	0
214	432	0	0
215	426	0	0
216	442	0	0
217	440	0	0
218	443	0	0
219	438	0	0
220	447	0	0
221	435	0	0
222	431	0	0
223	432	0	0
224	441	0	0
225	440	0	0
226	440	0	0
227	444	0	0
228	444	0	0
229	433	0	0
230	440	0	0
231	452	0	0
232	445	0	0
233	436	0	0
234	438	0	0
235	450	0	0
236	443	0	0
237	452	0	0
238	446	0	0
239	432	0	0
240	442	0	0
241	438	0	0
242	441	0	0
243	444	0	0
244	447	0	0
245	442	0	0
246	435	0	0
247	441	0	0
248	434	0	0
249	438	0	0
250	439	0	0
251	466	0	0
252	456	0	0
253	446	0	0
254	438	0	0
255	443	0	0
256	447	0	0
257	443	0	0
258	437	0	0
259	444	0	0
260	445	0	0
261	437	0	0
262	437	0	0
263	443	0	0
264	441	0	0
265	446	0	0
266	450	0	0
267	448	0	0
268	434	0	0
269	442	0	0
270	450	0	0
271	449	0	0
272	442	0	0
273	440	0	0
274	441	0	0
275	441	0	0
276	433	0	0
277	447	0	0
278	444	0	0
279	444	0	0
280	461	0	0
281	432	0	0
282	446	0	0
283	450	0	0
284	441	0	0
285	455	0	0
286	446	0	0
287	446	0	0
288	436	0	0
289	448	0	0
290	452	0	0
291	449	0	0
292	454	0	0
293	446	0	0
294	449	0	0
295	445	0	0
296	441	0	0
297	453	0	0
298	452	0	0
299	451	0	0
300	447	0	0
301	442	0	0
302	445	0	0
303	442	0	0
304	449	0	0
305	442	0	0
306	438	0	0
307	446	0	0
308	439	0	0
309	446	0	0
310	431	0	0
311	441	0	0
312	444	0	0
313	450	0	0
314	453	0	0
315	457	0	0
316	458	0	0
317	448	0	0
318	452	0	0
319	450	0	0
320	442	0	0
321	458	0	0
322	449	0	0
323	440	0	0
324	445	0	0
325	450	0	0
326	448	0	0
327	450	0	0
328	450	0	0
329	431	0	0
330	438	0	0
331	439	0	0
332	440	0	0
333	451	0	0
334	443	0	0
335	434	0	0
336	428	0	0
337	442	0	0
338	448	0	0
339	449	0	0
340	441	0	0
341	434	0	0
342	436	0	0
343	442	0	0
344	445	0	0
345	445	0	0
346	456	0	0
347	453	0	0
348	443	0	0
349	449	0	0
350	451	0	0
351	446	0	0
352	450	0	0
353	445	0	0
354	438	0	0
355	449	0	0
356	460	0	0
357	450	0	0
358	440	0	0
359	439	0	0
360	440	0	0
361	453	0	0
362	441	0	0
363	457	0	0
364	445	0	0
365	450	0	0
366	452	0	0
367	448	0	0
368	447	0	0
369	452	0	0
370	435	0	0
371	431	0	0
372	434	0	0
373	443	0	0
374	440	0	0
375	441	0	0
376	447	0	0
377	449	0	0
378	443	0	0
379	448	0	0
380	445	0	0
381	440	0	0
382	446	0	0
383	446	0	0
384	448	0	0
385	457	0	0
386	449	0	0
387	453	0	0
388	431	0	0
389	442	0	0
390	450	0	0
391	438	0	0
392	441	0	0
393	435	0	0
394	445	0	0
395	438	0	0
396	448	0	0
397	447	0	0
398	444	0	0
399	436	0	0
400	432	1	0
401	462	5	0
402	453	0	0
403	439	0	0
404	448	0	0
405	454	0	0
406	446	0	0
407	450	0	0
408	446	0	0
409	440	0	0
410	445	0	0
411	441	0	0
412	422	0	0
413	434	0	0
414	437	0	0
415	430	0	0
416	439	0	0
417	421	0	0
418	422	0	0
419	418	0	0
420	430	0	0
421	437	0	0
422	437	0	0
423	447	0	0
424	428	0	0
425	444	0	0
426	444	0	0
427	448	0	0
428	455	0	0
429	437	0	0
430	436	0	0
431	425	0	0
432	439	0	0
433	428	0	0
434	441	0	0
435	444	0	0
436	440	0	0
437	450	0	0
438	452	0	0
439	446	0	0
440	449	0	0
441	442	0	0
442	439	0	0
443	444	0	0
444	435	0	0
445	451	0	0
446	442	0	0
447	440	0	0
448	438	0	0
449	437	0	0
450	438	3	0
451	458	8	0
452	453	0	0
453	446	0	0
454	446	0	0
455	440	0	0
456	427	0	0
457	441	0	0
458	434	0	0
459	436	0	0
460	440	0	0
461	438	0	0
462	446	0	0
463	432	0	0
464	444	0	0
465	438	0	0
466	444	0	0
467	440	0	0
468	442	0	0
469	437	0	0
470	446	0	0
471	438	0	0
472	453	0	0
473	424	0	0
474	440	0	0
475	434	0	0
476	442	0	0
477	430	0	0
478	433	0	0
479	434	0	0
480	418	0	0
481	427	0	0
482	440	0	0
483	441	0	0
484	445	0	0
485	445	0	0
486	445	0	0
487	433	0	0
488	453	0	0
489	456	0	0
490	457	0	0
491	441	0	0
492	438	0	0
493	435	0	0
494	436	0	0
495	442	0	0
496	443	0	0
497	449	0	0
498	446	0	0
499	439	0	0
500	439	0	0
501	472	0	0
502	448	0	0
503	432	0	0
504	440	0	0
505	448	0	0
506	445	0	0
507	425	0	0
508	449	0	0
509	452	0	0
510	438	0	0
511	437	0	0
512	448	0	0
513	445	0	0
514	444	0	0
515	439	0	0
516	441	0	0
517	424	0	0
518	424	0	0
519	425	0	0
520	431	0	0
521	423	0	0
522	440	0	0
523	448	0	0
524	451	0	0
525	448	0	0
526	441	0	0
527	435	0	0
528	434	0	0
529	426	0	0
530	428	0	0
531	434	0	0
532	436	0	0
533	433	0	0
534	452	0	0
535	443	0	0
536	441	0	0
537	445	0	0
538	436	0	0
539	441	0	0
540	443	0	0
541	434	0	0
542	440	0	0
543	427	0	0
544	434	0	0
545	436	0	0
546	432	0	0
547	437	0	0
548	442	0	0
549	442	0	0
550	446	0	0
551	448	0	0
552	436	0	0
553	438	0	0
554	442	0	0
555	446	0	0
556	446	0	0
557	443	0	0
558	454	0	0
559	437	0	0
560	453	0	0
561	448	0	0
562	436	0	0
563	436	0	0
564	442	0	0
565	439	0	0
566	444	0	0
567	429	0	0
568	429	0	0
569	436	0	0
570	436	0	0
571	445	0	0
572	447	0	0
573	446	0	0
574	444	0	0
575	437	0	0
576	447	0	0
577	441	0	0
578	431	0	0
579	439	0	0
580	452	0	0
581	447	0	0
582	445	0	0
583	435	0	0
584	432	0	0
585	445	0	0
586	436	0	0
587	443	0	0
588	445	0	0
589	434	0	0
590	437	0	0
591	448	0	0
592	447	0	0
593	438	0	0
594	434	0	0
595	444	0	0
596	445	0	0
597	450	0	0
598	435	0	0
599	435	0	0
600	426	0	0
601	457	0	0
602	427	0	0
603	440	0	0
604	429	0	0
605	433	0	0
606	435	0	0
607	435	0	0
608	421	0	0
609	435	0	0
610	431	0	0
611	440	0	0
612	443	0	0
613	442	0	0
614	439	0	0
615	448	0	0
616	453	0	0
617	447	0	0
618	446	0	0
619	450	0	0
620	434	0	0
621	439	0	0
622	435	0	0
623	438	0	0
624	440	0	0
625	437	0	0
626	428	0	0
627	445	0	0
628	441	0	0
629	440	0	0
630	439	0	0
631	438	0	0
632	440	0	0
633	430	0	0
634	441	0	0
635	437	0	0
636	430	0	0
637	444	0	0
638	443	0	0
639	446	0	0
640	441	0	0
641	433	0	0
642	437	0	0
643	438	0	0
644	431	0	0
645	441	0	0
646	452	0	0
647	447	0	0
648	433	0	0
649	440	0	0
650	433	0	0
651	464	0	0
652	445	0	0
653	431	0	0
654	411	0	0
655	428	0	0
656	435	0	0
657	431	0	0
658	434	0	0
659	442	0	0
660	432	0	0
661	439	0	0
662	447	0	0
663	442	0	0
664	435	0	0
665	437	0	0
666	443	0	0
667	428	0	0
668	442	0	0
669	432	0	0
670	431	0	0
671	437	0	0
672	436	0	0
673	434	0	0
674	435	0	0
675	440	0	0
676	454	0	0
677	431	0	0
678	431	0	0
679	424	0	0
680	439	0	0
681	445	0	0
682	449	0	0
683	455	0	0
684	434	0	0
685	445	0	0
686	440	0	0
687	428	0	0
688	417	0	0
689	430	0	0
690	437	0	0
691	446	0	0
692	432	0	0
693	436	0	0
694	437	0	0
695	444	0	0
696	441	0	0
697	441	0	0
698	437	0	0
699	448	0	0
700	446	0	0
701	455	0	0
702	435	0	0
703	430	0	0
704	433	0	0
705	433	0	0
706	430	0	0
707	452	0	0
708	455	0	0
709	448	0	0
710	440	0	0
711	455	0	0
712	443	0	0
713	439	0	0
714	443	0	0
715	440	0	0
716	434	0	0
717	451	0	0
718	432	0	0
719	440	0	0
720	420	0	0
721	439	0	0
722	442	0	0
723	432	0	0
724	440	0	0
725	451	0	0
726	442	0	0
727	445	0	0
728	448	0	0
729	441	0	0
730	432	0	0
731	438	0	0
732	438	0	0
733	444	0	0
734	443	0	0
735	441	0	0
736	439	0	0
737	440	0	0
738	436	0	0
739	438	0	0
740	434	0	0
741	433	0	0
742	440	0	0
743	446	0	0
744	456	0	0
745	449	0	0
746	439	0	0
747	450	0	0
748	434	0	0
749	427	0	0
750	446	0	0
751	441	0	0
752	453	0	0
753	443	0	0
754	430	0	0
755	444	0	0
756	452	0	0
757	447	0	0
758	447	0	0
759	432	0	0
760	439	0	0
761	449	0	0
762	443	0	0
763	447	0	0
764	439	0	0
765	446	0	0
766	445	0	0
767	444	0	0
768	443	0	0
769	448	0	0
770	451	0	0
771	446	0	0
772	431	0	0
773	434	0	0
774	446	0	0
775	434	0	0
776	441	0	0
777	443	0	0
778	434	0	0
779	441	0	0
780	441	0	0
781	444	0	0
782	438	0	0
783	438	0	0
784	436	0	0
785	446	0	0
786	441	0	0
787	442	0	0
788	440	0	0
789	451	0	0
790	439	0	0
791	449	0	0
792	447	0	0
793	446	0	0
794	437	0	0
795	442	0	0
796	442	0	0
797	448	0	0
798	446	0	0
799	444	0	0
800	439	0	0
801	469	1	0
802	447	0	0
803	438	0	0
804	442	0	0
805	443	0	0
806	446	0	0
807	424	0	0
808	432	0	0
809	430	0	0
810	431	0	0
811	422	0	0
812	444	0	0
813	434	0	0
814	433	0	0
815	429	0	0
816	435	0	0
817	439	0	0
818	431	0	0
819	451	0	0
820	446	0	0
821	440	0	0
822	442	0	0
823	444	0	0
824	444	0	0
825	443	0	0
826	430	0	0
827	440	0	0
828	426	0	0
829	418	0	0
830	431	0	0
831	436	0	0
832	441	0	0
833	446	0	0
834	432	0	0
835	431	0	0
836	433	0	0
837	423	0	0
838	431	0	0
839	430	0	0
840	420	0	0
841	428	0	0
842	434	0	0
843	426	0	0
844	441	0	0
845	439	0	0
846	443	0	0
847	429	0	0
848	430	0	0
849	432	0	0
850	432	0	0
851	455	0	0
852	447	0	0
853	436	0	0
854	429	0	0
855	432	0	0
856	429	0	0
857	440	0	0
858	437	0	0
859	438	0	0
860	442	0	0
861	438	0	0
862	434	0	0
863	437	0	0
864	431	0	0
865	433	0	0
866	427	0	0
867	440	0	0
868	446	0	0
869	438	0	0
870	429	0	0
871	427	0	0
872	435	0	0
873	426	0	0
874	434	0	0
875	439	0	0
876	437	0	0
877	437	0	0
878	435	0	0
879	435	0	0
880	434	0	0
881	443	0	0
882	433	0	0
883	415	0	0
884	426	0	0
885	420	0	0
886	426	0	0
887	426	0	0
888	431	0	0
889	427	0	0
890	437	0	0
891	435	0	0
892	436	0	0
893	433	0	0
894	434	0	0
895	434	0	0
896	431	0	0
897	433	0	0
898	431	0	0
899	423	0	0
900	418	1	0
901	460	1	0
902	438	0	0
903	423	0	0
904	435	0	0
905	439	0	0
906	433	0	0
907	427	0	0
908	427	0	0
909	420	0	0
910	432	0	0
911	435	0	0
912	438	0	0
913	428	0	0
914	433	0	0
915	439	0	0
916	437	0	0
917	440	0	0
918	444	0	0
919	439	0	0
920	451	0	0
921	442	0	0
922	435	0	0
923	438	0	0
924	440	0	0
925	426	0	0
926	432	0	0
927	438	0	0
928	432	0	0
929	442	0	0
930	443	0	0
931	434	0	0
932	430	0	0
933	432	0	0
934	425	0	0
935	440	0	0
936	438	0	0
937	451	0	0
938	447	0	0
939	446	0	0
940	437	0	0
941	451	0	0
942	439	0	0
943	435	0	0
944	431	0	0
945	430	0	0
946	429	0	0
947	428	0	0
948	429	0	0
949	446	0	0
950	422	0	0
951	448	0	0
952	435	0	0
953	432	0	0
954	423	0	0
955	438	0	0
956	448	0	0
957	437	0	0
958	435	0	0
959	448	0	0
960	439	0	0
961	435	0	0
962	447	0	0
963	434	0	0
964	442	0	0
965	435	0	0
966	446	0	0
967	441	0	0
968	439	0	0
969	441	0	0
970	437	0	0
971	429	0	0
972	441	0	0
973	426	0	0
974	443	0	0
975	442	0	0
976	426	0	0
977	441	0	0
978	437	0	0
979	442	0	0
980	431	0	0
981	441	0	0
982	440	0	0
983	442	0	0
984	439	0	0
985	437	0	0
986	430	0	0
987	423	0	0
988	416	0	0
989	439	0	0
990	439	0	0
991	431	0	0
992	438	0	0
993	438	0	0
994	441	0	0
995	436	0	0
996	428	0	0
997	428	0	0
998	424	0	0
999	436	0	0
