0	2000	0	0
1	1985	0	0
2	1851	0	0
3	1842	0	0
4	1847	0	0
5	1856	0	0
6	1855	0	0
7	1860	0	0
8	1857	0	0
9	1859	0	0
10	1858	0	0
11	1855	0	0
12	1869	0	0
13	1865	0	0
14	1850	0	0
15	1840	0	0
16	1843	0	0
17	1822	0	0
18	1851	0	0
19	1860	0	0
20	1846	0	0
21	1856	0	0
22	1860	0	0
23	1846	0	0
24	1842	0	0
25	1838	0	0
26	1845	0	0
27	1848	0	0
28	1862	0	0
29	1862	0	0
30	1863	0	0
31	1867	0	0
32	1856	0	0
33	1840	0	0
34	1856	0	0
35	1872	0	0
36	1871	0	0
37	1850	0	0
38	1855	0	0
39	1861	0	0
40	1854	0	0
41	1852	0	0
42	1853	0	0
43	1847	0	0
44	1843	0	0
45	1839	0	0
46	1836	0	0
47	1839	0	0
48	1835	0	0
49	1834	0	0
50	1844	7	0
51	1930	3	0
52	1891	0	0
53	1837	0	0
54	1821	0	0
55	1813	0	0
56	1824	0	0
57	1807	0	0
58	1820	0	0
59	1812	0	0
60	1834	0	0
61	1817	0	0
62	1820	0	0
63	1834	0	0
64	1850	0	0
65	1829	0	0
66	1841	0	0
67	1822	0	0
68	1809	0	0
69	1809	0	0
70	1820	0	0
71	1818	0	0
72	1832	0	0
73	1825	0	0
74	1802	0	0
75	1806	0	0
76	1826	0	0
77	1840	0	0
78	1837	0	0
79	1818	0	0
80	1840	0	0
81	1846	0	0
82	1849	0	0
83	1865	0	0
84	1869	0	0
85	1839	0	0
86	1838	0	0
87	1822	0	0
88	1833	0	0
89	1844	0	0
90	1832	0	0
91	1831	0	0
92	1832	0	0
93	1841	0	0
94	1830	0	0
95	1826	0	0
96	1835	0	0
97	1823	0	0
98	1806	0	0
99	1826	0	0
100	1827	19	0
101	1904	3	0
102	1880	0	0
103	1836	0	0
104	1822	0	0
105	1832	0	0
106	1843	0	0
107	1829	0	0
108	1813	0	0
109	1835	0	0
110	1842	0	0
111	1825	0	0
112	1817	0	0
113	1818	0	0
114	1827	0	0
115	1828	0	0
116	1824	0	0
117	1807	0	0
118	1805	0	0
119	1807	0	0
120	1815	0	0
121	1835	0	0
122	1835	0	0
123	1822	0	0
124	1822	0	0
125	1813	0	0
126	1808	0	0
127	1838	0	0
128	1843	0	0
129	1827	0	0
130	1831	0	0
131	1826	0	0
132	1816	0	0
133	1832	0	0
134	1828	0	0
135	1838	0	0
136	1838	0	0
137	1834	0	0
138	1824	0	0
139	1831	0	0
140	1837	0	0
141	1831	0	0
142	1826	0	0
143	1794	0	0
144	1813	0	0
145	1819	0	0
146	1826	0	0
147	1832	0	0
148	1843	0	0
149	1833	0	0
150	1809	4	0
151	1906	12	0
152	1870	0	0
153	1818	0	0
154	1830	0	0
155	1839	0	0
156	1827	0	0
157	1827	0	0
158	1826	0	0
159	1818	0	0
160	1825	0	0
161	1811	0	0
162	1798	0	0
163	1805	0	0
164	1815	0	0
165	1804	0	0
166	1792	0	0
167	1808	0	0
168	1815	0	0
169	1822	0	0
170	1811	0	0
171	1803	0	0
172	1804	0	0
173	1800	0	0
174	1776	0	0
175	1802	0	0
176	1791	0	0
177	1805	0	0
178	1787	0	0
179	1795	0	0
180	1789	0	0
181	1792	0	0
182	1805	0	0
183	1816	0	0
184	1808	0	0
185	1809	0	0
186	1814	0	0
187	1806	0	0
188	1804	0	0
189	1804	0	0
190	1801	0	0
191	1779	0	0
192	1801	0	0
193	1774	0	0
194	1792	0	0
195	1794	0	0
196	1798	0	0
197	1801	0	0
198	1824	0	0
199	1819	0	0
200	1813	2	0
201	1912	2	0
202	1829	0	0
203	1781	0	0
204	1814	0	0
205	1824	0	0
206	1815	0	0
207	1819	0	0
208	1817	0	0
209	1806	0	0
210	1802	0	0
211	1818	0	0
212	1811	0	0
213	1797	0	0
214	1811	0	0
215	1791	0	0
216	1779	0	0
217	1782	0	0
218	1776	0	0
219	1797	0	0
220	1832	0	0
221	1814	0	0
222	1816	0	0
223	1794	0	0
224	1808	0	0
225	1802	0	0
226	1794	0	0
227	1795	0	0
228	1810	0	0
229	1808	0	0
230	1811	0	0
231	1818	0	0
232	1830	0	0
233	1817	0	0
234	1806	0	0
235	1787	0	0
236	1797	0	0
237	1768	0	0
238	1802	0	0
239	1800	0	0
240	1783	0	0
241	1800	0	0
242	1802	0	0
243	1806	0	0
244	1797	0	0
245	1788	0	0
246	1790	0	0
247	1791	0	0
248	1799	0	0
249	1790	0	0
250	1784	0	0
251	1889	35	0
252	1832	0	0
253	1821	0	0
254	1777	0	0
255	1791	0	0
256	1792	0	0
257	1766	0	0
258	1803	0	0
259	1796	0	0
260	1779	0	0
261	1770	0	0
262	1776	0	0
263	1773	0	0
264	1796	0	0
265	1791	0	0
266	1800	0	0
267	1761	0	0
268	1764	0	0
269	1732	0	0
270	1760	0	0
271	1785	0	0
272	1772	0	0
273	1764	0	0
274	1753	0	0
275	1757	0	0
276	1775	0	0
277	1778	0	0
278	1790	0	0
279	1778	0	0
280	1771	0	0
281	1792	0	0
282	1770	0	0
283	1767	0	0
284	1765	0	0
285	1751	0	0
286	1759	0	0
287	1778	0	0
288	1786	0	0
289	1785	0	0
290	1782	0	0
291	1779	0	0
292	1778	0	0
293	1764	0	0
294	1784	0	0
295	1787	0	0
296	1777	0	0
297	1790	0	0
298	1780	0	0
299	1760	0	0
300	1774	25	0
301	1876	89	9
302	1736	1	0
303	1754	0	0
304	1757	0	0
305	1770	0	0
306	1795	0	0
307	1775	0	0
308	1741	0	0
309	1773	0	0
310	1788	0	0
311	1772	0	0
312	1753	0	0
313	1755	0	0
314	1773	0	0
315	1772	0	0
316	1763	0	0
317	1770	0	0
318	1791	0	0
319	1790	0	0
320	1791	0	0
321	1751	0	0
322	1786	0	0
323	1783	0	0
324	1778	0	0
325	1770	0	0
326	1780	0	0
327	1769	0	0
328	1766	0	0
329	1766	0	0
330	1764	0	0
331	1769	0	0
332	1771	0	0
333	1779	0	0
334	1787	0	0
335	1792	0	0
336	1792	0	0
337	1800	0	0
338	1765	0	0
339	1779	0	0
340	1772	0	0
341	1772	0	0
342	1775	0	0
343	1766	0	0
344	1742	0	0
345	1753	0	0
346	1749	0	0
347	1749	0	0
348	1780	0	0
349	1789	0	0
350	1773	6	0
351	1887	11	0
352	1790	0	0
353	1757	0	0
354	1737	0	0
355	1756	0	0
356	1754	0	0
357	1736	0	0
358	1745	0	0
359	1749	0	0
360	1760	0	0
361	1764	0	0
362	1762	0	0
363	1726	0	0
364	1730	0	0
365	1736	0	0
366	1732	0	0
367	1724	0	0
368	1731	0	0
369	1719	0	0
370	1754	0	0
371	1755	0	0
372	1753	0	0
373	1754	0	0
374	1727	0	0
375	1761	0	0
376	1735	0	0
377	1747	0	0
378	1759	0	0
379	1748	0	0
380	1742	0	0
381	1758	0	0
382	1744	0	0
383	1736	0	0
384	1748	0	0
385	1741	0	0
386	1744	0	0
387	1734	0	0
388	1733	0	0
389	1724	0	0
390	1771	0	0
391	1735	0	0
392	1756	0	0
393	1736	0	0
394	1755	0	0
395	1722	0	0
396	1741	0	0
397	1730	0	0
398	1710	0	0
399	1740	0	0
400	1720	11	0
401	1843	3	0
402	1736	0	0
403	1719	0	0
404	1702	0	0
405	1735	0	0
406	1707	0	0
407	1746	0	0
408	1711	0	0
409	1712	0	0
410	1713	0	0
411	1723	0	0
412	1753	0	0
413	1739	0	0
414	1724	0	0
415	1730	0	0
416	1737	0	0
417	1732	0	0
418	1744	0	0
419	1706	0	0
420	1712	0	0
421	1740	0	0
422	1736	0	0
423	1726	0	0
424	1728	0	0
425	1691	0	0
426	1707	0	0
427	1710	0	0
428	1702	0	0
429	1708	0	0
430	1719	0	0
431	1688	0	0
432	1699	0	0
433	1708	0	0
434	1704	0	0
435	1716	0	0
436	1742	0	0
437	1731	0	0
438	1736	0	0
439	1699	0	0
440	1722	0	0
441	1735	0	0
442	1724	0	0
443	1720	0	0
444	1717	0	0
445	1719	0	0
446	1727	0	0
447	1721	0	0
448	1690	0	0
449	1700	0	0
450	1708	5	0
451	1841	1	0
452	1723	0	0
453	1735	0	0
454	1724	0	0
455	1670	0	0
456	1693	0	0
457	1706	0	0
458	1701	0	0
459	1682	0	0
460	1719	0	0
461	1721	0	0
462	1706	0	0
463	1713	0	0
464	1730	0	0
465	1682	0	0
466	1700	0	0
467	1664	0	0
468	1701	0	0
469	1688	0	0
470	1687	0	0
471	1704	0	0
472	1699	0	0
473	1686	0	0
474	1679	0	0
475	1674	0	0
476	1698	0	0
477	1694	0	0
478	1689	0	0
479	1670	0	0
480	1653	0	0
481	1677	0	0
482	1675	0	0
483	1686	0	0
484	1688	0	0
485	1684	0	0
486	1702	0	0
487	1701	0	0
488	1698	0	0
489	1682	0	0
490	1677	0	0
491	1690	0	0
492	1709	0	0
493	1718	0	0
494	1685	0	0
495	1675	0	0
496	1669	0	0
497	1682	0	0
498	1666	0	0
499	1644	0	0
500	1696	4	0
501	1785	4	0
502	1671	0	0
503	1652	0	0
504	1662	0	0
505	1670	0	0
506	1674	0	0
507	1652	0	0
508	1663	0	0
509	1666	0	0
510	1672	0	0
511	1681	0	0
512	1657	0	0
513	1655	0	0
514	1682	0	0
515	1642	0	0
516	1644	0	0
517	1659	0	0
518	1671	0	0
519	1677	0	0
520	1653	0	0
521	1641	0	0
522	1660	0	0
523	1665	0	0
524	1637	0	0
525	1668	0	0
526	1665	0	0
527	1655	0	0
528	1679	0	0
529	1650	0	0
530	1644	0	0
531	1658	0	0
532	1662	0	0
533	1635	0	0
534	1684	0	0
535	1677	0	0
536	1699	0	0
537	1674	0	0
538	1653	0	0
539	1625	0	0
540	1644	0	0
541	1616	0	0
542	1681	0	0
543	1658	0	0
544	1656	0	0
545	1646	0	0
546	1627	0	0
547	1646	0	0
548	1657	0	0
549	1628	0	0
550	1662	40	0
551	1730	1	0
552	1660	0	0
553	1647	0	0
554	1647	0	0
555	1630	0	0
556	1641	0	0
557	1645	0	0
558	1646	0	0
559	1651	0	0
560	1613	0	0
561	1639	0	0
562	1621	0	0
563	1610	0	0
564	1615	0	0
565	1606	0	0
566	1666	0	0
567	1641	0	0
568	1660	0	0
569	1654	0	0
570	1643	0	0
571	1613	0	0
572	1606	0	0
573	1623	0	0
574	1625	0	0
575	1632	0	0
576	1615	0	0
577	1630	0	0
578	1627	0	0
579	1640	0	0
580	1628	0	0
581	1623	0	0
582	1622	0	0
583	1637	0	0
584	1627	0	0
585	1603	0	0
586	1632	0	0
587	1600	0	0
588	1618	0	0
589	1591	0	0
590	1598	0	0
591	1596	0	0
592	1597	0	0
593	1591	0	0
594	1607	0	0
595	1604	0	0
596	1615	0	0
597	1652	0	0
598	1649	0	0
599	1600	0	0
600	1625	2	0
601	1691	5	0
602	1642	0	0
603	1590	0	0
604	1608	0	0
605	1587	0	0
606	1583	0	0
607	1614	0	0
608	1621	0	0
609	1600	0	0
610	1605	0	0
611	1600	0	0
612	1595	0	0
613	1605	0	0
614	1573	0	0
615	1608	0	0
616	1605	0	0
617	1635	0	0
618	1566	0	0
619	1574	0	0
620	1618	0	0
621	1588	0	0
622	1552	0	0
623	1597	0	0
624	1605	0	0
625	1591	0	0
626	1609	0	0
627	1624	0	0
628	1600	0	0
629	1583	0	0
630	1581	0	0
631	1579	0	0
632	1617	0	0
633	1584	0	0
634	1581	0	0
635	1614	0	0
636	1582	0	0
637	1612	0	0
638	1575	0	0
639	1595	0	0
640	1585	0	0
641	1590	0	0
642	1596	0	0
643	1604	0	0
644	1592	0	0
645	1631	0	0
646	1591	0	0
647	1591	0	0
648	1594	0	0
649	1614	0	0
650	1574	0	0
651	1649	28	0
652	1582	0	0
653	1607	0	0
654	1598	0	0
655	1593	0	0
656	1586	0	0
657	1594	0	0
658	1587	0	0
659	1590	0	0
660	1590	0	0
661	1533	0	0
662	1595	0	0
663	1600	0	0
664	1606	0	0
665	1567	0	0
666	1583	0	0
667	1590	0	0
668	1576	0	0
669	1598	0	0
670	1562	0	0
671	1570	0	0
672	1547	0	0
673	1561	0	0
674	1542	0	0
675	1552	0	0
676	1542	0	0
677	1549	0	0
678	1560	0	0
679	1561	0	0
680	1554	0	0
681	1567	0	0
682	1575	0	0
683	1579	0	0
684	1584	0	0
685	1609	0	0
686	1583	0	0
687	1585	0	0
688	1579	0	0
689	1596	0	0
690	1582	0	0
691	1547	0	0
692	1553	0	0
693	1559	0	0
694	1559	0	0
695	1565	0	0
696	1576	0	0
697	1551	0	0
698	1508	0	0
699	1520	0	0
700	1532	8	0
701	1624	17	0
702	1512	0	0
703	1576	0	0
704	1555	0	0
705	1546	0	0
706	1530	0	0
707	1533	0	0
708	1510	0	0
709	1533	0	0
710	1586	0	0
711	1571	0	0
712	1566	0	0
713	1547	0	0
714	1540	0	0
715	1574	0	0
716	1548	0	0
717	1556	0	0
718	1513	0	0
719	1530	0	0
720	1543	0	0
721	1564	0	0
722	1541	0	0
723	1552	0	0
724	1570	0	0
725	1554	0	0
726	1535	0	0
727	1552	0	0
728	1520	0	0
729	1559	0	0
730	1537	0	0
731	1571	0	0
732	1575	0	0
733	1550	0	0
734	1561	0	0
735	1538	0	0
736	1559	0	0
737	1534	0	0
738	1529	0	0
739	1510	0	0
740	1549	0	0
741	1545	0	0
742	1555	0	0
743	1496	0	0
744	1542	0	0
745	1548	0	0
746	1571	0	0
747	1575	0	0
748	1547	0	0
749	1539	0	0
750	1588	109	2
751	1618	2	0
752	1537	0	0
753	1518	0	0
754	1541	0	0
755	1533	0	0
756	1522	0	0
757	1550	0	0
758	1555	0	0
759	1546	0	0
760	1536	0	0
761	1518	0	0
762	1534	0	0
763	1550	0	0
764	1546	0	0
765	1562	0	0
766	1532	0	0
767	1560	0	0
768	1542	0	0
769	1515	0	0
770	1556	0	0
771	1528	0	0
772	1523	0	0
773	1554	0	0
774	1578	0	0
775	1551	0	0
776	1537	0	0
777	1555	0	0
778	1550	0	0
779	1564	0	0
780	1559	0	0
781	1547	0	0
782	1551	0	0
783	1537	0	0
784	1547	0	0
785	1527	0	0
786	1539	0	0
787	1542	0	0
788	1538	0	0
789	1536	0	0
790	1554	0	0
791	1559	0	0
792	1549	0	0
793	1497	0	0
794	1516	0	0
795	1555	0	0
796	1529	0	0
797	1561	0	0
798	1555	0	0
799	1568	0	0
800	1535	7	0
801	1607	7	0
802	1505	0	0
803	1522	0	0
804	1513	0	0
805	1507	0	0
806	1540	0	0
807	1562	0	0
808	1542	0	0
809	1519	0	0
810	1552	0	0
811	1545	0	0
812	1542	0	0
813	1541	0	0
814	1533	0	0
815	1534	0	0
816	1528	0	0
817	1465	0	0
818	1515	0	0
819	1523	0	0
820	1505	0	0
821	1512	0	0
822	1524	0	0
823	1518	0	0
824	1550	0	0
825	1535	0	0
826	1510	0	0
827	1538	0	0
828	1518	0	0
829	1498	0	0
830	1545	0	0
831	1532	0	0
832	1496	0	0
833	1535	0	0
834	1511	0	0
835	1527	0	0
836	1539	0	0
837	1510	0	0
838	1520	0	0
839	1529	0	0
840	1517	0	0
841	1539	0	0
842	1518	0	0
843	1513	0	0
844	1485	0	0
845	1491	0	0
846	1507	0	0
847	1545	0	0
848	1535	0	0
849	1519	0	0
850	1544	143	0
851	1590	3	0
852	1530	0	0
853	1490	0	0
854	1528	0	0
855	1453	0	0
856	1523	0	0
857	1519	0	0
858	1539	0	0
859	1491	0	0
860	1517	0	0
861	1501	0	0
862	1505	0	0
863	1498	0	0
864	1521	0	0
865	1519	0	0
866	1457	0	0
867	1507	0	0
868	1527	0	0
869	1512	0	0
870	1497	0	0
871	1530	0	0
872	1520	0	0
873	1510	0	0
874	1482	0	0
875	1460	0	0
876	1501	0	0
877	1502	0	0
878	1499	0	0
879	1500	0	0
880	1502	0	0
881	1523	0	0
882	1500	0	0
883	1510	0	0
884	1510	0	0
885	1486	0	0
886	1503	0	0
887	1512	0	0
888	1502	0	0
889	1515	0	0
890	1500	0	0
891	1475	0	0
892	1486	0	0
893	1520	0	0
894	1497	0	0
895	1489	0	0
896	1544	0	0
897	1499	0	0
898	1539	0	0
899	1475	0	0
900	1479	51	0
901	1547	1	0
902	1495	0	0
903	1484	0	0
904	1509	0	0
905	1525	0	0
906	1505	0	0
907	1550	0	0
908	1482	0	0
909	1503	0	0
910	1526	0	0
911	1511	0	0
912	1491	0	0
913	1517	0	0
914	1490	0	0
915	1527	0	0
916	1480	0	0
917	1510	0	0
918	1501	0	0
919	1469	0	0
920	1512	0	0
921	1489	0	0
922	1462	0	0
923	1464	0	0
924	1511	0	0
925	1492	0	0
926	1505	0	0
927	1534	0	0
928	1540	0	0
929	1490	0	0
930	1505	0	0
931	1477	0	0
932	1510	0	0
933	1517	0	0
934	1501	0	0
935	1496	0	0
936	1504	0	0
937	1516	0	0
938	1510	0	0
939	1470	0	0
940	1485	0	0
941	1506	0	0
942	1507	0	0
943	1484	0	0
944	1485	0	0
945	1549	0	0
946	1495	0	0
947	1512	0	0
948	1446	0	0
949	1475	0	0
950	1510	40	6
951	1552	21	0
952	1503	0	0
953	1487	0	0
954	1489	0	0
955	1487	0	0
956	1498	0	0
957	1501	0	0
958	1484	0	0
959	1516	0	0
960	1498	0	0
961	1473	0	0
962	1512	0	0
963	1483	0	0
964	1535	0	0
965	1491	0	0
966	1498	0	0
967	1497	0	0
968	1515	0	0
969	1516	0	0
970	1484	0	0
971	1495	0	0
972	1438	0	0
973	1491	0	0
974	1514	0	0
975	1508	0	0
976	1485	0	0
977	1503	0	0
978	1522	0	0
979	1491	0	0
980	1488	0	0
981	1504	0	0
982	1479	0	0
983	1481	0	0
984	1483	0	0
985	1478	0	0
986	1471	0	0
987	1500	0	0
988	1489	0	0
989	1521	0	0
990	1493	0	0
991	1500	0	0
992	1515	0	0
993	1511	0	0
994	1476	0	0
995	1498	0	0
996	1499	0	0
997	1480	0	0
998	1498	0	0
999	1482	0	0
