0	500	0	0
1	430	75	75
2	449	0	0
3	460	0	0
4	452	0	0
5	456	0	0
6	454	0	0
7	449	0	0
8	464	0	0
9	466	0	0
10	464	0	0
11	456	0	0
12	454	0	0
13	457	0	0
14	447	0	0
15	448	0	0
16	448	0	0
17	459	0	0
18	470	0	0
19	470	0	0
20	460	0	0
21	458	0	0
22	466	0	0
23	463	0	0
24	467	0	0
25	467	0	0
26	472	0	0
27	460	0	0
28	454	0	0
29	453	0	0
30	448	0	0
31	455	0	0
32	464	0	0
33	461	0	0
34	473	0	0
35	474	0	0
36	461	0	0
37	456	0	0
38	460	0	0
39	466	0	0
40	468	0	0
41	469	0	0
42	465	0	0
43	458	0	0
44	457	0	0
45	457	0	0
46	457	0	0
47	461	0	0
48	468	0	0
49	462	0	0
50	482	157	0
51	491	11	0
52	475	0	0
53	449	0	0
54	445	0	0
55	446	0	0
56	446	0	0
57	444	0	0
58	458	0	0
59	455	0	0
60	457	0	0
61	448	0	0
62	456	0	0
63	458	0	0
64	460	0	0
65	464	0	0
66	458	0	0
67	461	0	0
68	449	0	0
69	457	0	0
70	452	0	0
71	459	0	0
72	455	0	0
73	456	0	0
74	452	0	0
75	452	0	0
76	454	0	0
77	453	0	0
78	462	0	0
79	459	0	0
80	454	0	0
81	455	0	0
82	448	0	0
83	454	0	0
84	457	0	0
85	446	0	0
86	458	0	0
87	455	0	0
88	445	0	0
89	452	0	0
90	451	0	0
91	452	0	0
92	467	0	0
93	456	0	0
94	449	0	0
95	451	0	0
96	452	0	0
97	453	0	0
98	453	0	0
99	460	0	0
100	484	145	0
101	494	1	0
102	476	0	0
103	432	0	0
104	437	0	0
105	438	0	0
106	442	0	0
107	436	0	0
108	436	0	0
109	437	0	0
110	444	0	0
111	447	0	0
112	431	0	0
113	437	0	0
114	434	0	0
115	428	0	0
116	430	0	0
117	432	0	0
118	443	0	0
119	455	0	0
120	458	0	0
121	455	0	0
122	455	0	0
123	442	0	0
124	443	0	0
125	435	0	0
126	448	0	0
127	451	0	0
128	446	0	0
129	441	0	0
130	454	0	0
131	447	0	0
132	448	0	0
133	441	0	0
134	456	0	0
135	449	0	0
136	445	0	0
137	440	0	0
138	446	0	0
139	450	0	0
140	464	0	0
141	442	0	0
142	455	0	0
143	457	0	0
144	451	0	0
145	452	0	0
146	440	0	0
147	440	0	0
148	443	0	0
149	439	0	0
150	478	138	0
151	488	17	0
152	473	0	0
153	436	0	0
154	452	0	0
155	440	0	0
156	449	0	0
157	444	0	0
158	441	0	0
159	443	0	0
160	442	0	0
161	429	0	0
162	437	0	0
163	426	0	0
164	436	0	0
165	452	0	0
166	447	0	0
167	444	0	0
168	438	0	0
169	433	0	0
170	430	0	0
171	432	0	0
172	436	0	0
173	442	0	0
174	447	0	0
175	444	0	0
176	439	0	0
177	433	0	0
178	436	0	0
179	441	0	0
180	440	0	0
181	442	0	0
182	450	0	0
183	444	0	0
184	447	0	0
185	448	0	0
186	443	0	0
187	455	0	0
188	439	0	0
189	449	0	0
190	449	0	0
191	443	0	0
192	439	0	0
193	441	0	0
194	437	0	0
195	444	0	0
196	431	0	0
197	440	0	0
198	432	0	0
199	430	0	0
200	468	129	0
201	486	15	0
202	452	0	0
203	433	0	0
204	431	0	0
205	429	0	0
206	422	0	0
207	440	0	0
208	428	0	0
209	435	0	0
210	417	0	0
211	432	0	0
212	436	0	0
213	433	0	0
214	424	1	0
215	423	0	0
216	434	0	0
217	441	0	0
218	444	0	0
219	447	0	0
220	443	2	0
221	440	0	0
222	434	0	0
223	439	0	0
224	442	0	0
225	441	0	0
226	434	0	0
227	438	0	0
228	431	0	0
229	428	0	0
230	417	0	0
231	421	0	0
232	443	0	0
233	437	0	0
234	446	0	0
235	438	20	0
236	443	11	0
237	430	0	0
238	422	0	0
239	428	0	0
240	421	0	0
241	429	0	0
242	422	0	0
243	429	0	0
244	430	0	0
245	440	0	0
246	430	0	0
247	435	0	0
248	432	1	0
249	444	0	0
250	419	0	0
251	453	1	0
252	435	0	0
253	439	0	0
254	437	0	0
255	425	0	0
256	432	0	0
257	442	13	0
258	439	64	2
259	441	0	0
260	417	0	0
261	429	0	0
262	430	0	0
263	434	0	0
264	423	0	0
265	423	0	0
266	429	0	0
267	419	0	0
268	415	0	0
269	411	0	0
270	404	0	0
271	400	0	0
272	420	0	0
273	408	0	0
274	425	0	0
275	428	1	0
276	428	0	0
277	425	0	0
278	439	0	0
279	425	0	0
280	425	0	0
281	419	0	0
282	424	0	0
283	431	0	0
284	427	0	0
285	422	0	0
286	422	0	0
287	426	0	0
288	424	0	0
289	405	0	0
290	429	0	0
291	418	0	0
292	422	0	0
293	428	0	0
294	436	0	0
295	427	7	0
296	434	13	0
297	428	0	0
298	426	3	0
299	412	1	0
300	470	151	1
301	456	173	40
302	438	0	0
303	434	0	0
304	420	0	0
305	411	0	0
306	414	0	0
307	406	0	0
308	411	0	0
309	418	0	0
310	419	0	0
311	414	0	0
312	427	0	0
313	420	0	0
314	413	0	0
315	418	0	0
316	422	0	0
317	431	0	0
318	429	0	0
319	415	0	0
320	426	0	0
321	419	0	0
322	422	1	0
323	424	7	0
324	433	0	0
325	423	0	0
326	426	12	0
327	422	30	3
328	419	0	0
329	409	0	0
330	420	0	0
331	431	0	0
332	426	0	0
333	426	0	0
334	414	0	0
335	410	24	0
336	421	25	0
337	422	0	0
338	423	0	0
339	405	0	0
340	403	0	0
341	410	0	0
342	413	0	0
343	421	0	0
344	420	0	0
345	437	0	0
346	431	3	0
347	414	12	0
348	422	0	0
349	426	0	0
350	474	151	3
351	477	2	0
352	412	0	0
353	405	0	0
354	402	0	0
355	424	14	1
356	417	1	0
357	424	0	0
358	417	0	0
359	422	0	0
360	405	48	3
361	410	23	0
362	429	7	1
363	411	0	0
364	419	0	0
365	391	0	0
366	408	0	0
367	412	0	0
368	412	0	0
369	421	0	0
370	416	0	0
371	419	0	0
372	400	0	0
373	421	0	0
374	394	0	0
375	406	0	0
376	402	0	0
377	404	0	0
378	407	0	0
379	416	0	0
380	419	0	0
381	398	0	0
382	421	0	0
383	408	0	0
384	411	0	0
385	425	0	0
386	406	0	0
387	396	0	0
388	397	11	0
389	412	0	0
390	417	0	0
391	400	0	0
392	407	0	0
393	410	0	0
394	403	0	0
395	406	8	0
396	393	0	0
397	398	0	0
398	403	0	0
399	396	0	0
400	451	132	6
401	454	97	21
402	439	0	0
403	420	0	0
404	415	0	0
405	404	0	0
406	396	0	0
407	390	0	0
408	394	0	0
409	396	0	0
410	393	0	0
411	393	32	3
412	411	14	2
413	401	0	0
414	405	0	0
415	407	0	0
416	426	0	0
417	413	0	0
418	405	0	0
419	384	0	0
420	420	8	0
421	404	0	0
422	408	0	0
423	402	0	0
424	407	0	0
425	411	0	0
426	412	0	0
427	410	0	0
428	399	0	0
429	398	0	0
430	404	0	0
431	404	0	0
432	409	25	0
433	417	5	0
434	422	23	0
435	407	2	0
436	428	3	0
437	414	14	1
438	404	0	0
439	417	0	0
440	405	0	0
441	407	0	0
442	394	7	0
443	398	0	0
444	391	0	0
445	393	25	1
446	408	9	0
447	403	12	0
448	410	24	3
449	402	0	0
450	455	144	13
451	452	1	0
452	419	0	0
453	410	0	0
454	397	0	0
455	397	0	0
456	400	0	0
457	392	0	0
458	392	0	0
459	397	0	0
460	399	0	0
461	404	30	1
462	412	0	0
463	403	0	0
464	401	1	0
465	390	0	0
466	399	0	0
467	390	1	0
468	397	3	0
469	400	0	0
470	404	0	0
471	381	0	0
472	401	0	0
473	405	0	0
474	391	0	0
475	374	0	0
476	388	0	0
477	402	0	0
478	399	0	0
479	400	0	0
480	400	28	1
481	409	7	0
482	401	13	0
483	420	0	0
484	408	0	0
485	393	0	0
486	391	13	0
487	400	5	0
488	407	0	0
489	385	3	1
490	391	0	0
491	388	0	0
492	393	0	0
493	388	0	0
494	389	12	0
495	397	22	1
496	393	27	1
497	406	1	0
498	407	0	0
499	392	0	0
500	442	121	12
501	417	3	0
502	389	0	0
503	374	0	0
504	388	0	0
505	383	9	1
506	391	21	4
507	398	0	0
508	391	0	0
509	387	0	0
510	382	0	0
511	390	0	0
512	398	7	0
513	400	34	3
514	403	14	3
515	386	5	0
516	403	4	0
517	393	0	0
518	394	10	0
519	402	13	1
520	402	0	0
521	391	0	0
522	388	0	0
523	382	0	0
524	381	0	0
525	402	23	2
526	401	19	4
527	387	3	0
528	384	1	0
529	412	4	1
530	386	6	0
531	397	3	0
532	387	0	0
533	381	0	0
534	382	1	0
535	363	0	0
536	384	1	0
537	375	0	0
538	389	0	0
539	393	15	1
540	397	2	0
541	384	0	0
542	386	0	0
543	362	0	0
544	392	0	0
545	394	0	0
546	381	0	0
547	386	0	0
548	385	0	0
549	383	0	0
550	421	95	10
551	410	110	29
552	407	6	0
553	378	0	0
554	381	17	4
555	391	10	0
556	387	0	0
557	380	0	0
558	367	0	0
559	389	0	0
560	393	0	0
561	379	0	0
562	391	1	0
563	396	0	0
564	386	0	0
565	388	0	0
566	388	0	0
567	395	0	0
568	370	0	0
569	386	0	0
570	381	0	0
571	367	0	0
572	377	0	0
573	389	0	0
574	392	40	3
575	387	1	0
576	392	0	0
577	390	0	0
578	396	0	0
579	383	19	2
580	395	19	0
581	375	10	2
582	389	16	2
583	382	12	3
584	386	7	1
585	383	7	0
586	384	0	0
587	379	0	0
588	384	0	0
589	383	0	0
590	378	0	0
591	387	3	0
592	398	0	0
593	384	0	0
594	379	0	0
595	389	0	0
596	379	0	0
597	387	2	0
598	387	9	0
599	384	7	3
600	423	77	13
601	402	149	39
602	394	9	2
603	386	0	0
604	376	2	0
605	370	0	0
606	383	2	0
607	365	0	0
608	379	0	0
609	383	0	0
610	377	1	0
611	388	0	0
612	391	0	0
613	384	0	0
614	368	2	0
615	382	8	2
616	393	30	10
617	396	25	2
618	391	0	0
619	381	0	0
620	388	0	0
621	396	13	0
622	382	0	0
623	381	0	0
624	376	36	3
625	380	4	0
626	395	10	1
627	392	17	4
628	385	0	0
629	376	0	0
630	356	1	0
631	375	0	0
632	380	0	0
633	368	0	0
634	362	13	1
635	368	2	0
636	386	2	0
637	380	0	0
638	380	0	0
639	370	11	2
640	378	13	2
641	391	49	13
642	386	21	3
643	389	2	1
644	390	12	3
645	390	0	0
646	405	1	0
647	382	3	0
648	388	8	0
649	386	18	2
650	418	108	34
651	409	12	6
652	383	0	0
653	369	0	0
654	382	0	0
655	383	0	0
656	377	0	0
657	370	1	0
658	389	0	0
659	379	0	0
660	376	0	0
661	377	18	0
662	385	1	0
663	383	0	0
664	361	11	1
665	372	13	1
666	392	1	0
667	393	0	0
668	384	1	0
669	384	0	0
670	380	0	0
671	393	0	0
672	382	8	1
673	365	7	1
674	397	14	4
675	360	2	0
676	388	0	0
677	372	25	4
678	379	1	0
679	373	0	0
680	374	0	0
681	375	4	1
682	388	7	3
683	361	6	3
684	377	0	0
685	363	0	0
686	380	0	0
687	388	0	0
688	364	6	0
689	381	0	0
690	375	4	1
691	380	0	0
692	378	0	0
693	358	1	0
694	381	0	0
695	387	0	0
696	369	5	2
697	370	1	0
698	370	0	0
699	385	0	0
700	398	61	6
701	393	33	9
702	364	0	0
703	372	0	0
704	380	0	0
705	370	0	0
706	353	1	0
707	382	4	1
708	377	3	0
709	368	0	0
710	376	30	8
711	369	16	4
712	362	0	0
713	353	0	0
714	363	0	0
715	372	0	0
716	379	0	0
717	383	1	0
718	372	0	0
719	365	1	0
720	366	0	0
721	384	0	0
722	398	0	0
723	355	4	0
724	377	19	2
725	386	31	6
726	385	26	6
727	390	3	0
728	382	0	0
729	374	3	1
730	367	5	0
731	370	5	0
732	376	0	0
733	358	0	0
734	366	0	0
735	366	7	0
736	371	2	0
737	365	0	0
738	372	0	0
739	371	1	0
740	375	9	0
741	373	13	0
742	377	0	0
743	371	0	0
744	386	0	0
745	366	0	0
746	363	0	0
747	374	0	0
748	362	0	0
749	356	0	0
750	361	18	0
751	379	3	0
752	361	0	0
753	362	0	0
754	366	0	0
755	367	0	0
756	377	0	0
757	355	1	0
758	369	0	0
759	357	0	0
760	362	2	0
761	363	9	3
762	366	0	0
763	363	0	0
764	366	1	0
765	363	0	0
766	366	0	0
767	360	1	0
768	369	0	0
769	372	9	2
770	372	16	2
771	362	2	0
772	355	0	0
773	375	1	0
774	377	7	2
775	367	12	5
776	359	1	0
777	373	0	0
778	357	0	0
779	365	2	0
780	358	0	0
781	386	0	0
782	388	0	0
783	365	0	0
784	382	14	2
785	383	6	0
786	380	3	0
787	374	0	0
788	363	0	0
789	361	4	0
790	363	4	0
791	364	6	0
792	401	15	2
793	374	0	0
794	377	0	0
795	362	0	0
796	375	0	0
797	367	3	0
798	360	0	0
799	367	0	0
800	388	29	2
801	381	60	15
802	361	1	0
803	362	1	0
804	348	0	0
805	356	0	0
806	397	0	0
807	380	0	0
808	376	7	3
809	370	0	0
810	380	0	0
811	359	0	0
812	366	0	0
813	362	0	0
814	371	0	0
815	368	1	0
816	359	0	0
817	393	8	0
818	360	0	0
819	371	1	0
820	355	0	0
821	358	0	0
822	355	2	0
823	362	8	2
824	377	1	0
825	362	0	0
826	364	0	0
827	368	10	2
828	357	18	2
829	371	0	0
830	369	0	0
831	363	0	0
832	372	23	0
833	385	9	3
834	375	4	0
835	385	0	0
836	357	0	0
837	369	0	0
838	368	0	0
839	368	4	1
840	367	0	0
841	373	0	0
842	368	0	0
843	347	0	0
844	345	1	0
845	366	12	1
846	362	1	0
847	350	0	0
848	367	0	0
849	363	26	3
850	393	65	28
851	397	25	11
852	379	18	8
853	366	5	1
854	379	32	9
855	367	9	3
856	353	2	0
857	370	0	0
858	353	0	0
859	367	7	1
860	361	0	0
861	358	17	4
862	361	1	0
863	365	0	0
864	366	0	0
865	367	10	2
866	368	1	0
867	361	10	2
868	378	1	0
869	363	0	0
870	373	1	0
871	373	1	0
872	354	8	0
873	361	14	3
874	365	2	0
875	369	0	0
876	360	1	0
877	382	0	0
878	367	1	0
879	366	0	0
880	380	1	0
881	370	0	0
882	359	0	0
883	364	0	0
884	357	1	0
885	370	0	0
886	373	1	0
887	361	0	0
888	371	0	0
889	375	1	0
890	374	1	0
891	365	1	0
892	365	0	0
893	350	0	0
894	352	0	0
895	364	8	0
896	369	14	1
897	366	1	0
898	365	0	0
899	386	0	0
900	362	9	0
901	374	1	0
902	385	0	0
903	373	0	0
904	359	0	0
905	357	0	0
906	369	0	0
907	355	0	0
908	359	0	0
909	360	0	0
910	368	0	0
911	355	0	0
912	367	0	0
913	369	0	0
914	360	3	0
915	367	19	2
916	373	5	0
917	362	2	0
918	371	0	0
919	349	1	0
920	380	8	0
921	362	5	0
922	365	0	0
923	376	3	0
924	379	2	0
925	380	23	8
926	381	3	0
927	372	0	0
928	365	0	0
929	367	0	0
930	363	0	0
931	376	0	0
932	363	0	0
933	371	7	3
934	361	1	0
935	351	29	5
936	351	18	4
937	358	14	2
938	369	15	4
939	359	13	5
940	367	8	3
941	347	0	0
942	353	0	0
943	363	0	0
944	364	0	0
945	346	10	3
946	350	1	0
947	357	2	0
948	352	1	0
949	364	0	0
950	346	4	1
951	362	1	0
952	385	31	7
953	355	1	0
954	342	7	0
955	371	1	0
956	362	0	0
957	356	1	0
958	351	23	8
959	355	6	1
960	354	8	4
961	357	0	0
962	368	0	0
963	346	1	0
964	372	0	0
965	359	0	0
966	363	0	0
967	372	4	1
968	366	4	0
969	358	9	3
970	335	1	0
971	360	0	0
972	361	1	0
973	366	0	0
974	363	10	1
975	370	6	0
976	353	1	0
977	369	4	1
978	358	3	0
979	348	1	0
980	371	0	0
981	361	5	1
982	362	1	0
983	356	0	0
984	364	0	0
985	360	0	0
986	357	0	0
987	368	3	0
988	361	0	0
989	347	0	0
990	364	0	0
991	356	0	0
992	375	3	1
993	368	0	0
994	373	2	0
995	360	0	0
996	363	11	1
997	369	9	1
998	362	25	6
999	371	17	4
