0	500	0	0
1	485	0	0
2	468	0	0
3	454	0	0
4	460	0	0
5	463	0	0
6	461	0	0
7	465	0	0
8	463	0	0
9	463	0	0
10	463	0	0
11	461	0	0
12	465	0	0
13	466	0	0
14	475	0	0
15	470	0	0
16	464	0	0
17	466	0	0
18	465	0	0
19	462	0	0
20	462	0	0
21	456	0	0
22	456	0	0
23	455	0	0
24	461	0	0
25	464	0	0
26	466	0	0
27	464	0	0
28	461	0	0
29	455	0	0
30	464	0	0
31	461	0	0
32	460	0	0
33	458	0	0
34	460	0	0
35	458	0	0
36	460	0	0
37	456	0	0
38	462	0	0
39	466	0	0
40	472	0	0
41	477	0	0
42	460	0	0
43	464	0	0
44	460	0	0
45	466	0	0
46	475	0	0
47	474	0	0
48	463	0	0
49	470	0	0
50	448	1	0
51	471	57	0
52	465	0	0
53	462	0	0
54	456	0	0
55	456	0	0
56	456	0	0
57	464	0	0
58	464	0	0
59	465	0	0
60	470	0	0
61	468	0	0
62	466	0	0
63	468	0	0
64	467	0	0
65	457	0	0
66	464	0	0
67	476	0	0
68	462	0	0
69	466	0	0
70	463	0	0
71	457	0	0
72	466	0	0
73	466	0	0
74	465	0	0
75	466	0	0
76	460	0	0
77	458	0	0
78	455	0	0
79	454	0	0
80	467	0	0
81	457	0	0
82	465	0	0
83	471	0	0
84	467	0	0
85	469	0	0
86	466	0	0
87	455	0	0
88	470	0	0
89	468	0	0
90	467	0	0
91	467	0	0
92	462	0	0
93	463	0	0
94	481	0	0
95	471	0	0
96	470	0	0
97	470	0	0
98	470	0	0
99	464	0	0
100	455	3	0
101	472	0	0
102	474	0	0
103	464	0	0
104	460	0	0
105	459	0	0
106	452	0	0
107	450	0	0
108	461	0	0
109	462	0	0
110	461	0	0
111	457	0	0
112	464	0	0
113	456	0	0
114	449	0	0
115	450	0	0
116	461	0	0
117	452	0	0
118	452	0	0
119	466	0	0
120	462	0	0
121	460	0	0
122	455	0	0
123	454	0	0
124	455	0	0
125	457	0	0
126	466	0	0
127	462	0	0
128	462	0	0
129	464	0	0
130	461	0	0
131	455	0	0
132	467	0	0
133	461	0	0
134	457	0	0
135	455	0	0
136	460	0	0
137	459	0	0
138	460	0	0
139	460	0	0
140	461	0	0
141	461	0	0
142	456	0	0
143	459	0	0
144	454	0	0
145	454	0	0
146	455	0	0
147	464	0	0
148	459	0	0
149	456	0	0
150	456	1	0
151	487	1	0
152	465	0	0
153	457	0	0
154	456	0	0
155	445	0	0
156	451	0	0
157	446	0	0
158	447	0	0
159	454	0	0
160	462	0	0
161	457	0	0
162	454	0	0
163	457	0	0
164	452	0	0
165	448	0	0
166	441	0	0
167	459	0	0
168	460	0	0
169	458	0	0
170	447	0	0
171	461	0	0
172	460	0	0
173	465	0	0
174	470	0	0
175	461	0	0
176	446	0	0
177	449	0	0
178	445	0	0
179	454	0	0
180	459	0	0
181	457	0	0
182	445	0	0
183	462	0	0
184	466	0	0
185	467	0	0
186	450	0	0
187	460	0	0
188	458	0	0
189	448	0	0
190	450	0	0
191	460	0	0
192	446	0	0
193	453	0	0
194	449	0	0
195	455	0	0
196	451	0	0
197	444	0	0
198	449	0	0
199	459	0	0
200	453	1	0
201	474	3	0
202	462	0	0
203	447	0	0
204	454	0	0
205	444	0	0
206	447	0	0
207	447	0	0
208	450	0	0
209	451	0	0
210	441	0	0
211	446	0	0
212	461	0	0
213	457	0	0
214	445	0	0
215	450	0	0
216	435	0	0
217	436	0	0
218	446	0	0
219	444	0	0
220	451	0	0
221	451	0	0
222	450	0	0
223	453	0	0
224	453	0	0
225	458	0	0
226	449	0	0
227	449	0	0
228	458	0	0
229	461	0	0
230	457	0	0
231	461	0	0
232	461	0	0
233	465	0	0
234	450	0	0
235	437	0	0
236	453	0	0
237	460	0	0
238	458	0	0
239	458	0	0
240	444	0	0
241	445	0	0
242	461	0	0
243	461	0	0
244	453	0	0
245	443	0	0
246	439	0	0
247	449	0	0
248	454	0	0
249	453	0	0
250	448	3	0
251	471	1	0
252	453	0	0
253	427	0	0
254	449	0	0
255	453	0	0
256	446	0	0
257	438	0	0
258	449	0	0
259	447	0	0
260	455	0	0
261	450	0	0
262	439	0	0
263	430	0	0
264	446	0	0
265	447	0	0
266	435	0	0
267	440	0	0
268	431	0	0
269	440	0	0
270	441	0	0
271	440	0	0
272	433	0	0
273	434	0	0
274	432	0	0
275	442	0	0
276	450	0	0
277	447	0	0
278	422	0	0
279	439	0	0
280	436	0	0
281	438	0	0
282	437	0	0
283	430	0	0
284	445	0	0
285	425	0	0
286	439	0	0
287	445	0	0
288	440	0	0
289	446	0	0
290	439	0	0
291	441	0	0
292	447	0	0
293	443	0	0
294	444	0	0
295	434	0	0
296	438	0	0
297	436	0	0
298	438	0	0
299	451	0	0
300	448	0	0
301	476	1	0
302	448	0	0
303	439	0	0
304	436	0	0
305	436	0	0
306	435	0	0
307	430	0	0
308	445	0	0
309	445	0	0
310	444	0	0
311	437	0	0
312	441	0	0
313	449	0	0
314	444	0	0
315	450	0	0
316	445	0	0
317	437	0	0
318	443	0	0
319	444	0	0
320	441	0	0
321	445	0	0
322	448	0	0
323	446	0	0
324	430	0	0
325	436	0	0
326	427	0	0
327	429	0	0
328	451	0	0
329	448	0	0
330	454	0	0
331	453	0	0
332	444	0	0
333	439	0	0
334	431	0	0
335	432	0	0
336	444	0	0
337	438	0	0
338	439	0	0
339	440	0	0
340	443	0	0
341	438	0	0
342	437	0	0
343	432	0	0
344	441	0	0
345	424	0	0
346	441	0	0
347	438	0	0
348	437	0	0
349	436	0	0
350	453	0	0
351	478	7	0
352	452	0	0
353	439	0	0
354	420	0	0
355	436	0	0
356	422	0	0
357	438	0	0
358	443	0	0
359	433	0	0
360	447	0	0
361	433	0	0
362	435	0	0
363	441	0	0
364	436	0	0
365	427	0	0
366	430	0	0
367	429	0	0
368	441	0	0
369	434	0	0
370	437	0	0
371	432	0	0
372	447	0	0
373	442	0	0
374	434	0	0
375	446	0	0
376	440	0	0
377	447	0	0
378	440	0	0
379	419	0	0
380	435	0	0
381	438	0	0
382	440	0	0
383	445	0	0
384	425	0	0
385	430	0	0
386	424	0	0
387	443	0	0
388	441	0	0
389	443	0	0
390	419	0	0
391	439	0	0
392	425	0	0
393	432	0	0
394	426	0	0
395	420	0	0
396	429	0	0
397	438	0	0
398	421	0	0
399	422	0	0
400	453	109	0
401	470	15	0
402	432	0	0
403	439	0	0
404	446	0	0
405	432	0	0
406	434	0	0
407	420	0	0
408	430	0	0
409	431	0	0
410	425	0	0
411	425	0	0
412	411	0	0
413	419	0	0
414	416	0	0
415	422	0	0
416	429	0	0
417	433	0	0
418	425	0	0
419	420	0	0
420	422	0	0
421	432	0	0
422	425	0	0
423	427	0	0
424	442	0	0
425	433	0	0
426	436	0	0
427	440	0	0
428	440	0	0
429	424	0	0
430	422	0	0
431	420	0	0
432	432	0	0
433	432	0	0
434	424	0	0
435	437	0	0
436	421	0	0
437	420	0	0
438	424	0	0
439	420	0	0
440	410	0	0
441	435	0	0
442	418	0	0
443	409	0	0
444	410	0	0
445	397	0	0
446	422	0	0
447	429	0	0
448	427	0	0
449	441	0	0
450	417	0	0
451	450	1	0
452	423	0	0
453	416	0	0
454	421	0	0
455	427	0	0
456	401	0	0
457	388	0	0
458	401	0	0
459	408	0	0
460	426	0	0
461	425	0	0
462	418	0	0
463	419	0	0
464	415	0	0
465	407	0	0
466	425	0	0
467	391	0	0
468	396	0	0
469	403	0	0
470	421	0	0
471	426	0	0
472	435	0	0
473	432	0	0
474	412	0	0
475	389	0	0
476	415	0	0
477	400	0	0
478	419	0	0
479	393	0	0
480	412	0	0
481	425	0	0
482	426	0	0
483	427	0	0
484	433	0	0
485	419	0	0
486	433	0	0
487	424	0	0
488	391	0	0
489	417	0	0
490	412	0	0
491	424	0	0
492	405	0	0
493	399	0	0
494	412	0	0
495	422	0	0
496	422	0	0
497	423	0	0
498	398	0	0
499	416	0	0
500	409	0	0
501	451	1	0
502	418	0	0
503	414	0	0
504	409	0	0
505	389	0	0
506	387	0	0
507	408	0	0
508	407	0	0
509	399	0	0
510	400	0	0
511	410	0	0
512	408	0	0
513	426	0	0
514	406	10	0
515	404	7	0
516	412	0	0
517	407	0	0
518	406	0	0
519	416	0	0
520	389	0	0
521	413	0	0
522	395	0	0
523	403	0	0
524	385	0	0
525	410	0	0
526	403	0	0
527	406	0	0
528	417	0	0
529	416	0	0
530	405	31	0
531	423	14	2
532	406	1	0
533	403	0	0
534	408	0	0
535	401	6	0
536	397	4	0
537	407	1	0
538	419	0	0
539	383	0	0
540	400	0	0
541	400	0	0
542	406	0	0
543	403	0	0
544	423	0	0
545	409	0	0
546	404	0	0
547	406	0	0
548	421	0	0
549	390	0	0
550	383	0	0
551	419	4	0
552	413	0	0
553	423	0	0
554	387	0	0
555	406	0	0
556	386	0	0
557	398	0	0
558	398	0	0
559	402	4	0
560	392	0	0
561	392	0	0
562	385	0	0
563	407	0	0
564	400	0	0
565	380	0	0
566	400	0	0
567	405	0	0
568	379	0	0
569	378	0	0
570	383	0	0
571	395	0	0
572	395	0	0
573	395	0	0
574	391	0	0
575	397	0	0
576	413	0	0
577	403	0	0
578	387	0	0
579	401	0	0
580	398	0	0
581	389	0	0
582	403	0	0
583	392	0	0
584	391	0	0
585	407	0	0
586	380	0	0
587	383	0	0
588	387	0	0
589	405	0	0
590	402	0	0
591	390	0	0
592	404	0	0
593	382	0	0
594	384	0	0
595	395	0	0
596	385	0	0
597	393	0	0
598	398	0	0
599	401	0	0
600	424	110	0
601	439	1	0
602	408	0	0
603	392	0	0
604	398	0	0
605	375	0	0
606	379	0	0
607	374	0	0
608	374	0	0
609	390	0	0
610	384	0	0
611	399	0	0
612	384	0	0
613	381	0	0
614	401	0	0
615	390	0	0
616	378	1	0
617	380	0	0
618	375	0	0
619	387	0	0
620	379	0	0
621	374	0	0
622	370	0	0
623	385	0	0
624	377	0	0
625	396	0	0
626	389	0	0
627	380	0	0
628	382	0	0
629	367	0	0
630	385	0	0
631	407	0	0
632	388	1	0
633	402	23	0
634	405	2	0
635	382	0	0
636	401	0	0
637	386	0	0
638	403	0	0
639	395	0	0
640	398	0	0
641	390	0	0
642	379	0	0
643	404	0	0
644	400	0	0
645	375	0	0
646	384	0	0
647	391	0	0
648	383	0	0
649	388	0	0
650	392	53	1
651	413	6	0
652	373	2	1
653	390	0	0
654	382	0	0
655	366	0	0
656	364	0	0
657	396	0	0
658	391	0	0
659	394	0	0
660	382	0	0
661	378	0	0
662	379	0	0
663	386	0	0
664	360	0	0
665	379	0	0
666	361	0	0
667	372	0	0
668	385	0	0
669	400	0	0
670	375	0	0
671	388	0	0
672	381	2	0
673	375	5	0
674	393	3	0
675	383	0	0
676	372	0	0
677	387	6	0
678	389	0	0
679	381	0	0
680	378	0	0
681	386	0	0
682	386	0	0
683	392	3	0
684	383	2	0
685	405	0	0
686	382	0	0
687	379	0	0
688	390	0	0
689	395	0	0
690	378	0	0
691	384	0	0
692	390	0	0
693	399	0	0
694	383	0	0
695	385	0	0
696	380	0	0
697	374	0	0
698	392	0	0
699	377	0	0
700	378	27	0
701	407	2	0
702	374	0	0
703	373	0	0
704	382	0	0
705	369	0	0
706	379	0	0
707	379	2	0
708	386	8	0
709	370	0	0
710	387	0	0
711	381	0	0
712	379	0	0
713	364	0	0
714	383	0	0
715	373	0	0
716	375	0	0
717	374	0	0
718	383	0	0
719	363	0	0
720	373	0	0
721	360	0	0
722	375	0	0
723	368	0	0
724	382	0	0
725	369	0	0
726	381	0	0
727	382	0	0
728	378	1	0
729	370	0	0
730	380	0	0
731	368	3	0
732	367	0	0
733	378	0	0
734	374	0	0
735	385	0	0
736	388	0	0
737	378	1	0
738	380	0	0
739	391	0	0
740	381	0	0
741	388	0	0
742	378	0	0
743	379	0	0
744	380	0	0
745	376	0	0
746	381	6	1
747	377	0	0
748	370	0	0
749	371	0	0
750	382	11	0
751	400	22	0
752	376	0	0
753	385	0	0
754	364	2	0
755	366	0	0
756	380	4	1
757	368	0	0
758	373	0	0
759	370	0	0
760	369	0	0
761	384	0	0
762	381	0	0
763	380	0	0
764	366	0	0
765	376	3	0
766	373	0	0
767	364	0	0
768	369	0	0
769	354	0	0
770	370	0	0
771	381	0	0
772	371	0	0
773	388	0	0
774	376	0	0
775	381	0	0
776	371	0	0
777	371	0	0
778	378	0	0
779	367	0	0
780	368	0	0
781	380	0	0
782	372	0	0
783	378	13	1
784	379	5	0
785	373	1	0
786	377	0	0
787	379	0	0
788	376	0	0
789	357	0	0
790	363	0	0
791	363	0	0
792	372	0	0
793	359	0	0
794	362	0	0
795	364	0	0
796	374	0	0
797	381	0	0
798	379	6	0
799	378	0	0
800	394	55	0
801	409	95	15
802	388	5	0
803	367	0	0
804	357	0	0
805	366	0	0
806	362	1	0
807	369	0	0
808	379	0	0
809	378	0	0
810	370	0	0
811	364	0	0
812	383	0	0
813	368	0	0
814	360	0	0
815	359	0	0
816	376	0	0
817	394	0	0
818	356	0	0
819	372	0	0
820	380	0	0
821	383	0	0
822	375	0	0
823	365	0	0
824	382	0	0
825	383	0	0
826	372	0	0
827	374	0	0
828	376	0	0
829	372	0	0
830	363	0	0
831	376	0	0
832	367	0	0
833	372	1	0
834	367	0	0
835	377	0	0
836	375	0	0
837	350	0	0
838	373	0	0
839	381	0	0
840	379	0	0
841	387	0	0
842	373	1	0
843	379	0	0
844	375	0	0
845	368	3	0
846	375	0	0
847	370	0	0
848	378	0	0
849	384	0	0
850	387	44	3
851	398	2	0
852	388	0	0
853	382	3	0
854	369	0	0
855	359	0	0
856	367	0	0
857	357	0	0
858	359	0	0
859	363	0	0
860	373	0	0
861	366	0	0
862	373	0	0
863	370	0	0
864	371	0	0
865	383	0	0
866	386	1	0
867	361	0	0
868	372	18	5
869	372	14	2
870	390	1	0
871	367	0	0
872	386	0	0
873	364	0	0
874	370	0	0
875	356	0	0
876	374	0	0
877	373	0	0
878	369	0	0
879	371	1	0
880	360	0	0
881	368	0	0
882	373	0	0
883	372	2	0
884	380	1	0
885	380	0	0
886	375	0	0
887	380	0	0
888	376	0	0
889	363	0	0
890	371	2	0
891	371	5	1
892	368	0	0
893	357	0	0
894	371	0	0
895	363	0	0
896	368	0	0
897	376	0	0
898	371	0	0
899	379	0	0
900	375	19	1
901	388	14	2
902	379	7	3
903	377	5	2
904	371	0	0
905	372	0	0
906	375	0	0
907	393	0	0
908	378	2	0
909	380	0	0
910	386	0	0
911	372	0	0
912	369	0	0
913	372	0	0
914	379	0	0
915	375	0	0
916	388	0	0
917	372	2	0
918	371	2	0
919	375	0	0
920	381	0	0
921	377	4	0
922	368	0	0
923	376	0	0
924	385	1	0
925	386	0	0
926	373	0	0
927	367	0	0
928	376	0	0
929	371	0	0
930	364	0	0
931	365	1	0
932	370	0	0
933	367	0	0
934	351	0	0
935	365	4	0
936	361	0	0
937	379	0	0
938	375	0	0
939	376	0	0
940	373	0	0
941	376	0	0
942	381	0	0
943	381	4	0
944	376	1	0
945	379	0	0
946	373	0	0
947	365	7	0
948	375	1	0
949	360	0	0
950	371	18	2
951	370	5	0
952	360	2	0
953	384	1	0
954	369	0	0
955	361	4	0
956	377	0	0
957	382	0	0
958	359	0	0
959	371	0	0
960	364	0	0
961	375	0	0
962	372	0	0
963	360	1	0
964	369	0	0
965	379	0	0
966	360	0	0
967	350	0	0
968	352	0	0
969	372	0	0
970	371	0	0
971	368	0	0
972	365	0	0
973	370	0	0
974	372	0	0
975	374	0	0
976	386	6	2
977	379	0	0
978	348	0	0
979	357	8	0
980	365	1	0
981	371	0	0
982	369	0	0
983	381	0	0
984	365	0	0
985	373	1	0
986	370	2	0
987	369	0	0
988	374	0	0
989	363	0	0
990	381	0	0
991	372	0	0
992	378	0	0
993	363	0	0
994	368	2	0
995	376	0	0
996	354	6	0
997	373	2	0
998	368	0	0
999	370	0	0
