0	500	0	0
1	499	0	0
2	479	0	0
3	480	0	0
4	476	0	0
5	482	0	0
6	478	0	0
7	460	0	0
8	468	0	0
9	471	0	0
10	466	0	0
11	468	0	0
12	475	0	0
13	461	0	0
14	466	0	0
15	472	0	0
16	465	0	0
17	467	0	0
18	471	0	0
19	453	0	0
20	462	0	0
21	467	0	0
22	469	0	0
23	456	0	0
24	462	0	0
25	461	0	0
26	464	0	0
27	465	0	0
28	462	0	0
29	460	0	0
30	455	0	0
31	463	0	0
32	463	0	0
33	457	0	0
34	453	0	0
35	457	0	0
36	468	0	0
37	459	0	0
38	452	0	0
39	453	0	0
40	467	0	0
41	466	0	0
42	452	0	0
43	465	0	0
44	466	0	0
45	465	0	0
46	467	0	0
47	463	0	0
48	460	0	0
49	462	0	0
50	465	2	0
51	481	6	0
52	476	0	0
53	456	0	0
54	457	0	0
55	456	0	0
56	448	0	0
57	447	0	0
58	445	0	0
59	459	0	0
60	457	0	0
61	444	0	0
62	449	0	0
63	446	0	0
64	455	0	0
65	461	0	0
66	461	0	0
67	445	0	0
68	461	0	0
69	458	0	0
70	449	0	0
71	445	0	0
72	453	0	0
73	458	0	0
74	461	0	0
75	448	0	0
76	452	0	0
77	455	0	0
78	452	0	0
79	457	0	0
80	450	0	0
81	451	0	0
82	456	0	0
83	453	0	0
84	449	0	0
85	437	0	0
86	444	0	0
87	447	0	0
88	449	0	0
89	452	0	0
90	451	0	0
91	458	0	0
92	452	0	0
93	450	0	0
94	444	0	0
95	446	0	0
96	446	0	0
97	446	0	0
98	452	0	0
99	460	0	0
100	458	0	0
101	473	0	0
102	458	0	0
103	455	0	0
104	446	0	0
105	448	0	0
106	446	0	0
107	450	0	0
108	454	0	0
109	457	0	0
110	456	0	0
111	444	0	0
112	452	0	0
113	458	0	0
114	457	0	0
115	454	0	0
116	445	0	0
117	457	0	0
118	452	0	0
119	444	0	0
120	447	0	0
121	448	0	0
122	445	0	0
123	447	0	0
124	459	0	0
125	455	0	0
126	450	0	0
127	435	0	0
128	438	0	0
129	444	0	0
130	439	0	0
131	441	0	0
132	443	0	0
133	437	0	0
134	437	0	0
135	450	0	0
136	438	0	0
137	436	0	0
138	434	0	0
139	436	0	0
140	436	0	0
141	457	0	0
142	446	0	0
143	448	0	0
144	443	0	0
145	447	0	0
146	440	0	0
147	450	0	0
148	441	0	0
149	435	0	0
150	445	0	0
151	468	0	0
152	453	0	0
153	444	0	0
154	438	0	0
155	426	0	0
156	436	0	0
157	451	0	0
158	446	0	0
159	450	0	0
160	448	0	0
161	440	0	0
162	452	0	0
163	441	0	0
164	443	0	0
165	444	0	0
166	440	0	0
167	431	0	0
168	453	0	0
169	445	0	0
170	443	0	0
171	439	0	0
172	444	0	0
173	452	0	0
174	452	0	0
175	452	0	0
176	463	0	0
177	453	0	0
178	445	0	0
179	434	0	0
180	448	0	0
181	447	0	0
182	446	0	0
183	435	0	0
184	445	0	0
185	438	0	0
186	437	0	0
187	441	0	0
188	449	0	0
189	448	0	0
190	441	0	0
191	435	0	0
192	441	0	0
193	448	0	0
194	436	0	0
195	445	0	0
196	439	0	0
197	433	0	0
198	446	0	0
199	447	0	0
200	433	0	0
201	448	0	0
202	444	0	0
203	433	0	0
204	443	0	0
205	449	0	0
206	451	0	0
207	456	0	0
208	444	0	0
209	450	0	0
210	454	0	0
211	452	0	0
212	440	0	0
213	456	0	0
214	439	0	0
215	456	0	0
216	454	0	0
217	460	0	0
218	454	0	0
219	449	0	0
220	450	0	0
221	452	0	0
222	446	0	0
223	439	0	0
224	442	0	0
225	434	0	0
226	448	0	0
227	442	0	0
228	441	0	0
229	449	0	0
230	450	0	0
231	451	0	0
232	441	0	0
233	437	0	0
234	446	0	0
235	448	0	0
236	451	0	0
237	452	0	0
238	449	0	0
239	440	0	0
240	447	0	0
241	439	0	0
242	430	0	0
243	434	0	0
244	454	0	0
245	451	0	0
246	446	0	0
247	445	0	0
248	439	0	0
249	450	0	0
250	450	0	0
251	473	0	0
252	454	0	0
253	439	0	0
254	448	0	0
255	437	0	0
256	436	0	0
257	445	0	0
258	441	0	0
259	430	0	0
260	443	0	0
261	453	0	0
262	450	0	0
263	435	0	0
264	430	0	0
265	430	0	0
266	441	0	0
267	439	0	0
268	431	0	0
269	424	0	0
270	426	0	0
271	440	0	0
272	449	0	0
273	432	0	0
274	445	0	0
275	442	0	0
276	438	0	0
277	440	0	0
278	459	0	0
279	458	0	0
280	453	0	0
281	445	0	0
282	438	0	0
283	453	0	0
284	430	0	0
285	443	0	0
286	439	0	0
287	429	0	0
288	435	0	0
289	442	0	0
290	453	0	0
291	434	0	0
292	447	0	0
293	454	0	0
294	448	0	0
295	448	0	0
296	443	0	0
297	453	0	0
298	458	0	0
299	457	0	0
300	443	0	0
301	442	0	0
302	443	0	0
303	444	0	0
304	440	0	0
305	441	0	0
306	440	0	0
307	437	0	0
308	444	0	0
309	444	0	0
310	437	0	0
311	440	0	0
312	447	0	0
313	441	0	0
314	438	0	0
315	436	0	0
316	446	0	0
317	457	0	0
318	442	0	0
319	447	0	0
320	447	0	0
321	447	0	0
322	449	0	0
323	437	0	0
324	442	0	0
325	444	0	0
326	437	0	0
327	442	0	0
328	438	0	0
329	435	0	0
330	440	0	0
331	445	0	0
332	446	0	0
333	443	0	0
334	441	0	0
335	438	0	0
336	437	0	0
337	431	0	0
338	446	0	0
339	432	0	0
340	439	0	0
341	443	0	0
342	446	0	0
343	445	0	0
344	436	0	0
345	437	0	0
346	445	0	0
347	429	0	0
348	429	0	0
349	434	0	0
350	441	4	0
351	474	7	0
352	457	0	0
353	444	0	0
354	442	0	0
355	437	0	0
356	435	0	0
357	437	0	0
358	433	0	0
359	437	0	0
360	416	0	0
361	420	0	0
362	432	0	0
363	435	0	0
364	431	0	0
365	431	0	0
366	431	0	0
367	427	0	0
368	433	0	0
369	437	0	0
370	422	0	0
371	434	0	0
372	437	0	0
373	434	0	0
374	436	0	0
375	436	0	0
376	444	0	0
377	461	0	0
378	446	0	0
379	438	0	0
380	440	0	0
381	427	0	0
382	437	0	0
383	431	0	0
384	441	0	0
385	433	0	0
386	433	0	0
387	428	0	0
388	437	0	0
389	446	0	0
390	455	0	0
391	454	0	0
392	422	0	0
393	430	0	0
394	423	0	0
395	436	0	0
396	437	0	0
397	436	0	0
398	443	0	0
399	423	0	0
400	441	0	0
401	453	0	0
402	438	0	0
403	443	0	0
404	440	0	0
405	441	0	0
406	440	0	0
407	436	0	0
408	434	0	0
409	424	0	0
410	429	0	0
411	428	0	0
412	438	0	0
413	439	0	0
414	439	0	0
415	433	0	0
416	434	0	0
417	433	0	0
418	443	0	0
419	437	0	0
420	442	0	0
421	438	0	0
422	436	0	0
423	440	0	0
424	438	0	0
425	423	0	0
426	444	0	0
427	439	0	0
428	445	0	0
429	446	0	0
430	440	0	0
431	441	0	0
432	433	0	0
433	434	0	0
434	426	0	0
435	431	0	0
436	433	0	0
437	432	0	0
438	445	0	0
439	438	0	0
440	444	0	0
441	436	0	0
442	444	0	0
443	442	0	0
444	426	0	0
445	429	0	0
446	433	0	0
447	442	0	0
448	438	0	0
449	444	0	0
450	445	0	0
451	446	0	0
452	436	0	0
453	440	0	0
454	443	0	0
455	429	0	0
456	429	0	0
457	429	0	0
458	438	0	0
459	441	0	0
460	446	0	0
461	443	0	0
462	423	0	0
463	436	0	0
464	443	0	0
465	434	0	0
466	428	0	0
467	429	0	0
468	439	0	0
469	421	0	0
470	442	0	0
471	424	0	0
472	420	0	0
473	425	0	0
474	422	0	0
475	439	0	0
476	436	0	0
477	441	0	0
478	437	0	0
479	433	0	0
480	437	0	0
481	437	0	0
482	439	0	0
483	425	0	0
484	432	0	0
485	433	0	0
486	444	0	0
487	443	0	0
488	435	0	0
489	429	0	0
490	431	0	0
491	426	0	0
492	422	0	0
493	435	0	0
494	434	0	0
495	431	0	0
496	429	0	0
497	430	0	0
498	432	0	0
499	434	0	0
500	447	0	0
501	427	0	0
502	435	0	0
503	438	0	0
504	440	0	0
505	426	0	0
506	417	0	0
507	414	0	0
508	432	0	0
509	431	0	0
510	436	0	0
511	422	0	0
512	433	0	0
513	442	0	0
514	432	0	0
515	437	0	0
516	423	0	0
517	429	0	0
518	429	0	0
519	425	0	0
520	422	0	0
521	436	0	0
522	435	0	0
523	432	0	0
524	425	0	0
525	429	0	0
526	438	0	0
527	442	0	0
528	437	0	0
529	448	0	0
530	438	0	0
531	441	0	0
532	441	0	0
533	448	0	0
534	447	0	0
535	437	0	0
536	439	0	0
537	446	0	0
538	438	0	0
539	442	0	0
540	445	0	0
541	445	0	0
542	448	0	0
543	451	0	0
544	445	0	0
545	435	0	0
546	438	0	0
547	438	0	0
548	442	0	0
549	449	0	0
550	440	0	0
551	462	0	0
552	458	0	0
553	433	0	0
554	437	0	0
555	440	0	0
556	437	0	0
557	443	0	0
558	438	0	0
559	446	0	0
560	441	0	0
561	446	0	0
562	431	0	0
563	432	0	0
564	430	0	0
565	440	0	0
566	431	0	0
567	440	0	0
568	433	0	0
569	447	0	0
570	445	0	0
571	446	0	0
572	440	0	0
573	437	0	0
574	438	0	0
575	423	0	0
576	440	0	0
577	427	0	0
578	437	0	0
579	441	0	0
580	442	0	0
581	441	0	0
582	451	0	0
583	446	0	0
584	435	0	0
585	442	0	0
586	434	0	0
587	442	0	0
588	449	0	0
589	442	0	0
590	446	0	0
591	441	0	0
592	434	0	0
593	441	0	0
594	425	0	0
595	433	0	0
596	444	0	0
597	431	0	0
598	438	0	0
599	432	0	0
600	445	0	0
601	443	0	0
602	449	0	0
603	435	0	0
604	429	0	0
605	434	0	0
606	422	0	0
607	422	0	0
608	420	0	0
609	436	0	0
610	433	0	0
611	429	0	0
612	441	0	0
613	432	0	0
614	430	0	0
615	435	0	0
616	419	0	0
617	433	0	0
618	440	0	0
619	442	0	0
620	426	0	0
621	432	0	0
622	430	0	0
623	442	0	0
624	447	0	0
625	441	0	0
626	436	0	0
627	438	0	0
628	436	0	0
629	435	0	0
630	427	0	0
631	437	0	0
632	430	0	0
633	427	0	0
634	439	0	0
635	442	0	0
636	430	0	0
637	439	0	0
638	420	0	0
639	437	0	0
640	431	0	0
641	447	0	0
642	437	0	0
643	436	0	0
644	445	0	0
645	441	0	0
646	431	0	0
647	447	0	0
648	457	0	0
649	460	0	0
650	444	0	0
651	465	0	0
652	439	0	0
653	420	0	0
654	416	0	0
655	432	0	0
656	427	0	0
657	427	0	0
658	438	0	0
659	435	0	0
660	438	0	0
661	441	0	0
662	432	0	0
663	425	0	0
664	425	0	0
665	436	0	0
666	425	0	0
667	436	0	0
668	423	0	0
669	441	0	0
670	430	0	0
671	434	0	0
672	435	0	0
673	432	0	0
674	436	0	0
675	437	0	0
676	436	0	0
677	437	0	0
678	442	0	0
679	444	0	0
680	452	0	0
681	434	0	0
682	439	0	0
683	442	0	0
684	445	0	0
685	444	0	0
686	458	0	0
687	454	0	0
688	443	0	0
689	434	0	0
690	431	0	0
691	435	0	0
692	433	0	0
693	440	0	0
694	445	0	0
695	443	0	0
696	433	0	0
697	431	0	0
698	432	0	0
699	440	0	0
700	438	0	0
701	435	0	0
702	439	0	0
703	429	0	0
704	442	0	0
705	431	0	0
706	446	0	0
707	446	0	0
708	448	0	0
709	435	0	0
710	443	0	0
711	434	0	0
712	432	0	0
713	431	0	0
714	436	0	0
715	439	0	0
716	450	0	0
717	442	0	0
718	444	0	0
719	440	0	0
720	429	0	0
721	428	0	0
722	436	0	0
723	424	0	0
724	427	0	0
725	430	0	0
726	432	0	0
727	440	0	0
728	438	0	0
729	442	0	0
730	434	0	0
731	436	0	0
732	433	0	0
733	437	0	0
734	443	0	0
735	442	0	0
736	439	0	0
737	432	0	0
738	441	0	0
739	452	0	0
740	452	0	0
741	446	0	0
742	441	0	0
743	447	0	0
744	442	0	0
745	442	0	0
746	453	0	0
747	442	0	0
748	442	0	0
749	440	0	0
750	436	0	0
751	450	0	0
752	449	0	0
753	443	0	0
754	446	0	0
755	435	0	0
756	445	0	0
757	444	0	0
758	437	0	0
759	426	0	0
760	429	0	0
761	427	0	0
762	442	0	0
763	432	0	0
764	436	0	0
765	442	0	0
766	451	0	0
767	445	0	0
768	444	0	0
769	453	0	0
770	440	0	0
771	448	0	0
772	430	0	0
773	438	0	0
774	445	0	0
775	439	0	0
776	433	0	0
777	447	0	0
778	446	0	0
779	450	0	0
780	446	0	0
781	451	0	0
782	451	0	0
783	448	0	0
784	444	0	0
785	432	0	0
786	440	0	0
787	434	0	0
788	441	0	0
789	449	0	0
790	442	0	0
791	447	0	0
792	451	0	0
793	440	0	0
794	428	0	0
795	432	0	0
796	436	0	0
797	441	0	0
798	429	0	0
799	434	0	0
800	438	0	0
801	446	0	0
802	436	0	0
803	442	0	0
804	442	0	0
805	435	0	0
806	434	0	0
807	449	0	0
808	441	0	0
809	435	0	0
810	448	0	0
811	438	0	0
812	436	0	0
813	436	0	0
814	454	0	0
815	443	0	0
816	441	0	0
817	436	0	0
818	429	0	0
819	444	0	0
820	446	0	0
821	434	0	0
822	437	0	0
823	437	0	0
824	440	0	0
825	445	0	0
826	437	0	0
827	442	0	0
828	449	0	0
829	443	0	0
830	452	0	0
831	450	0	0
832	434	0	0
833	439	0	0
834	440	0	0
835	441	0	0
836	448	0	0
837	447	0	0
838	452	0	0
839	450	0	0
840	433	0	0
841	443	0	0
842	424	0	0
843	435	0	0
844	429	0	0
845	440	0	0
846	438	0	0
847	438	0	0
848	437	0	0
849	450	0	0
850	426	0	0
851	461	0	0
852	446	0	0
853	429	0	0
854	425	0	0
855	429	0	0
856	445	0	0
857	437	0	0
858	429	0	0
859	439	0	0
860	424	0	0
861	433	0	0
862	435	0	0
863	437	0	0
864	423	0	0
865	436	0	0
866	442	0	0
867	441	0	0
868	446	0	0
869	451	0	0
870	444	0	0
871	446	0	0
872	434	0	0
873	429	0	0
874	431	0	0
875	434	0	0
876	438	0	0
877	431	0	0
878	444	0	0
879	444	0	0
880	426	0	0
881	442	0	0
882	442	0	0
883	436	0	0
884	455	0	0
885	437	0	0
886	428	0	0
887	429	0	0
888	433	0	0
889	439	0	0
890	445	0	0
891	443	0	0
892	434	0	0
893	429	0	0
894	437	0	0
895	430	0	0
896	442	0	0
897	448	0	0
898	444	0	0
899	429	0	0
900	419	20	0
901	461	4	0
902	451	0	0
903	431	0	0
904	432	0	0
905	432	0	0
906	431	0	0
907	428	0	0
908	433	0	0
909	423	0	0
910	432	0	0
911	417	0	0
912	421	0	0
913	435	0	0
914	441	0	0
915	435	0	0
916	432	0	0
917	431	0	0
918	435	0	0
919	437	0	0
920	435	0	0
921	438	0	0
922	438	0	0
923	447	0	0
924	442	0	0
925	437	0	0
926	437	0	0
927	425	0	0
928	434	0	0
929	434	0	0
930	420	0	0
931	427	0	0
932	429	0	0
933	430	0	0
934	425	0	0
935	429	0	0
936	426	0	0
937	426	0	0
938	429	0	0
939	450	0	0
940	429	0	0
941	440	0	0
942	431	0	0
943	433	0	0
944	420	0	0
945	429	0	0
946	435	0	0
947	429	0	0
948	423	0	0
949	439	0	0
950	426	12	0
951	461	1	0
952	436	0	0
953	430	0	0
954	436	0	0
955	426	0	0
956	422	0	0
957	425	0	0
958	418	0	0
959	432	0	0
960	427	0	0
961	438	0	0
962	424	0	0
963	436	0	0
964	420	0	0
965	437	0	0
966	444	0	0
967	431	0	0
968	421	0	0
969	423	0	0
970	421	0	0
971	424	0	0
972	429	0	0
973	424	0	0
974	432	0	0
975	428	0	0
976	423	0	0
977	418	0	0
978	428	0	0
979	428	0	0
980	425	0	0
981	428	0	0
982	428	0	0
983	436	0	0
984	438	0	0
985	438	0	0
986	429	0	0
987	429	0	0
988	430	0	0
989	435	0	0
990	437	0	0
991	442	0	0
992	437	0	0
993	431	0	0
994	437	0	0
995	422	0	0
996	443	0	0
997	422	0	0
998	431	0	0
999	430	0	0
